bldg_id,timestamp,electricity.total,electrictiy.heating,electricity.secondary_heating,electricity.cooling,natural_gas.total,natural_gas.heating
274835,2025-01-01T00:00:00.000000000,3.135,2.877,0.0,0.0,0.0,0.0
274835,2025-01-01T01:00:00.000000000,4.218,3.875,0.0,0.0,0.3253088878911667,0.0
274835,2025-01-01T02:00:00.000000000,4.267,3.9229999999999996,0.0,0.0,0.3253088878911667,0.0
274835,2025-01-01T03:00:00.000000000,4.417,4.07,0.0,0.0,0.32530888789116663,0.0
274835,2025-01-01T04:00:00.000000000,4.535,4.185,0.0,0.0,0.0,0.0
274835,2025-01-01T05:00:00.000000000,4.622,4.276,0.0,0.0,0.3253088878911667,0.0
274835,2025-01-01T06:00:00.000000000,4.696999999999999,4.349,0.0,0.0,0.3253088878911667,0.0
274835,2025-01-01T07:00:00.000000000,4.682,4.332,0.0,0.0,0.3253088878911667,0.0
274835,2025-01-01T08:00:00.000000000,4.402,4.058,0.0,0.0,0.0,0.0
274835,2025-01-01T09:00:00.000000000,3.5820000000000003,3.064,0.0,0.0,1.429307609229928,0.0
274835,2025-01-01T10:00:00.000000000,2.44,2.158,0.0,0.0,0.32501581682099445,0.0
274835,2025-01-01T11:00:00.000000000,2.387,1.7240000000000002,0.0,0.0,0.32501581682099445,0.0
274835,2025-01-01T12:00:00.000000000,2.243,1.5870000000000002,0.0,0.0,0.32501581682099445,0.0
274835,2025-01-01T13:00:00.000000000,2.1510000000000002,1.787,0.0,0.0,0.32501581682099445,0.0
274835,2025-01-01T14:00:00.000000000,2.3259999999999996,2.053,0.0,0.0,0.7883611787632778,0.0
274835,2025-01-01T15:00:00.000000000,2.648,2.1460000000000004,0.0,0.0,0.33673865962788335,0.0
274835,2025-01-01T16:00:00.000000000,3.129,2.2720000000000002,0.0,0.0,1.4559770766156,0.0
274835,2025-01-01T17:00:00.000000000,4.117,3.0860000000000003,0.0,0.0,0.32501581682099445,0.0
274835,2025-01-01T18:00:00.000000000,3.8770000000000007,3.347,0.0,0.0,0.32501581682099445,0.0
274835,2025-01-01T19:00:00.000000000,3.9689999999999994,3.614,0.0,0.0,0.3493407156452889,0.0
274835,2025-01-01T20:00:00.000000000,4.106,3.733,0.0,0.0,0.33703173069805553,0.0
274835,2025-01-01T21:00:00.000000000,4.147,3.7649999999999997,0.0,0.0,0.6728911771154222,0.0
274835,2025-01-01T22:00:00.000000000,4.337,3.73,0.0,0.0,0.32501581682099445,0.0
274835,2025-01-01T23:00:00.000000000,4.082,3.72,0.0,0.0,0.32501581682099445,0.0
274835,2025-01-02T00:00:00.000000000,4.11,3.764,0.0,0.0,0.0,0.0
274835,2025-01-02T01:00:00.000000000,4.189,3.843,0.0,0.0,0.32501581682099445,0.0
274835,2025-01-02T02:00:00.000000000,4.194,3.847,0.0,0.0,0.32501581682099445,0.0
274835,2025-01-02T03:00:00.000000000,4.162999999999999,3.8189999999999995,0.0,0.0,0.32501581682099445,0.0
274835,2025-01-02T04:00:00.000000000,4.17,3.787,0.0,0.0,0.0,0.0
274835,2025-01-02T05:00:00.000000000,4.1979999999999995,3.753,0.0,0.0,0.32501581682099445,0.0
274835,2025-01-02T06:00:00.000000000,3.883,3.222,0.0,0.0,3.11505240486055,0.0
274835,2025-01-02T07:00:00.000000000,3.505,2.6900000000000004,0.0,0.0,4.848860855999416,0.0
274835,2025-01-02T08:00:00.000000000,3.53,2.717,0.0,0.0,3.5789839089431776,0.0
274835,2025-01-02T09:00:00.000000000,3.8909999999999996,3.164,0.0,0.0,0.6746496035364555,0.0
274835,2025-01-02T10:00:00.000000000,3.6739999999999995,2.9610000000000003,0.0,0.0,0.32501581682099445,0.0
274835,2025-01-02T11:00:00.000000000,3.46,2.763,0.0,0.0,0.32501581682099445,0.0
274835,2025-01-02T12:00:00.000000000,3.1140000000000003,2.815,0.0,0.0,0.32501581682099445,0.0
274835,2025-01-02T13:00:00.000000000,3.1710000000000003,2.8729999999999998,0.0,0.0,0.32501581682099445,0.0
274835,2025-01-02T14:00:00.000000000,3.375,3.0700000000000003,0.0,0.0,0.33673865962788335,0.0
274835,2025-01-02T15:00:00.000000000,3.6990000000000003,3.3869999999999996,0.0,0.0,0.32501581682099445,0.0
274835,2025-01-02T16:00:00.000000000,3.963,3.479,0.0,0.0,0.8531298852713389,0.0
274835,2025-01-02T17:00:00.000000000,4.662,3.5909999999999997,0.0,0.0,0.9278630081652556,0.0
274835,2025-01-02T18:00:00.000000000,4.725,3.569,0.0,0.0,0.0,0.0
274835,2025-01-02T19:00:00.000000000,4.66,3.5250000000000004,0.0,0.0,0.32501581682099445,0.0
274835,2025-01-02T20:00:00.000000000,4.574,3.553,0.0,0.0,0.32501581682099445,0.0
274835,2025-01-02T21:00:00.000000000,4.43,3.5389999999999997,0.0,0.0,0.32501581682099445,0.0
274835,2025-01-02T22:00:00.000000000,4.422,3.614,0.0,0.0,0.0,0.0
274835,2025-01-02T23:00:00.000000000,4.064,3.6020000000000003,0.0,0.0,0.32501581682099445,0.0
274835,2025-01-03T00:00:00.000000000,3.9979999999999998,3.652,0.0,0.0,0.32501581682099445,0.0
274835,2025-01-03T01:00:00.000000000,4.129,3.7809999999999997,0.0,0.0,0.32501581682099445,0.0
274835,2025-01-03T02:00:00.000000000,4.154,3.806,0.0,0.0,0.32501581682099445,0.0
274835,2025-01-03T03:00:00.000000000,4.152,3.806,0.0,0.0,0.32501581682099445,0.0
274835,2025-01-03T04:00:00.000000000,4.175,3.8280000000000003,0.0,0.0,0.0,0.0
274835,2025-01-03T05:00:00.000000000,4.264000000000001,3.828,0.0,0.0,0.32501581682099445,0.0
274835,2025-01-03T06:00:00.000000000,4.404,3.817,0.0,0.0,0.32501581682099445,0.0
274835,2025-01-03T07:00:00.000000000,4.484999999999999,3.7859999999999996,0.0,0.0,0.3382040149787444,0.0
274835,2025-01-03T08:00:00.000000000,4.311,3.577,0.0,0.0,0.8657319412887445,0.0
274835,2025-01-03T09:00:00.000000000,4.085,3.349,0.0,0.0,0.5647479522218722,0.0
274835,2025-01-03T10:00:00.000000000,3.6310000000000002,2.918,0.0,0.0,0.6620475475190499,0.0
274835,2025-01-03T11:00:00.000000000,2.957,2.5650000000000004,0.0,0.0,0.32501581682099445,0.0
274835,2025-01-03T12:00:00.000000000,2.8970000000000002,2.316,0.0,0.0,0.32501581682099445,0.0
274835,2025-01-03T13:00:00.000000000,2.8600000000000003,2.1870000000000003,0.0,0.0,0.32501581682099445,0.0
274835,2025-01-03T14:00:00.000000000,2.812,2.141,0.0,0.0,1.0354200909184612,0.0
274835,2025-01-03T15:00:00.000000000,2.702,2.322,0.0,0.0,0.008792132105166666,0.0
274835,2025-01-03T16:00:00.000000000,3.0250000000000004,2.726,0.0,0.0,0.32501581682099445,0.0
274835,2025-01-03T17:00:00.000000000,3.6759999999999997,3.324,0.0,0.0,0.33673865962788335,0.0
274835,2025-01-03T18:00:00.000000000,3.6670000000000003,3.3209999999999997,0.0,0.0,0.32501581682099445,0.0
274835,2025-01-03T19:00:00.000000000,3.8320000000000003,3.482,0.0,0.0,0.0,0.0
274835,2025-01-03T20:00:00.000000000,4.3629999999999995,3.5410000000000004,0.0,0.0,0.32501581682099445,0.0
274835,2025-01-03T21:00:00.000000000,4.483,3.5940000000000003,0.0,0.0,0.32501581682099445,0.0
274835,2025-01-03T22:00:00.000000000,4.683,3.8709999999999996,0.0,0.0,0.32501581682099445,0.0
274835,2025-01-03T23:00:00.000000000,4.506,3.882,0.0,0.0,0.0,0.0
274835,2025-01-04T00:00:00.000000000,4.367,3.963,0.0,0.0,0.32501581682099445,0.0
274835,2025-01-04T01:00:00.000000000,4.430000000000001,4.078,0.0,0.0,0.32501581682099445,0.0
274835,2025-01-04T02:00:00.000000000,4.517,4.1690000000000005,0.0,0.0,0.32501581682099445,0.0
274835,2025-01-04T03:00:00.000000000,4.582,4.234,0.0,0.0,0.0,0.0
274835,2025-01-04T04:00:00.000000000,4.715999999999999,4.327,0.0,0.0,0.32501581682099445,0.0
274835,2025-01-04T05:00:00.000000000,4.972,4.516,0.0,0.0,1.136529610127878,0.0
274835,2025-01-04T06:00:00.000000000,5.352,4.755,0.0,0.0,0.3376178728384,0.0
274835,2025-01-04T07:00:00.000000000,5.700000000000001,4.986000000000001,0.0,0.0,0.32501581682099445,0.0
274835,2025-01-04T08:00:00.000000000,5.649000000000001,4.994000000000001,0.0,0.0,0.32501581682099445,0.0
274835,2025-01-04T09:00:00.000000000,5.542,4.7829999999999995,0.0,0.0,0.6998537155712667,0.0
274835,2025-01-04T10:00:00.000000000,5.446,4.698,0.0,0.0,0.32501581682099445,0.0
274835,2025-01-04T11:00:00.000000000,5.542999999999999,4.8,0.0,0.0,0.3253088878911667,0.0
274835,2025-01-04T12:00:00.000000000,5.489000000000001,4.753,0.0,0.0,0.7898265341141388,0.0
274835,2025-01-04T13:00:00.000000000,5.559,4.824,0.0,0.0,0.3250158168209944,0.0
274835,2025-01-04T14:00:00.000000000,5.665,4.926,0.0,0.0,0.3253088878911667,0.0
274835,2025-01-04T15:00:00.000000000,5.783,4.998,0.0,0.0,0.0,0.0
274835,2025-01-04T16:00:00.000000000,6.042999999999999,5.154,0.0,0.0,0.32501581682099445,0.0
274835,2025-01-04T17:00:00.000000000,6.880000000000001,5.755,0.0,0.0,1.8179198482782946,0.0
274835,2025-01-04T18:00:00.000000000,7.447000000000001,6.241,0.0,0.0,0.33703173069805553,0.0
274835,2025-01-04T19:00:00.000000000,7.1530000000000005,6.5360000000000005,0.0,0.0,0.33703173069805553,0.0
274835,2025-01-04T20:00:00.000000000,8.151,7.539,0.0,0.0,0.8780409262359778,0.0
274835,2025-01-04T21:00:00.000000000,8.642999999999999,7.654999999999999,0.0,0.0,0.9278630081652556,0.0
274835,2025-01-04T22:00:00.000000000,7.718,7.146,0.0,0.0,0.32530888789116663,0.0
274835,2025-01-04T23:00:00.000000000,7.14,6.721000000000001,0.0,0.0,0.3253088878911667,0.0
274835,2025-01-05T00:00:00.000000000,7.106999999999999,6.706,0.0,0.0,0.0,0.0
274835,2025-01-05T01:00:00.000000000,7.292,6.893,0.0,0.0,0.3253088878911667,0.0
274835,2025-01-05T02:00:00.000000000,7.769,7.362,0.0,0.0,0.3253088878911667,0.0
274835,2025-01-05T03:00:00.000000000,8.330000000000002,7.914,0.0,0.0,0.3253088878911667,0.0
274835,2025-01-05T04:00:00.000000000,9.004,8.58,0.0,0.0,0.0,0.0
274835,2025-01-05T05:00:00.000000000,9.368,8.812,0.0,0.0,1.4562701476857725,0.0
274835,2025-01-05T06:00:00.000000000,9.600999999999999,8.928,0.0,0.0,0.3253088878911667,0.0
274835,2025-01-05T07:00:00.000000000,9.193,8.504000000000001,0.0,0.0,0.3253088878911667,0.0
274835,2025-01-05T08:00:00.000000000,7.798,7.390000000000001,0.0,0.0,0.3253088878911667,0.0
274835,2025-01-05T09:00:00.000000000,6.489,6.109,0.0,0.0,0.33732480176822777,0.0
274835,2025-01-05T10:00:00.000000000,5.514,5.16,0.0,0.0,0.0,0.0
274835,2025-01-05T11:00:00.000000000,4.757,4.425000000000001,0.0,0.0,0.3253088878911667,0.0
274835,2025-01-05T12:00:00.000000000,4.238,3.9229999999999996,0.0,0.0,0.3253088878911667,0.0
274835,2025-01-05T13:00:00.000000000,4.007,3.41,0.0,0.0,0.3253088878911667,0.0
274835,2025-01-05T14:00:00.000000000,3.8339999999999996,3.1420000000000003,0.0,0.0,0.0,0.0
274835,2025-01-05T15:00:00.000000000,4.154,3.413,0.0,0.0,0.3253088878911667,0.0
274835,2025-01-05T16:00:00.000000000,4.715,3.825,0.0,0.0,1.4562701476857722,0.0
274835,2025-01-05T17:00:00.000000000,6.158,5.09,0.0,0.0,0.3499268577856333,0.0
274835,2025-01-05T18:00:00.000000000,6.794,5.605,0.0,0.0,0.3258950300315111,0.0
274835,2025-01-05T19:00:00.000000000,7.264,6.089,0.0,0.0,0.6890100859748944,0.0
274835,2025-01-05T20:00:00.000000000,7.679,6.609,0.0,0.0,0.3253088878911667,0.0
274835,2025-01-05T21:00:00.000000000,8.136,7.183,0.0,0.0,0.716265695500911,0.0
274835,2025-01-05T22:00:00.000000000,8.697,7.817,0.0,0.0,0.32501581682099445,0.0
274835,2025-01-05T23:00:00.000000000,8.648,7.952,0.0,0.0,0.6626336896593945,0.0
274835,2025-01-06T00:00:00.000000000,8.629,8.064,0.0,0.0,0.3253088878911667,0.0
274835,2025-01-06T01:00:00.000000000,8.770999999999999,8.253,0.0,0.0,0.0,0.0
274835,2025-01-06T02:00:00.000000000,8.978,8.363,0.0,0.0,0.6599960500278444,0.0
274835,2025-01-06T03:00:00.000000000,11.062,9.879999999999999,0.5780000000000001,0.0,2.1411772386782557,0.0
274835,2025-01-06T04:00:00.000000000,9.578,8.97,0.137,0.0,1.2783760080912334,0.0
274835,2025-01-06T05:00:00.000000000,8.942,8.519,0.0,0.0,0.6629267607295666,0.0
274835,2025-01-06T06:00:00.000000000,8.835,8.412,0.0,0.0,1.0585727054620666,0.0
274835,2025-01-06T07:00:00.000000000,8.677,8.256,0.0,0.0,0.0,0.0
274835,2025-01-06T08:00:00.000000000,8.017999999999999,7.614,0.0,0.0,0.32560195896133887,0.0
274835,2025-01-06T09:00:00.000000000,6.936999999999999,6.457,0.0,0.0,1.2197617940567889,0.0
274835,2025-01-06T10:00:00.000000000,5.587999999999999,5.24,0.0,0.0,0.3253088878911667,0.0
274835,2025-01-06T11:00:00.000000000,4.712000000000001,4.388,0.0,0.0,0.3253088878911667,0.0
274835,2025-01-06T12:00:00.000000000,4.171,3.859,0.0,0.0,0.3253088878911667,0.0
274835,2025-01-06T13:00:00.000000000,3.816,3.5140000000000002,0.0,0.0,0.0,0.0
274835,2025-01-06T14:00:00.000000000,3.6710000000000003,3.372,0.0,0.0,0.3253088878911667,0.0
274835,2025-01-06T15:00:00.000000000,3.8979999999999997,3.593,0.0,0.0,0.3253088878911667,0.0
274835,2025-01-06T16:00:00.000000000,4.654,3.877,0.0,0.0,1.4562701476857722,0.0
274835,2025-01-06T17:00:00.000000000,6.2490000000000006,5.18,0.0,0.0,0.0,0.0
274835,2025-01-06T18:00:00.000000000,7.404,6.208,0.0,0.0,0.3253088878911667,0.0
274835,2025-01-06T19:00:00.000000000,8.418,7.227,0.0,0.0,0.3253088878911667,0.0
274835,2025-01-06T20:00:00.000000000,8.867,7.784000000000001,0.0,0.0,1.0257487456027778,0.0
274835,2025-01-06T21:00:00.000000000,8.742,7.901999999999999,0.0,0.0,0.33732480176822777,0.0
274835,2025-01-06T22:00:00.000000000,7.9399999999999995,7.49,0.0,0.0,0.3253088878911667,0.0
274835,2025-01-06T23:00:00.000000000,7.734,7.311,0.0,0.0,0.0,0.0
274835,2025-01-07T00:00:00.000000000,7.739,7.332000000000001,0.0,0.0,0.3253088878911667,0.0
274835,2025-01-07T01:00:00.000000000,7.7700000000000005,7.361999999999999,0.0,0.0,0.3253088878911667,0.0
274835,2025-01-07T02:00:00.000000000,7.837,7.4319999999999995,0.0,0.0,0.3253088878911667,0.0
274835,2025-01-07T03:00:00.000000000,7.878,7.472,0.0,0.0,0.3253088878911667,0.0
274835,2025-01-07T04:00:00.000000000,7.747,7.341,0.0,0.0,0.0,0.0
274835,2025-01-07T05:00:00.000000000,7.55,7.145999999999999,0.0,0.0,0.3253088878911667,0.0
274835,2025-01-07T06:00:00.000000000,7.460999999999999,7.058,0.0,0.0,0.32530888789116663,0.0
274835,2025-01-07T07:00:00.000000000,7.295,6.894,0.0,0.0,0.3405485835401222,0.0
274835,2025-01-07T08:00:00.000000000,6.974,6.48,0.0,0.0,0.7710699856231166,0.0
274835,2025-01-07T09:00:00.000000000,6.340999999999999,5.959,0.0,0.0,0.32560195896133887,0.0
274835,2025-01-07T10:00:00.000000000,5.569,5.209,0.0,0.0,0.3253088878911667,0.0
274835,2025-01-07T11:00:00.000000000,5.014,4.672000000000001,0.0,0.0,0.0,0.0
274835,2025-01-07T12:00:00.000000000,4.765000000000001,4.429,0.0,0.0,0.3253088878911667,0.0
274835,2025-01-07T13:00:00.000000000,4.366,4.039,0.0,0.0,0.3253088878911667,0.0
274835,2025-01-07T14:00:00.000000000,4.0169999999999995,3.701,0.0,0.0,0.3253088878911667,0.0
274835,2025-01-07T15:00:00.000000000,4.239000000000001,3.9179999999999993,0.0,0.0,0.3253088878911667,0.0
274835,2025-01-07T16:00:00.000000000,4.739,4.2010000000000005,0.0,0.0,0.0,0.0
274835,2025-01-07T17:00:00.000000000,5.7490000000000006,4.477,0.0,0.0,0.6632198317997389,0.0
274835,2025-01-07T18:00:00.000000000,5.868,4.7989999999999995,0.0,0.0,1.1086878584615167,0.0
274835,2025-01-07T19:00:00.000000000,6.340999999999999,5.5809999999999995,0.0,0.0,2.135901959415156,0.0
274835,2025-01-07T20:00:00.000000000,6.7989999999999995,5.569,0.0,0.0,3.206197507684111,0.0
274835,2025-01-07T21:00:00.000000000,5.469,4.5440000000000005,0.0,0.0,1.7601848474543669,0.0
274835,2025-01-07T22:00:00.000000000,5.2540000000000004,4.432,0.0,0.0,0.3253088878911667,0.0
274835,2025-01-07T23:00:00.000000000,4.902,4.423,0.0,0.0,0.3253088878911667,0.0
274835,2025-01-08T00:00:00.000000000,4.736,4.372,0.0,0.0,0.3253088878911667,0.0
274835,2025-01-08T01:00:00.000000000,4.6979999999999995,4.337,0.0,0.0,0.0,0.0
274835,2025-01-08T02:00:00.000000000,4.642,4.2829999999999995,0.0,0.0,0.3253088878911667,0.0
274835,2025-01-08T03:00:00.000000000,4.505,4.149,0.0,0.0,0.3253088878911667,0.0
274835,2025-01-08T04:00:00.000000000,4.505,4.15,0.0,0.0,0.3253088878911667,0.0
274835,2025-01-08T05:00:00.000000000,4.502,4.1530000000000005,0.0,0.0,0.0,0.0
274835,2025-01-08T06:00:00.000000000,4.522,4.1739999999999995,0.0,0.0,0.5518528251342945,0.0
274835,2025-01-08T07:00:00.000000000,4.724,4.09,0.0,0.0,1.2314846368636778,0.0
274835,2025-01-08T08:00:00.000000000,4.4,3.6670000000000003,0.0,0.0,1.1831279102852612,0.0
274835,2025-01-08T09:00:00.000000000,3.93,3.204,0.0,0.0,0.6799248827995557,0.0
274835,2025-01-08T10:00:00.000000000,3.489,2.8840000000000003,0.0,0.0,0.33732480176822777,0.0
274835,2025-01-08T11:00:00.000000000,2.9450000000000003,2.6550000000000002,0.0,0.0,0.7763452648862167,0.0
274835,2025-01-08T12:00:00.000000000,2.6220000000000003,2.2289999999999996,0.0,0.0,0.8534229563415112,0.0
274835,2025-01-08T13:00:00.000000000,2.561,1.8820000000000001,0.0,0.0,1.2921503483893277,0.0
274835,2025-01-08T14:00:00.000000000,2.283,2.0149999999999997,0.0,0.0,0.3253088878911667,0.0
274835,2025-01-08T15:00:00.000000000,2.641,2.253,0.0,0.0,0.0,0.0
274835,2025-01-08T16:00:00.000000000,3.603,2.773,0.0,0.0,1.5708609361231112,0.0
274835,2025-01-08T17:00:00.000000000,4.944999999999999,3.9,0.0,0.0,1.9972793432236946,0.0
274835,2025-01-08T18:00:00.000000000,5.569,4.403,0.0,0.0,0.6808040960100722,0.0
274835,2025-01-08T19:00:00.000000000,5.595000000000001,4.82,0.0,0.0,0.34904764457511667,0.0
274835,2025-01-08T20:00:00.000000000,5.525,5.127,0.0,0.0,1.05241821298845,0.0
274835,2025-01-08T21:00:00.000000000,5.606999999999999,5.198,0.0,0.0,0.33732480176822777,0.0
274835,2025-01-08T22:00:00.000000000,5.951,5.233,0.0,0.0,0.2848650802074,0.0
274835,2025-01-08T23:00:00.000000000,5.707999999999999,5.215999999999999,0.0,0.0,0.040443807683766674,0.0
274835,2025-01-09T00:00:00.000000000,5.7219999999999995,5.3469999999999995,0.0,0.0,0.3253088878911667,0.0
274835,2025-01-09T01:00:00.000000000,5.811,5.438000000000001,0.0,0.0,0.3253088878911667,0.0
274835,2025-01-09T02:00:00.000000000,5.942,5.568999999999999,0.0,0.0,0.3253088878911667,0.0
274835,2025-01-09T03:00:00.000000000,6.251,5.872999999999999,0.0,0.0,0.0,0.0
274835,2025-01-09T04:00:00.000000000,6.577999999999999,6.196,0.0,0.0,0.3253088878911667,0.0
274835,2025-01-09T05:00:00.000000000,6.8229999999999995,6.44,0.0,0.0,0.3253088878911667,0.0
274835,2025-01-09T06:00:00.000000000,7.387999999999999,6.996,0.0,0.0,0.3253088878911667,0.0
274835,2025-01-09T07:00:00.000000000,7.979000000000001,7.257,0.0,0.0,1.1309612597946055,0.0
274835,2025-01-09T08:00:00.000000000,7.385,6.599,0.0,0.0,0.6658574714312888,0.0
274835,2025-01-09T09:00:00.000000000,6.061999999999999,5.293,0.0,0.0,1.4099649185985612,0.0
274835,2025-01-09T10:00:00.000000000,5.224,4.4830000000000005,0.0,0.0,0.07707769145529444,0.0
274835,2025-01-09T11:00:00.000000000,4.47,3.758,0.0,0.0,0.4706721386965889,0.0
274835,2025-01-09T12:00:00.000000000,4.018,3.32,0.0,0.0,1.1444425290225277,0.0
274835,2025-01-09T13:00:00.000000000,3.528,2.845,0.0,0.0,0.3253088878911667,0.0
274835,2025-01-09T14:00:00.000000000,3.168,2.591,0.0,0.0,0.7915849605351722,0.0
274835,2025-01-09T15:00:00.000000000,3.1770000000000005,2.461,0.0,0.0,0.3253088878911667,0.0
274835,2025-01-09T16:00:00.000000000,3.646,2.816,0.0,0.0,0.33732480176822777,0.0
274835,2025-01-09T17:00:00.000000000,5.046999999999999,4.002,0.0,0.0,0.3253088878911667,0.0
274835,2025-01-09T18:00:00.000000000,5.864,4.694999999999999,0.0,0.0,0.32882574073323334,0.0
274835,2025-01-09T19:00:00.000000000,5.4399999999999995,5.06,0.0,0.0,0.6626336896593945,0.0
274835,2025-01-09T20:00:00.000000000,5.882000000000001,4.843,0.0,0.0,0.0,0.0
274835,2025-01-09T21:00:00.000000000,5.749999999999999,4.837,0.0,0.0,1.0919828074617,0.0
274835,2025-01-09T22:00:00.000000000,5.729,4.899,0.0,0.0,0.3253088878911667,0.0
274835,2025-01-09T23:00:00.000000000,5.409000000000001,4.769,0.0,0.0,0.0,0.0
274835,2025-01-10T00:00:00.000000000,5.194999999999999,4.686,0.0,0.0,0.3253088878911667,0.0
274835,2025-01-10T01:00:00.000000000,4.9399999999999995,4.549,0.0,0.0,0.3253088878911667,0.0
274835,2025-01-10T02:00:00.000000000,4.859,4.5009999999999994,0.0,0.0,0.3253088878911667,0.0
274835,2025-01-10T03:00:00.000000000,4.837,4.481,0.0,0.0,0.0,0.0
274835,2025-01-10T04:00:00.000000000,4.837,4.4830000000000005,0.0,0.0,0.7593471428162278,0.0
274835,2025-01-10T05:00:00.000000000,4.838,4.486,0.0,0.0,0.3253088878911667,0.0
274835,2025-01-10T06:00:00.000000000,4.913,4.561999999999999,0.0,0.0,0.3253088878911667,0.0
274835,2025-01-10T07:00:00.000000000,4.971,4.619,0.0,0.0,0.3253088878911667,0.0
274835,2025-01-10T08:00:00.000000000,4.955,4.600999999999999,0.0,0.0,0.0,0.0
274835,2025-01-10T09:00:00.000000000,4.867,4.517,0.0,0.0,0.3253088878911667,0.0
274835,2025-01-10T10:00:00.000000000,4.633,4.293,0.0,0.0,0.3253088878911667,0.0
274835,2025-01-10T11:00:00.000000000,4.641,4.013,0.0,0.0,0.3253088878911667,0.0
274835,2025-01-10T12:00:00.000000000,4.138999999999999,3.3539999999999996,0.0,0.0,2.3375348556936446,0.0
274835,2025-01-10T13:00:00.000000000,4.271,3.5620000000000003,0.0,0.0,0.3253088878911667,0.0
274835,2025-01-10T14:00:00.000000000,4.472,3.7560000000000002,0.0,0.0,0.3253088878911667,0.0
274835,2025-01-10T15:00:00.000000000,4.649,3.8869999999999996,0.0,0.0,0.32530888789116663,0.0
274835,2025-01-10T16:00:00.000000000,4.96,4.087999999999999,0.0,0.0,0.0,0.0
274835,2025-01-10T17:00:00.000000000,5.616,4.545999999999999,0.0,0.0,0.3253088878911667,0.0
274835,2025-01-10T18:00:00.000000000,5.5489999999999995,4.376,0.0,0.0,0.6913546545362722,0.0
274835,2025-01-10T19:00:00.000000000,5.385,4.2379999999999995,0.0,0.0,1.0823114621460168,0.0
274835,2025-01-10T20:00:00.000000000,5.4430000000000005,4.408,0.0,0.0,0.6626336896593945,0.0
274835,2025-01-10T21:00:00.000000000,5.441,4.529,0.0,0.0,0.3253088878911667,0.0
274835,2025-01-10T22:00:00.000000000,5.417,4.59,0.0,0.0,0.33732480176822777,0.0
274835,2025-01-10T23:00:00.000000000,5.238,4.6,0.0,0.0,0.6746496035364555,0.0
274835,2025-01-11T00:00:00.000000000,5.22,4.712000000000001,0.0,0.0,0.33996244139977777,0.0
274835,2025-01-11T01:00:00.000000000,5.481,5.067,0.0,0.0,0.33996244139977777,0.0
274835,2025-01-11T02:00:00.000000000,5.8580000000000005,5.485,0.0,0.0,0.3253088878911667,0.0
274835,2025-01-11T03:00:00.000000000,6.108,5.728999999999999,0.0,0.0,0.3253088878911667,0.0
274835,2025-01-11T04:00:00.000000000,6.538,6.152,0.0,0.0,0.0,0.0
274835,2025-01-11T05:00:00.000000000,6.874,6.484999999999999,0.0,0.0,0.3253088878911667,0.0
274835,2025-01-11T06:00:00.000000000,7.184,6.5809999999999995,0.0,0.0,0.3253088878911667,0.0
274835,2025-01-11T07:00:00.000000000,7.403,6.6530000000000005,0.0,0.0,0.3253088878911667,0.0
274835,2025-01-11T08:00:00.000000000,6.9190000000000005,6.140000000000001,0.0,0.0,0.3253088878911667,0.0
274835,2025-01-11T09:00:00.000000000,5.9959999999999996,5.229000000000001,0.0,0.0,0.0,0.0
274835,2025-01-11T10:00:00.000000000,5.148,4.407,0.0,0.0,0.32530888789116663,0.0
274835,2025-01-11T11:00:00.000000000,4.611,3.893,0.0,0.0,0.3253088878911667,0.0
274835,2025-01-11T12:00:00.000000000,4.276,3.569,0.0,0.0,0.33732480176822777,0.0
274835,2025-01-11T13:00:00.000000000,4.0489999999999995,3.6400000000000006,0.0,0.0,0.7071804923255722,0.0
274835,2025-01-11T14:00:00.000000000,4.111,3.795,0.0,0.0,0.3253088878911667,0.0
274835,2025-01-11T15:00:00.000000000,4.339,4.0169999999999995,0.0,0.0,0.6746496035364555,0.0
274835,2025-01-11T16:00:00.000000000,5.462000000000001,4.587,0.0,0.0,0.35021992885580555,0.0
274835,2025-01-11T17:00:00.000000000,6.891,5.803999999999999,0.0,0.0,0.3253088878911667,0.0
274835,2025-01-11T18:00:00.000000000,7.68,6.471,0.0,0.0,0.31974053755789444,0.0
274835,2025-01-11T19:00:00.000000000,7.865,6.676,0.0,0.0,0.3428931521015,0.0
274835,2025-01-11T20:00:00.000000000,8.007000000000001,6.927,0.0,0.0,0.3253088878911667,0.0
274835,2025-01-11T21:00:00.000000000,7.954000000000001,7.353,0.0,0.0,0.3376178728384,0.0
274835,2025-01-11T22:00:00.000000000,8.126000000000001,7.664999999999999,0.0,0.0,0.3253088878911667,0.0
274835,2025-01-11T23:00:00.000000000,8.142,7.703999999999999,0.0,0.0,0.3253088878911667,0.0
274835,2025-01-12T00:00:00.000000000,8.097,7.674,0.0,0.0,0.3253088878911667,0.0
274835,2025-01-12T01:00:00.000000000,7.968,7.55,0.0,0.0,0.0,0.0
274835,2025-01-12T02:00:00.000000000,7.887,7.472,0.0,0.0,0.3253088878911667,0.0
274835,2025-01-12T03:00:00.000000000,7.907,7.491,0.0,0.0,0.32530888789116663,0.0
274835,2025-01-12T04:00:00.000000000,7.844,7.417,0.0,0.0,0.32560195896133887,0.0
274835,2025-01-12T05:00:00.000000000,7.553,7.146999999999999,0.0,0.0,0.0,0.0
274835,2025-01-12T06:00:00.000000000,7.279,6.878,0.0,0.0,0.32560195896133887,0.0
274835,2025-01-12T07:00:00.000000000,6.857,6.462000000000001,0.0,0.0,0.32560195896133887,0.0
274835,2025-01-12T08:00:00.000000000,5.925000000000001,5.545999999999999,0.0,0.0,0.32560195896133887,0.0
274835,2025-01-12T09:00:00.000000000,4.822,4.17,0.0,0.0,0.3253088878911667,0.0
274835,2025-01-12T10:00:00.000000000,3.984,3.266,0.0,0.0,0.0,0.0
274835,2025-01-12T11:00:00.000000000,3.353,2.661,0.0,0.0,0.3253088878911667,0.0
274835,2025-01-12T12:00:00.000000000,2.958,2.379,0.0,0.0,0.3253088878911667,0.0
274835,2025-01-12T13:00:00.000000000,2.576,2.294,0.0,0.0,1.249948114284528,0.0
274835,2025-01-12T14:00:00.000000000,2.596,2.315,0.0,0.0,0.3253088878911667,0.0
274835,2025-01-12T15:00:00.000000000,2.8100000000000005,2.4109999999999996,0.0,0.0,0.33732480176822777,0.0
274835,2025-01-12T16:00:00.000000000,3.462,2.628,0.0,0.0,0.3253088878911667,0.0
274835,2025-01-12T17:00:00.000000000,4.093,3.0580000000000003,0.0,0.0,0.0,0.0
274835,2025-01-12T18:00:00.000000000,4.223,3.077,0.0,0.0,0.3253088878911667,0.0
274835,2025-01-12T19:00:00.000000000,4.1579999999999995,3.036,0.0,0.0,0.3253088878911667,0.0
274835,2025-01-12T20:00:00.000000000,4.064,3.056,0.0,0.0,1.5298309862989998,0.0
274835,2025-01-12T21:00:00.000000000,3.199,2.699,0.0,0.0,0.33732480176822777,0.0
274835,2025-01-12T22:00:00.000000000,2.552,2.222,0.0,0.0,0.6893031570450667,0.0
274835,2025-01-12T23:00:00.000000000,3.0490000000000004,2.717,0.0,0.0,0.35021992885580555,0.0
274835,2025-01-13T00:00:00.000000000,3.571,3.233,0.0,0.0,0.3253088878911667,0.0
274835,2025-01-13T01:00:00.000000000,3.62,3.286,0.0,0.0,0.3253088878911667,0.0
274835,2025-01-13T02:00:00.000000000,3.7300000000000004,3.394,0.0,0.0,0.3253088878911667,0.0
274835,2025-01-13T03:00:00.000000000,3.8369999999999997,3.5,0.0,0.0,0.0,0.0
274835,2025-01-13T04:00:00.000000000,3.904,3.5410000000000004,0.0,0.0,0.6887170149047223,0.0
274835,2025-01-13T05:00:00.000000000,3.988,3.545,0.0,0.0,1.8170406350677777,0.0
274835,2025-01-13T06:00:00.000000000,3.88,3.513,0.0,0.0,0.09026588961304445,0.0
274835,2025-01-13T07:00:00.000000000,3.8810000000000002,3.5439999999999996,0.0,0.0,0.3253088878911667,0.0
274835,2025-01-13T08:00:00.000000000,3.825,3.491,0.0,0.0,0.35021992885580555,0.0
274835,2025-01-13T09:00:00.000000000,3.471,3.15,0.0,0.0,2.1054225681172447,0.0
274835,2025-01-13T10:00:00.000000000,3.123,2.527,0.0,0.0,0.3253088878911667,0.0
274835,2025-01-13T11:00:00.000000000,2.7110000000000003,2.0389999999999997,0.0,0.0,0.3253088878911667,0.0
274835,2025-01-13T12:00:00.000000000,2.203,1.838,0.0,0.0,0.0,0.0
274835,2025-01-13T13:00:00.000000000,1.998,1.7369999999999999,0.0,0.0,1.1939715398816333,0.0
274835,2025-01-13T14:00:00.000000000,2.052,1.695,0.0,0.0,0.33732480176822777,0.0
274835,2025-01-13T15:00:00.000000000,2.141,1.876,0.0,0.0,0.32501581682099445,0.0
274835,2025-01-13T16:00:00.000000000,2.417,2.138,0.0,0.0,0.32501581682099445,0.0
274835,2025-01-13T17:00:00.000000000,3.0380000000000003,2.7070000000000003,0.0,0.0,0.0,0.0
274835,2025-01-13T18:00:00.000000000,3.878,2.929,0.0,0.0,0.32501581682099445,0.0
274835,2025-01-13T19:00:00.000000000,4.389,3.2709999999999995,0.0,0.0,0.6717188928347334,0.0
274835,2025-01-13T20:00:00.000000000,4.331,3.3299999999999996,0.0,0.0,0.8129791486577445,0.0
274835,2025-01-13T21:00:00.000000000,4.333,3.456,0.0,0.0,0.3253088878911667,0.0
274835,2025-01-13T22:00:00.000000000,4.33,3.633,0.0,0.0,0.6875447306240333,0.0
274835,2025-01-13T23:00:00.000000000,4.108,3.753,0.0,0.0,0.3253088878911667,0.0
274835,2025-01-14T00:00:00.000000000,4.167,3.823,0.0,0.0,0.3253088878911667,0.0
274835,2025-01-14T01:00:00.000000000,4.1419999999999995,3.8019999999999996,0.0,0.0,0.19928832771711114,0.0
274835,2025-01-14T02:00:00.000000000,4.24,3.898,0.0,0.0,0.12572748910388334,0.0
274835,2025-01-14T03:00:00.000000000,4.328,3.984,0.0,0.0,0.3253088878911667,0.0
274835,2025-01-14T04:00:00.000000000,4.464,4.117,0.0,0.0,0.3253088878911667,0.0
274835,2025-01-14T05:00:00.000000000,4.636,4.285,0.0,0.0,0.016411979929644445,0.0
274835,2025-01-14T06:00:00.000000000,4.806000000000001,4.449,0.0,0.0,0.30889690796152225,0.0
274835,2025-01-14T07:00:00.000000000,5.026,4.665,0.0,0.0,0.3253088878911667,0.0
274835,2025-01-14T08:00:00.000000000,4.963,4.311,0.0,0.0,0.3253088878911667,0.0
274835,2025-01-14T09:00:00.000000000,4.057,3.4239999999999995,0.0,0.0,0.692233867746789,0.0
274835,2025-01-14T10:00:00.000000000,2.972,2.674,0.0,0.0,0.3253088878911667,0.0
274835,2025-01-14T11:00:00.000000000,2.3120000000000003,2.04,0.0,0.0,0.35021992885580555,0.0
274835,2025-01-14T12:00:00.000000000,1.807,1.552,0.0,0.0,1.0459706494446612,0.0
274835,2025-01-14T13:00:00.000000000,1.6139999999999999,1.365,0.0,0.0,0.3639942691539,0.0
274835,2025-01-14T14:00:00.000000000,1.653,1.403,0.0,0.0,0.32501581682099445,0.0
274835,2025-01-14T15:00:00.000000000,1.906,1.646,0.0,0.0,0.32501581682099445,0.0
274835,2025-01-14T16:00:00.000000000,2.3630000000000004,2.084,0.0,0.0,0.0,0.0
274835,2025-01-14T17:00:00.000000000,3.181,2.842,0.0,0.0,0.32501581682099445,0.0
274835,2025-01-14T18:00:00.000000000,3.42,2.862,0.0,0.0,0.8531298852713389,0.0
274835,2025-01-14T19:00:00.000000000,3.885,2.7579999999999996,0.0,0.0,0.9278630081652556,0.0
274835,2025-01-14T20:00:00.000000000,3.944,2.948,0.0,0.0,0.0,0.0
274835,2025-01-14T21:00:00.000000000,3.896,3.025,0.0,0.0,0.6723050349750779,0.0
274835,2025-01-14T22:00:00.000000000,3.625,3.1390000000000002,0.0,0.0,0.32501581682099445,0.0
274835,2025-01-14T23:00:00.000000000,3.566,3.2220000000000004,0.0,0.0,0.6740634613961111,0.0
274835,2025-01-15T00:00:00.000000000,3.637,3.3029999999999995,0.0,0.0,0.32501581682099445,0.0
274835,2025-01-15T01:00:00.000000000,3.653,3.323,0.0,0.0,0.32501581682099445,0.0
274835,2025-01-15T02:00:00.000000000,3.624,3.294,0.0,0.0,0.32501581682099445,0.0
274835,2025-01-15T03:00:00.000000000,3.7110000000000003,3.3789999999999996,0.0,0.0,0.0,0.0
274835,2025-01-15T04:00:00.000000000,3.767,3.436,0.0,0.0,0.32501581682099445,0.0
274835,2025-01-15T05:00:00.000000000,3.808,3.479,0.0,0.0,0.32501581682099445,0.0
274835,2025-01-15T06:00:00.000000000,3.815,3.4859999999999998,0.0,0.0,0.0,0.0
274835,2025-01-15T07:00:00.000000000,3.7829999999999995,3.271,0.0,0.0,0.32501581682099445,0.0
274835,2025-01-15T08:00:00.000000000,3.5600000000000005,2.852,0.0,0.0,0.32501581682099445,0.0
274835,2025-01-15T09:00:00.000000000,2.99,2.291,0.0,0.0,0.32501581682099445,0.0
274835,2025-01-15T10:00:00.000000000,2.4509999999999996,1.7779999999999998,0.0,0.0,0.0,0.0
274835,2025-01-15T11:00:00.000000000,2.1390000000000002,1.4860000000000002,0.0,0.0,0.32501581682099445,0.0
274835,2025-01-15T12:00:00.000000000,1.951,1.3050000000000002,0.0,0.0,0.6749426746066278,0.0
274835,2025-01-15T13:00:00.000000000,1.7890000000000001,1.146,0.0,0.0,0.34025551246995,0.0
274835,2025-01-15T14:00:00.000000000,1.671,1.0270000000000001,0.0,0.0,1.3027009069155278,0.0
274835,2025-01-15T15:00:00.000000000,1.774,1.087,0.0,0.0,0.4806365550824444,0.0
274835,2025-01-15T16:00:00.000000000,2.328,1.5360000000000003,0.0,0.0,1.931924494575289,0.0
274835,2025-01-15T17:00:00.000000000,3.641,2.634,0.0,0.0,1.5380369762638222,0.0
274835,2025-01-15T18:00:00.000000000,4.3420000000000005,3.21,0.0,0.0,1.0755708275320557,0.0
274835,2025-01-15T19:00:00.000000000,4.848,3.7239999999999998,0.0,0.0,0.6620475475190499,0.0
274835,2025-01-15T20:00:00.000000000,5.263,4.241,0.0,0.0,0.0,0.0
274835,2025-01-15T21:00:00.000000000,5.5680000000000005,4.665,0.0,0.0,0.32501581682099445,0.0
274835,2025-01-15T22:00:00.000000000,5.906000000000001,5.077,0.0,0.0,1.8123514979450224,0.0
274835,2025-01-15T23:00:00.000000000,5.824000000000001,5.179,0.0,0.0,1.9541978959083777,0.0
274835,2025-01-16T00:00:00.000000000,5.779999999999999,5.295999999999999,0.0,0.0,0.0,0.0
274835,2025-01-16T01:00:00.000000000,5.921,5.55,0.0,0.0,0.3253088878911667,0.0
274835,2025-01-16T02:00:00.000000000,6.145,5.769,0.0,0.0,0.3253088878911667,0.0
274835,2025-01-16T03:00:00.000000000,6.374,5.996,0.0,0.0,0.3253088878911667,0.0
274835,2025-01-16T04:00:00.000000000,6.503,6.122,0.0,0.0,0.0,0.0
274835,2025-01-16T05:00:00.000000000,6.586999999999999,6.209,0.0,0.0,0.3253088878911667,0.0
274835,2025-01-16T06:00:00.000000000,6.7219999999999995,6.341,0.0,0.0,0.3253088878911667,0.0
274835,2025-01-16T07:00:00.000000000,6.796,6.412,0.0,0.0,0.3253088878911667,0.0
274835,2025-01-16T08:00:00.000000000,6.8919999999999995,6.147,0.0,0.0,0.0,0.0
274835,2025-01-16T09:00:00.000000000,6.485,5.604,0.0,0.0,0.8797993526570111,0.0
274835,2025-01-16T10:00:00.000000000,6.353000000000001,5.462,0.0,0.0,1.8589497981024057,0.0
274835,2025-01-16T11:00:00.000000000,4.614,3.889,0.0,0.0,0.7007329287817833,0.0
274835,2025-01-16T12:00:00.000000000,4.147,3.439,0.0,0.0,0.6711327506943889,0.0
274835,2025-01-16T13:00:00.000000000,3.8779999999999997,3.1799999999999997,0.0,0.0,0.3291188118034056,0.0
274835,2025-01-16T14:00:00.000000000,3.496,2.8089999999999997,0.0,0.0,0.3376178728384,0.0
274835,2025-01-16T15:00:00.000000000,3.324,2.6,0.0,0.0,0.33204952250512776,0.0
274835,2025-01-16T16:00:00.000000000,3.59,2.76,0.0,0.0,0.6755288167469722,0.0
274835,2025-01-16T17:00:00.000000000,4.322,3.288,0.0,0.0,1.0365923751991502,0.0
274835,2025-01-16T18:00:00.000000000,4.418,3.274,0.0,0.0,0.010843629596372221,0.0
274835,2025-01-16T19:00:00.000000000,4.44,3.3149999999999995,0.0,0.0,1.0401092280412167,0.0
274835,2025-01-16T20:00:00.000000000,4.398,3.385,0.0,0.0,0.33732480176822777,0.0
274835,2025-01-16T21:00:00.000000000,4.234,3.347,0.0,0.0,0.0,0.0
274835,2025-01-16T22:00:00.000000000,4.1530000000000005,3.351,0.0,0.0,0.3253088878911667,0.0
274835,2025-01-16T23:00:00.000000000,3.944,3.328,0.0,0.0,0.6526692732735389,0.0
274835,2025-01-17T00:00:00.000000000,2.964,2.545,0.0,0.0,0.0,0.0
274835,2025-01-17T01:00:00.000000000,2.495,2.208,0.0,0.0,0.32501581682099445,0.0
274835,2025-01-17T02:00:00.000000000,2.405,2.121,0.0,0.0,0.32501581682099445,0.0
274835,2025-01-17T03:00:00.000000000,2.322,2.041,0.0,0.0,0.32501581682099445,0.0
274835,2025-01-17T04:00:00.000000000,2.263,1.984,0.0,0.0,0.0,0.0
274835,2025-01-17T05:00:00.000000000,2.178,1.906,0.0,0.0,0.32501581682099445,0.0
274835,2025-01-17T06:00:00.000000000,2.0170000000000003,1.75,0.0,0.0,0.32501581682099445,0.0
274835,2025-01-17T07:00:00.000000000,1.894,1.629,0.0,0.0,0.32501581682099445,0.0
274835,2025-01-17T08:00:00.000000000,1.7129999999999999,1.453,0.0,0.0,0.0,0.0
274835,2025-01-17T09:00:00.000000000,1.626,1.368,0.0,0.0,0.32501581682099445,0.0
274835,2025-01-17T10:00:00.000000000,1.5510000000000002,1.298,0.0,0.0,0.32501581682099445,0.0
274835,2025-01-17T11:00:00.000000000,1.4649999999999999,1.214,0.0,0.0,0.0,0.0
274835,2025-01-17T12:00:00.000000000,1.619,1.054,0.0,0.0,0.8531298852713389,0.0
274835,2025-01-17T13:00:00.000000000,1.554,0.8909999999999999,0.0,0.0,0.9278630081652556,0.0
274835,2025-01-17T14:00:00.000000000,1.5140000000000002,0.874,0.0,0.0,0.32501581682099445,0.0
274835,2025-01-17T15:00:00.000000000,1.6669999999999998,0.981,0.0,0.0,0.3499268577856333,0.0
274835,2025-01-17T16:00:00.000000000,2.092,1.2630000000000001,0.0,0.0,2.1968607420109776,0.0
274835,2025-01-17T17:00:00.000000000,3.122,2.121,0.0,0.0,0.32501581682099445,0.0
274835,2025-01-17T18:00:00.000000000,3.463,2.3449999999999998,0.0,0.0,0.7927572448158612,0.0
274835,2025-01-17T19:00:00.000000000,3.577,2.477,0.0,0.0,0.829391128587389,0.0
274835,2025-01-17T20:00:00.000000000,3.579,2.5919999999999996,0.0,0.0,0.32501581682099445,0.0
274835,2025-01-17T21:00:00.000000000,3.597,2.7350000000000003,0.0,0.0,0.6849070909924834,0.0
274835,2025-01-17T22:00:00.000000000,3.7060000000000004,2.924,0.0,0.0,0.32501581682099445,0.0
274835,2025-01-17T23:00:00.000000000,3.673,3.2220000000000004,0.0,0.0,0.0,0.0
274835,2025-01-18T00:00:00.000000000,3.875,3.5309999999999997,0.0,0.0,0.32501581682099445,0.0
274835,2025-01-18T01:00:00.000000000,3.916,3.572,0.0,0.0,0.7048359237641945,0.0
274835,2025-01-18T02:00:00.000000000,3.9290000000000003,3.585,0.0,0.0,0.32501581682099445,0.0
274835,2025-01-18T03:00:00.000000000,3.9349999999999996,3.593,0.0,0.0,0.32501581682099445,0.0
274835,2025-01-18T04:00:00.000000000,3.96,3.6189999999999998,0.0,0.0,0.0,0.0
274835,2025-01-18T05:00:00.000000000,4.0,3.6620000000000004,0.0,0.0,0.32501581682099445,0.0
274835,2025-01-18T06:00:00.000000000,4.090999999999999,3.7520000000000002,0.0,0.0,0.6887170149047223,0.0
274835,2025-01-18T07:00:00.000000000,4.247999999999999,3.539,0.0,0.0,0.8531298852713389,0.0
274835,2025-01-18T08:00:00.000000000,3.6120000000000005,2.841,0.0,0.0,2.1344366040642946,0.0
274835,2025-01-18T09:00:00.000000000,3.274,2.562,0.0,0.0,0.0,0.0
274835,2025-01-18T10:00:00.000000000,2.653,1.9699999999999998,0.0,0.0,0.32501581682099445,0.0
274835,2025-01-18T11:00:00.000000000,2.018,1.363,0.0,0.0,0.6752357456768,0.0
274835,2025-01-18T12:00:00.000000000,1.5110000000000001,0.867,0.0,0.0,0.32501581682099445,0.0
274835,2025-01-18T13:00:00.000000000,1.256,0.614,0.0,0.0,0.33703173069805553,0.0
274835,2025-01-18T14:00:00.000000000,1.188,0.402,0.0,0.0,0.33673865962788335,0.0
274835,2025-01-18T15:00:00.000000000,1.354,0.573,0.0,0.0,1.60632253561395,0.0
274835,2025-01-18T16:00:00.000000000,1.565,0.7020000000000001,0.0,0.0,1.3569190548973888,0.0
274835,2025-01-18T17:00:00.000000000,1.9620000000000002,0.988,0.0,0.0,0.3247227457508223,0.0
274835,2025-01-18T18:00:00.000000000,2.274,1.192,0.0,0.0,0.6869585884836888,0.0
274835,2025-01-18T19:00:00.000000000,2.352,1.292,0.0,0.0,0.33996244139977777,0.0
274835,2025-01-18T20:00:00.000000000,2.2969999999999997,1.3519999999999999,0.0,0.0,1.655265404332711,0.0
274835,2025-01-18T21:00:00.000000000,2.197,1.38,0.0,0.0,0.32501581682099445,0.0
274835,2025-01-18T22:00:00.000000000,2.16,1.428,0.0,0.0,0.0,0.0
274835,2025-01-18T23:00:00.000000000,1.909,1.4179999999999997,0.0,0.0,0.3247227457508223,0.0
274835,2025-01-19T00:00:00.000000000,1.688,1.4189999999999998,0.0,0.0,0.32501581682099445,0.0
274835,2025-01-19T01:00:00.000000000,1.669,1.4020000000000001,0.0,0.0,0.0,0.0
274835,2025-01-19T02:00:00.000000000,1.658,1.394,0.0,0.0,0.32501581682099445,0.0
274835,2025-01-19T03:00:00.000000000,1.644,1.38,0.0,0.0,0.3247227457508223,0.0
274835,2025-01-19T04:00:00.000000000,1.637,1.374,0.0,0.0,0.3247227457508223,0.0
274835,2025-01-19T05:00:00.000000000,1.6179999999999999,1.359,0.0,0.0,0.0,0.0
274835,2025-01-19T06:00:00.000000000,1.604,1.346,0.0,0.0,0.32501581682099445,0.0
274835,2025-01-19T07:00:00.000000000,1.66,1.3050000000000002,0.0,0.0,1.1913339002500836,0.0
274835,2025-01-19T08:00:00.000000000,1.7950000000000002,1.0990000000000002,0.0,0.0,1.4712167722645555,0.0
274835,2025-01-19T09:00:00.000000000,1.67,1.004,0.0,0.0,0.7716561277634612,0.0
274835,2025-01-19T10:00:00.000000000,1.448,0.7889999999999999,0.0,0.0,0.3247227457508223,0.0
274835,2025-01-19T11:00:00.000000000,1.2229999999999999,0.577,0.0,0.0,1.1793179863730223,0.0
274835,2025-01-19T12:00:00.000000000,1.077,0.433,0.0,0.0,0.0,0.0
274835,2025-01-19T13:00:00.000000000,0.752,0.505,0.0,0.0,0.6737703903259389,0.0
274835,2025-01-19T14:00:00.000000000,0.7410000000000001,0.494,0.0,0.0,0.3247227457508223,0.0
274835,2025-01-19T15:00:00.000000000,0.7449999999999999,0.5,0.0,0.0,0.6602891210980167,0.0
274835,2025-01-19T16:00:00.000000000,1.259,0.5860000000000001,0.0,0.0,0.0,0.0
274835,2025-01-19T17:00:00.000000000,1.7340000000000002,0.761,0.0,0.0,0.3247227457508223,0.0
274835,2025-01-19T18:00:00.000000000,1.519,0.849,0.0,0.0,0.3247227457508223,0.0
274835,2025-01-19T19:00:00.000000000,1.254,0.973,0.0,0.0,0.0,0.0
274835,2025-01-19T20:00:00.000000000,1.4130000000000003,1.121,0.0,0.0,0.65677226825595,0.0
274835,2025-01-19T21:00:00.000000000,1.79,1.247,0.0,0.0,0.3247227457508223,0.0
274835,2025-01-19T22:00:00.000000000,2.09,1.359,0.0,0.0,0.3247227457508223,0.0
274835,2025-01-19T23:00:00.000000000,2.299,1.895,0.0,0.0,0.0,0.0
274835,2025-01-20T00:00:00.000000000,2.8369999999999997,2.5309999999999997,0.0,0.0,0.3247227457508223,0.0
274835,2025-01-20T01:00:00.000000000,3.149,2.84,0.0,0.0,0.3247227457508223,0.0
274835,2025-01-20T02:00:00.000000000,3.542,3.223,0.0,0.0,0.0,0.0
274835,2025-01-20T03:00:00.000000000,3.793,3.47,0.0,0.0,0.32501581682099445,0.0
274835,2025-01-20T04:00:00.000000000,4.002000000000001,3.6739999999999995,0.0,0.0,0.32501581682099445,0.0
274835,2025-01-20T05:00:00.000000000,4.221,3.887,0.0,0.0,0.32501581682099445,0.0
274835,2025-01-20T06:00:00.000000000,4.388,4.051,0.0,0.0,0.0,0.0
274835,2025-01-20T07:00:00.000000000,4.303,3.968,0.0,0.0,0.32501581682099445,0.0
274835,2025-01-20T08:00:00.000000000,4.231,3.6029999999999998,0.0,0.0,2.047980638363489,0.0
274835,2025-01-20T09:00:00.000000000,3.663,2.95,0.0,0.0,0.32501581682099445,0.0
274835,2025-01-20T10:00:00.000000000,3.003,2.3150000000000004,0.0,0.0,0.32501581682099445,0.0
274835,2025-01-20T11:00:00.000000000,2.456,1.796,0.0,0.0,0.0,0.0
274835,2025-01-20T12:00:00.000000000,2.084,1.5350000000000001,0.0,0.0,0.6893031570450667,0.0
274835,2025-01-20T13:00:00.000000000,1.8479999999999999,1.594,0.0,0.0,0.33703173069805553,0.0
274835,2025-01-20T14:00:00.000000000,2.25,1.7910000000000001,0.0,0.0,0.7013190709221278,0.0
274835,2025-01-20T15:00:00.000000000,2.8390000000000004,2.13,0.0,0.0,0.8296841996575611,0.0
274835,2025-01-20T16:00:00.000000000,3.346,2.5250000000000004,0.0,0.0,0.32501581682099445,0.0
274835,2025-01-20T17:00:00.000000000,4.121,3.0980000000000003,0.0,0.0,0.32501581682099445,0.0
274835,2025-01-20T18:00:00.000000000,4.442,3.306,0.0,0.0,0.32501581682099445,0.0
274835,2025-01-20T19:00:00.000000000,4.984,3.856,0.0,0.0,0.34113472568046666,0.0
274835,2025-01-20T20:00:00.000000000,5.603,4.573,0.0,0.0,1.2939087748103613,0.0
274835,2025-01-20T21:00:00.000000000,6.078,5.1610000000000005,0.0,0.0,0.6172076737826999,0.0
274835,2025-01-20T22:00:00.000000000,6.540000000000001,5.792,0.0,0.0,0.32501581682099445,0.0
274835,2025-01-20T23:00:00.000000000,6.497,6.089,0.0,0.0,0.32501581682099445,0.0
274835,2025-01-21T00:00:00.000000000,6.555,6.1579999999999995,0.0,0.0,0.32501581682099445,0.0
274835,2025-01-21T01:00:00.000000000,6.536,6.1419999999999995,0.0,0.0,0.32501581682099445,0.0
274835,2025-01-21T02:00:00.000000000,6.599,6.208,0.0,0.0,0.0,0.0
274835,2025-01-21T03:00:00.000000000,6.633,6.243,0.0,0.0,0.32501581682099445,0.0
274835,2025-01-21T04:00:00.000000000,6.484999999999999,6.0969999999999995,0.0,0.0,0.32501581682099445,0.0
274835,2025-01-21T05:00:00.000000000,6.348,5.962000000000001,0.0,0.0,0.3253088878911667,0.0
274835,2025-01-21T06:00:00.000000000,6.071,5.686999999999999,0.0,0.0,0.0,0.0
274835,2025-01-21T07:00:00.000000000,5.702999999999999,5.324000000000001,0.0,0.0,0.32501581682099445,0.0
274835,2025-01-21T08:00:00.000000000,5.392,4.726000000000001,0.0,0.0,2.0755293189596777,0.0
274835,2025-01-21T09:00:00.000000000,4.4719999999999995,3.83,0.0,0.0,1.1547000164785555,0.0
274835,2025-01-21T10:00:00.000000000,3.7569999999999997,3.4379999999999997,0.0,0.0,0.6769941720978334,0.0
274835,2025-01-21T11:00:00.000000000,3.95,3.242,0.0,0.0,1.17902491530285,0.0
274835,2025-01-21T12:00:00.000000000,3.848,3.1470000000000002,0.0,0.0,0.69369922309765,0.0
274835,2025-01-21T13:00:00.000000000,3.735,3.1350000000000002,0.0,0.0,0.8329079814294555,0.0
274835,2025-01-21T14:00:00.000000000,3.177,2.881,0.0,0.0,0.6737703903259389,0.0
274835,2025-01-21T15:00:00.000000000,2.894,2.607,0.0,0.0,0.33732480176822777,0.0
274835,2025-01-21T16:00:00.000000000,3.223,2.921,0.0,0.0,0.6752357456768,0.0
274835,2025-01-21T17:00:00.000000000,4.066,3.529,0.0,0.0,0.0,0.0
274835,2025-01-21T18:00:00.000000000,4.672999999999999,3.522,0.0,0.0,0.32501581682099445,0.0
274835,2025-01-21T19:00:00.000000000,4.643,3.514,0.0,0.0,0.32501581682099445,0.0
274835,2025-01-21T20:00:00.000000000,4.474,3.6129999999999995,0.0,0.0,0.32501581682099445,0.0
274835,2025-01-21T21:00:00.000000000,4.372999999999999,3.6399999999999997,0.0,0.0,0.33732480176822777,0.0
274835,2025-01-21T22:00:00.000000000,4.177,3.6959999999999997,0.0,0.0,0.33732480176822777,0.0
274835,2025-01-21T23:00:00.000000000,4.472,3.8519999999999994,0.0,0.0,1.4920248182467835,0.0
274835,2025-01-22T00:00:00.000000000,4.252000000000001,3.851,0.0,0.0,0.0,0.0
274835,2025-01-22T01:00:00.000000000,4.298,3.95,0.0,0.0,0.32501581682099445,0.0
274835,2025-01-22T02:00:00.000000000,4.456,4.103999999999999,0.0,0.0,0.32501581682099445,0.0
274835,2025-01-22T03:00:00.000000000,4.609999999999999,4.256,0.0,0.0,0.0,0.0
274835,2025-01-22T04:00:00.000000000,4.776999999999999,4.382000000000001,0.0,0.0,0.32501581682099445,0.0
274835,2025-01-22T05:00:00.000000000,5.033,4.601,0.0,0.0,0.32501581682099445,0.0
274835,2025-01-22T06:00:00.000000000,4.9510000000000005,4.521000000000001,0.0,0.0,0.32501581682099445,0.0
274835,2025-01-22T07:00:00.000000000,4.873,4.167,0.0,0.0,0.34025551246995,0.0
274835,2025-01-22T08:00:00.000000000,4.465,3.731,0.0,0.0,1.0647271979356834,0.0
274835,2025-01-22T09:00:00.000000000,3.939,3.21,0.0,0.0,0.6635129028699112,0.0
274835,2025-01-22T10:00:00.000000000,3.417,2.713,0.0,0.0,0.0,0.0
274835,2025-01-22T11:00:00.000000000,2.871,2.1929999999999996,0.0,0.0,0.7936364580263778,0.0
274835,2025-01-22T12:00:00.000000000,2.5620000000000003,1.8980000000000001,0.0,0.0,0.40355886362715,0.0
274835,2025-01-22T13:00:00.000000000,2.271,1.6179999999999999,0.0,0.0,0.2584886838919,0.0
274835,2025-01-22T14:00:00.000000000,2.029,1.3840000000000001,0.0,0.0,0.32501581682099445,0.0
274835,2025-01-22T15:00:00.000000000,2.0789999999999997,1.3900000000000001,0.0,0.0,0.7933433869562055,0.0
274835,2025-01-22T16:00:00.000000000,2.5620000000000003,1.7610000000000001,0.0,0.0,0.35021992885580555,0.0
274835,2025-01-22T17:00:00.000000000,3.527,2.476,0.0,0.0,1.7809928934365944,0.0
274835,2025-01-22T18:00:00.000000000,4.186,3.048,0.0,0.0,0.0,0.0
274835,2025-01-22T19:00:00.000000000,4.454000000000001,3.331,0.0,0.0,0.33703173069805553,0.0
274835,2025-01-22T20:00:00.000000000,4.562,3.548,0.0,0.0,0.32501581682099445,0.0
274835,2025-01-22T21:00:00.000000000,4.247999999999999,3.718,0.0,0.0,0.35021992885580555,0.0
274835,2025-01-22T22:00:00.000000000,4.315,3.925,0.0,0.0,0.6623406185892222,0.0
274835,2025-01-22T23:00:00.000000000,4.255000000000001,3.888,0.0,0.0,0.32501581682099445,0.0
274835,2025-01-23T00:00:00.000000000,4.229,3.8779999999999997,0.0,0.0,0.755537218903989,0.0
274835,2025-01-23T01:00:00.000000000,4.24,3.891,0.0,0.0,0.32501581682099445,0.0
274835,2025-01-23T02:00:00.000000000,4.245,3.898,0.0,0.0,0.32501581682099445,0.0
274835,2025-01-23T03:00:00.000000000,4.282,3.934,0.0,0.0,0.0,0.0
274835,2025-01-23T04:00:00.000000000,4.225,3.8789999999999996,0.0,0.0,0.32501581682099445,0.0
274835,2025-01-23T05:00:00.000000000,4.124,3.785,0.0,0.0,0.32501581682099445,0.0
274835,2025-01-23T06:00:00.000000000,4.218999999999999,3.6670000000000003,0.0,0.0,1.2877542823367443,0.0
274835,2025-01-23T07:00:00.000000000,4.001,3.316,0.0,0.0,0.8575259513239222,0.0
274835,2025-01-23T08:00:00.000000000,3.414,2.706,0.0,0.0,0.7098181319571222,0.0
274835,2025-01-23T09:00:00.000000000,2.581,1.893,0.0,0.0,0.33732480176822777,0.0
274835,2025-01-23T10:00:00.000000000,1.9979999999999998,1.337,0.0,0.0,0.33703173069805553,0.0
274835,2025-01-23T11:00:00.000000000,1.706,1.057,0.0,0.0,0.32501581682099445,0.0
274835,2025-01-23T12:00:00.000000000,1.565,0.9199999999999999,0.0,0.0,0.0,0.0
274835,2025-01-23T13:00:00.000000000,1.455,0.813,0.0,0.0,0.7602263560267444,0.0
274835,2025-01-23T14:00:00.000000000,1.446,0.8029999999999999,0.0,0.0,0.6620475475190499,0.0
274835,2025-01-23T15:00:00.000000000,1.762,1.073,0.0,0.0,0.3405485835401222,0.0
274835,2025-01-23T16:00:00.000000000,2.151,1.3599999999999999,0.0,0.0,1.1614406510925166,0.0
274835,2025-01-23T17:00:00.000000000,3.039,2.039,0.0,0.0,2.677497297093422,0.0
274835,2025-01-23T18:00:00.000000000,3.366,2.252,0.0,0.0,1.7086043391040557,0.0
274835,2025-01-23T19:00:00.000000000,3.533,2.434,0.0,0.0,1.557379666895189,0.0
274835,2025-01-23T20:00:00.000000000,3.569,2.579,0.0,0.0,1.4213946903352777,0.0
274835,2025-01-23T21:00:00.000000000,3.4770000000000003,2.614,0.0,0.0,0.7666739195705333,0.0
274835,2025-01-23T22:00:00.000000000,3.5220000000000002,2.7409999999999997,0.0,0.0,0.3323425935753,0.0
274835,2025-01-23T23:00:00.000000000,3.335,2.741,0.0,0.0,0.32501581682099445,0.0
274835,2025-01-24T00:00:00.000000000,3.168,2.7939999999999996,0.0,0.0,0.0,0.0
274835,2025-01-24T01:00:00.000000000,3.153,2.8329999999999997,0.0,0.0,0.32501581682099445,0.0
274835,2025-01-24T02:00:00.000000000,3.201,2.881,0.0,0.0,0.6752357456768,0.0
274835,2025-01-24T03:00:00.000000000,3.1820000000000004,2.8600000000000003,0.0,0.0,0.0,0.0
274835,2025-01-24T04:00:00.000000000,2.2010000000000005,1.9260000000000002,0.0,0.0,0.32501581682099445,0.0
274835,2025-01-24T05:00:00.000000000,2.112,1.8410000000000002,0.0,0.0,0.32501581682099445,0.0
274835,2025-01-24T06:00:00.000000000,2.0340000000000003,1.766,0.0,0.0,0.0,0.0
274835,2025-01-24T07:00:00.000000000,1.92,1.544,0.0,0.0,0.8531298852713389,0.0
274835,2025-01-24T08:00:00.000000000,1.892,1.309,0.0,0.0,0.9278630081652556,0.0
274835,2025-01-24T09:00:00.000000000,1.856,1.1869999999999998,0.0,0.0,0.3405485835401222,0.0
274835,2025-01-24T10:00:00.000000000,1.7069999999999999,1.048,0.0,0.0,0.3405485835401222,0.0
274835,2025-01-24T11:00:00.000000000,1.5580000000000003,0.9109999999999999,0.0,0.0,0.3247227457508223,0.0
274835,2025-01-24T12:00:00.000000000,1.4499999999999997,0.806,0.0,0.0,0.7048359237641945,0.0
274835,2025-01-24T13:00:00.000000000,1.354,0.711,0.0,0.0,0.3247227457508223,0.0
274835,2025-01-24T14:00:00.000000000,1.245,0.602,0.0,0.0,0.0,0.0
274835,2025-01-24T15:00:00.000000000,1.161,0.476,0.0,0.0,0.3247227457508223,0.0
274835,2025-01-24T16:00:00.000000000,1.297,0.51,0.0,0.0,0.3247227457508223,0.0
274835,2025-01-24T17:00:00.000000000,1.6569999999999998,0.645,0.0,0.0,1.4638899955102502,0.0
274835,2025-01-24T18:00:00.000000000,1.9069999999999998,0.826,0.0,0.0,0.3247227457508223,0.0
274835,2025-01-24T19:00:00.000000000,2.005,0.9440000000000001,0.0,0.0,0.6890100859748945,0.0
274835,2025-01-24T20:00:00.000000000,1.986,1.042,0.0,0.0,0.5999164806425389,0.0
274835,2025-01-24T21:00:00.000000000,1.9429999999999998,1.125,0.0,0.0,0.4085410718200778,0.0
274835,2025-01-24T22:00:00.000000000,1.708,1.278,0.0,0.0,0.33703173069805553,0.0
274835,2025-01-24T23:00:00.000000000,1.6609999999999998,1.377,0.0,0.0,0.3247227457508223,0.0
274835,2025-01-25T00:00:00.000000000,1.817,1.546,0.0,0.0,0.0,0.0
274835,2025-01-25T01:00:00.000000000,2.003,1.731,0.0,0.0,0.3247227457508223,0.0
274835,2025-01-25T02:00:00.000000000,2.0949999999999998,1.8199999999999998,0.0,0.0,0.3247227457508223,0.0
274835,2025-01-25T03:00:00.000000000,2.725,2.424,0.0,0.0,0.0,0.0
274835,2025-01-25T04:00:00.000000000,2.883,2.58,0.0,0.0,0.3247227457508223,0.0
274835,2025-01-25T05:00:00.000000000,3.0149999999999997,2.7140000000000004,0.0,0.0,0.3247227457508223,0.0
274835,2025-01-25T06:00:00.000000000,3.266,2.961,0.0,0.0,0.32501581682099445,0.0
274835,2025-01-25T07:00:00.000000000,3.4939999999999998,3.1799999999999997,0.0,0.0,0.0,0.0
274835,2025-01-25T08:00:00.000000000,3.487,3.173,0.0,0.0,0.32501581682099445,0.0
274835,2025-01-25T09:00:00.000000000,3.41,3.101,0.0,0.0,0.32501581682099445,0.0
274835,2025-01-25T10:00:00.000000000,3.577,2.974,0.0,0.0,0.33263566464547223,0.0
274835,2025-01-25T11:00:00.000000000,3.477,2.7859999999999996,0.0,0.0,0.32501581682099445,0.0
274835,2025-01-25T12:00:00.000000000,3.3520000000000003,2.667,0.0,0.0,0.32501581682099445,0.0
274835,2025-01-25T13:00:00.000000000,3.363,2.681,0.0,0.0,0.0,0.0
274835,2025-01-25T14:00:00.000000000,3.584,2.8949999999999996,0.0,0.0,1.49554167108885,0.0
274835,2025-01-25T15:00:00.000000000,3.6029999999999998,2.855,0.0,0.0,0.8651457991484,0.0
274835,2025-01-25T16:00:00.000000000,3.66,2.77,0.0,0.0,2.499017015358539,0.0
274835,2025-01-25T17:00:00.000000000,4.585,3.548,0.0,0.0,0.32501581682099445,0.0
274835,2025-01-25T18:00:00.000000000,4.84,3.691,0.0,0.0,0.0,0.0
274835,2025-01-25T19:00:00.000000000,4.787,3.662,0.0,0.0,0.32501581682099445,0.0
274835,2025-01-25T20:00:00.000000000,4.786,3.7750000000000004,0.0,0.0,0.7065943501852279,0.0
274835,2025-01-25T21:00:00.000000000,4.802,3.9139999999999997,0.0,0.0,0.35021992885580555,0.0
274835,2025-01-25T22:00:00.000000000,4.843,4.039,0.0,0.0,0.6500316336419889,0.0
274835,2025-01-25T23:00:00.000000000,4.823,4.204000000000001,0.0,0.0,0.7531926503426112,0.0
274835,2025-01-26T00:00:00.000000000,5.074,4.6370000000000005,0.0,0.0,0.7449866603777888,0.0
274835,2025-01-26T01:00:00.000000000,5.5120000000000005,5.149,0.0,0.0,0.32501581682099445,0.0
274835,2025-01-26T02:00:00.000000000,5.986000000000001,5.611000000000001,0.0,0.0,0.0,0.0
274835,2025-01-26T03:00:00.000000000,6.367,5.984,0.0,0.0,0.32501581682099445,0.0
274835,2025-01-26T04:00:00.000000000,6.574999999999999,6.188,0.0,0.0,0.32501581682099445,0.0
274835,2025-01-26T05:00:00.000000000,6.611,6.229,0.0,0.0,0.32970495394375,0.0
274835,2025-01-26T06:00:00.000000000,6.904999999999999,6.305000000000001,0.0,0.0,1.5509321033514003,0.0
274835,2025-01-26T07:00:00.000000000,7.042999999999999,6.297000000000001,0.0,0.0,1.280720576652611,0.0
274835,2025-01-26T08:00:00.000000000,6.2829999999999995,5.513,0.0,0.0,1.032489380216739,0.0
274835,2025-01-26T09:00:00.000000000,5.209,4.455,0.0,0.0,1.2704630891965834,0.0
274835,2025-01-26T10:00:00.000000000,4.442,3.714,0.0,0.0,0.8027216612017166,0.0
274835,2025-01-26T11:00:00.000000000,3.506,2.9110000000000005,0.0,0.0,0.32501581682099445,0.0
274835,2025-01-26T12:00:00.000000000,2.612,2.239,0.0,0.0,0.33732480176822777,0.0
274835,2025-01-26T13:00:00.000000000,2.253,1.602,0.0,0.0,0.3505129999259778,0.0
274835,2025-01-26T14:00:00.000000000,2.04,1.396,0.0,0.0,0.6500316336419889,0.0
274835,2025-01-26T15:00:00.000000000,2.181,1.599,0.0,0.0,0.0,0.0
274835,2025-01-26T16:00:00.000000000,2.484,2.2039999999999997,0.0,0.0,0.6875447306240333,0.0
274835,2025-01-26T17:00:00.000000000,3.5469999999999997,2.812,0.0,0.0,1.8440031735236224,0.0
274835,2025-01-26T18:00:00.000000000,4.173,3.037,0.0,0.0,0.33732480176822777,0.0
274835,2025-01-26T19:00:00.000000000,4.158,3.042,0.0,0.0,0.32501581682099445,0.0
274835,2025-01-26T20:00:00.000000000,4.186,3.18,0.0,0.0,0.32501581682099445,0.0
274835,2025-01-26T21:00:00.000000000,3.826,3.3040000000000003,0.0,0.0,1.0714678325496445,0.0
274835,2025-01-26T22:00:00.000000000,3.7510000000000003,3.3729999999999998,0.0,0.0,0.0,0.0
274835,2025-01-26T23:00:00.000000000,3.521,3.173,0.0,0.0,0.32501581682099445,0.0
274835,2025-01-27T00:00:00.000000000,3.215,2.893,0.0,0.0,0.32501581682099445,0.0
274835,2025-01-27T01:00:00.000000000,3.075,2.7589999999999995,0.0,0.0,0.0,0.0
274835,2025-01-27T02:00:00.000000000,2.534,2.2439999999999998,0.0,0.0,0.32501581682099445,0.0
274835,2025-01-27T03:00:00.000000000,2.248,1.9699999999999998,0.0,0.0,0.32501581682099445,0.0
274835,2025-01-27T04:00:00.000000000,2.152,1.877,0.0,0.0,0.32501581682099445,0.0
274835,2025-01-27T05:00:00.000000000,2.149,1.7830000000000001,0.0,0.0,0.34113472568046666,0.0
274835,2025-01-27T06:00:00.000000000,2.27,1.753,0.0,0.0,0.7637432088688111,0.0
274835,2025-01-27T07:00:00.000000000,2.304,1.676,0.0,0.0,0.6133977498704611,0.0
274835,2025-01-27T08:00:00.000000000,2.194,1.5310000000000001,0.0,0.0,1.0752777564618832,0.0
274835,2025-01-27T09:00:00.000000000,1.931,1.263,0.0,0.0,0.67787338530835,0.0
274835,2025-01-27T10:00:00.000000000,1.2750000000000001,1.021,0.0,0.0,0.7605194270969168,0.0
274835,2025-01-27T11:00:00.000000000,1.036,0.7869999999999999,0.0,0.0,0.33703173069805553,0.0
274835,2025-01-27T12:00:00.000000000,0.8049999999999999,0.558,0.0,0.0,1.465355350861111,0.0
274835,2025-01-27T13:00:00.000000000,0.619,0.37300000000000005,0.0,0.0,0.4003350818552556,0.0
274835,2025-01-27T14:00:00.000000000,0.497,0.25,0.0,0.0,0.0,0.0
274835,2025-01-27T15:00:00.000000000,0.515,0.269,0.0,0.0,0.3247227457508223,0.0
274835,2025-01-27T16:00:00.000000000,1.0130000000000001,0.301,0.0,0.0,1.4556840055454279,0.0
274835,2025-01-27T17:00:00.000000000,1.681,0.708,0.0,0.0,0.0,0.0
274835,2025-01-27T18:00:00.000000000,1.9219999999999997,0.842,0.0,0.0,0.3247227457508223,0.0
274835,2025-01-27T19:00:00.000000000,1.987,0.929,0.0,0.0,0.3247227457508223,0.0
274835,2025-01-27T20:00:00.000000000,1.948,1.008,0.0,0.0,0.3247227457508223,0.0
274835,2025-01-27T21:00:00.000000000,1.5010000000000001,1.203,0.0,0.0,0.3247227457508223,0.0
274835,2025-01-27T22:00:00.000000000,1.74,1.436,0.0,0.0,0.3247227457508223,0.0
274835,2025-01-27T23:00:00.000000000,2.82,2.4939999999999998,0.0,0.0,0.0,0.0
274835,2025-01-28T00:00:00.000000000,3.0300000000000002,2.71,0.0,0.0,0.3247227457508223,0.0
274835,2025-01-28T01:00:00.000000000,3.1340000000000003,2.8189999999999995,0.0,0.0,0.3247227457508223,0.0
274835,2025-01-28T02:00:00.000000000,3.1390000000000002,2.8269999999999995,0.0,0.0,0.0,0.0
274835,2025-01-28T03:00:00.000000000,3.173,2.8629999999999995,0.0,0.0,0.3247227457508223,0.0
274835,2025-01-28T04:00:00.000000000,3.3259999999999996,2.988,0.0,0.0,2.0306894452233277,0.0
274835,2025-01-28T05:00:00.000000000,3.503,3.187,0.0,0.0,0.2784175166636111,0.0
274835,2025-01-28T06:00:00.000000000,3.6670000000000003,3.346,0.0,0.0,0.32501581682099445,0.0
274835,2025-01-28T07:00:00.000000000,3.5740000000000003,3.2560000000000002,0.0,0.0,0.32501581682099445,0.0
274835,2025-01-28T08:00:00.000000000,3.316,3.006,0.0,0.0,0.0,0.0
274835,2025-01-28T09:00:00.000000000,2.9539999999999997,2.657,0.0,0.0,0.3247227457508223,0.0
274835,2025-01-28T10:00:00.000000000,2.405,2.128,0.0,0.0,0.3247227457508223,0.0
274835,2025-01-28T11:00:00.000000000,2.171,1.906,0.0,0.0,0.0,0.0
274835,2025-01-28T12:00:00.000000000,1.889,1.633,0.0,0.0,0.3247227457508223,0.0
274835,2025-01-28T13:00:00.000000000,1.7959999999999998,1.3499999999999999,0.0,0.0,0.3247227457508223,0.0
274835,2025-01-28T14:00:00.000000000,1.832,1.189,0.0,0.0,0.3247227457508223,0.0
274835,2025-01-28T15:00:00.000000000,1.924,1.237,0.0,0.0,0.0,0.0
274835,2025-01-28T16:00:00.000000000,2.329,1.5370000000000001,0.0,0.0,0.3247227457508223,0.0
274835,2025-01-28T17:00:00.000000000,3.4979999999999998,2.491,0.0,0.0,0.6872516595538611,0.0
274835,2025-01-28T18:00:00.000000000,4.084,2.957,0.0,0.0,0.33703173069805553,0.0
274835,2025-01-28T19:00:00.000000000,4.382000000000001,3.2699999999999996,0.0,0.0,0.34963378671546114,0.0
274835,2025-01-28T20:00:00.000000000,4.536999999999999,3.535,0.0,0.0,0.3247227457508223,0.0
274835,2025-01-28T21:00:00.000000000,4.5,3.741,0.0,0.0,0.32501581682099445,0.0
274835,2025-01-28T22:00:00.000000000,4.438,4.058,0.0,0.0,0.6872516595538611,0.0
274835,2025-01-28T23:00:00.000000000,4.65,4.289,0.0,0.0,0.35021992885580555,0.0
274835,2025-01-29T00:00:00.000000000,5.13,4.768,0.0,0.0,0.32501581682099445,0.0
274835,2025-01-29T01:00:00.000000000,5.481,5.114,0.0,0.0,0.32501581682099445,0.0
274835,2025-01-29T02:00:00.000000000,5.938000000000001,5.561999999999999,0.0,0.0,0.0,0.0
274835,2025-01-29T03:00:00.000000000,6.333,5.949,0.0,0.0,0.32501581682099445,0.0
274835,2025-01-29T04:00:00.000000000,6.449000000000001,6.063,0.0,0.0,0.32501581682099445,0.0
274835,2025-01-29T05:00:00.000000000,6.4510000000000005,6.068,0.0,0.0,0.32501581682099445,0.0
274835,2025-01-29T06:00:00.000000000,6.352,5.972,0.0,0.0,0.0,0.0
274835,2025-01-29T07:00:00.000000000,6.308,5.648,0.0,0.0,0.32501581682099445,0.0
274835,2025-01-29T08:00:00.000000000,5.488,4.736000000000001,0.0,0.0,0.32501581682099445,0.0
274835,2025-01-29T09:00:00.000000000,4.167999999999999,3.442,0.0,0.0,0.32501581682099445,0.0
274835,2025-01-29T10:00:00.000000000,3.134,2.445,0.0,0.0,0.0,0.0
274835,2025-01-29T11:00:00.000000000,2.415,1.7560000000000002,0.0,0.0,0.33732480176822777,0.0
274835,2025-01-29T12:00:00.000000000,2.0020000000000002,1.355,0.0,0.0,0.32501581682099445,0.0
274835,2025-01-29T13:00:00.000000000,1.7730000000000001,1.131,0.0,0.0,0.32501581682099445,0.0
274835,2025-01-29T14:00:00.000000000,1.603,0.96,0.0,0.0,0.6617544764488779,0.0
274835,2025-01-29T15:00:00.000000000,1.56,0.836,0.0,0.0,1.1309612597946055,0.0
274835,2025-01-29T16:00:00.000000000,1.94,1.153,0.0,0.0,0.3247227457508223,0.0
274835,2025-01-29T17:00:00.000000000,2.874,1.884,0.0,0.0,0.3247227457508223,0.0
274835,2025-01-29T18:00:00.000000000,3.4690000000000003,2.356,0.0,0.0,0.0,0.0
274835,2025-01-29T19:00:00.000000000,3.868,2.762,0.0,0.0,1.0518320708481057,0.0
274835,2025-01-29T20:00:00.000000000,4.152,3.15,0.0,0.0,0.6872516595538611,0.0
274835,2025-01-29T21:00:00.000000000,4.346,3.4599999999999995,0.0,0.0,0.03809923912238889,0.0
274835,2025-01-29T22:00:00.000000000,4.507000000000001,3.6990000000000003,0.0,0.0,0.6342057958526889,0.0
274835,2025-01-29T23:00:00.000000000,4.319,3.6950000000000003,0.0,0.0,0.32501581682099445,0.0
274835,2025-01-30T00:00:00.000000000,4.189,3.697,0.0,0.0,0.0,0.0
274835,2025-01-30T01:00:00.000000000,4.13,3.753,0.0,0.0,0.32501581682099445,0.0
274835,2025-01-30T02:00:00.000000000,4.1819999999999995,3.834,0.0,0.0,0.32501581682099445,0.0
274835,2025-01-30T03:00:00.000000000,4.195,3.8469999999999995,0.0,0.0,0.0,0.0
274835,2025-01-30T04:00:00.000000000,4.195,3.85,0.0,0.0,0.32501581682099445,0.0
274835,2025-01-30T05:00:00.000000000,4.2059999999999995,3.863,0.0,0.0,0.32501581682099445,0.0
274835,2025-01-30T06:00:00.000000000,4.220000000000001,3.878,0.0,0.0,0.32501581682099445,0.0
274835,2025-01-30T07:00:00.000000000,4.282,3.66,0.0,0.0,0.0,0.0
274835,2025-01-30T08:00:00.000000000,3.771,3.0549999999999997,0.0,0.0,0.3247227457508222,0.0
274835,2025-01-30T09:00:00.000000000,2.865,2.1700000000000004,0.0,0.0,0.32501581682099445,0.0
274835,2025-01-30T10:00:00.000000000,2.012,1.349,0.0,0.0,0.0,0.0
274835,2025-01-30T11:00:00.000000000,1.387,0.937,0.0,0.0,1.1312543308647778,0.0
274835,2025-01-30T12:00:00.000000000,0.8969999999999999,0.65,0.0,0.0,0.33703173069805553,0.0
274835,2025-01-30T13:00:00.000000000,0.685,0.43699999999999994,0.0,0.0,0.33703173069805553,0.0
274835,2025-01-30T14:00:00.000000000,0.653,0.407,0.0,0.0,0.6893031570450667,0.0
274835,2025-01-30T15:00:00.000000000,0.8119999999999999,0.5660000000000001,0.0,0.0,0.3247227457508223,0.0
274835,2025-01-30T16:00:00.000000000,1.254,0.843,0.0,0.0,0.8528368142011667,0.0
274835,2025-01-30T17:00:00.000000000,2.381,1.3820000000000001,0.0,0.0,0.9129163835864722,0.0
274835,2025-01-30T18:00:00.000000000,3.0860000000000003,1.9850000000000003,0.0,0.0,0.014653553508611111,0.0
274835,2025-01-30T19:00:00.000000000,3.6069999999999998,2.511,0.0,0.0,0.3247227457508223,0.0
274835,2025-01-30T20:00:00.000000000,3.808,2.8160000000000003,0.0,0.0,0.3247227457508223,0.0
274835,2025-01-30T21:00:00.000000000,3.876,3.006,0.0,0.0,0.6819763802907611,0.0
274835,2025-01-30T22:00:00.000000000,4.002,3.2110000000000003,0.0,0.0,0.3947667315219834,0.0
274835,2025-01-30T23:00:00.000000000,3.732,3.285,0.0,0.0,0.32501581682099445,0.0
274835,2025-01-31T00:00:00.000000000,3.571,3.2430000000000003,0.0,0.0,0.7051289948343668,0.0
274835,2025-01-31T01:00:00.000000000,3.587,3.2619999999999996,0.0,0.0,0.0,0.0
274835,2025-01-31T02:00:00.000000000,3.6050000000000004,3.2809999999999997,0.0,0.0,0.32501581682099445,0.0
274835,2025-01-31T03:00:00.000000000,3.534,3.2139999999999995,0.0,0.0,0.32501581682099445,0.0
274835,2025-01-31T04:00:00.000000000,3.6800000000000006,3.332,0.0,0.0,0.32501581682099445,0.0
274835,2025-01-31T05:00:00.000000000,3.7720000000000002,3.452,0.0,0.0,0.0,0.0
274835,2025-01-31T06:00:00.000000000,4.07,3.7409999999999997,0.0,0.0,0.32501581682099445,0.0
274835,2025-01-31T07:00:00.000000000,4.3229999999999995,3.984,0.0,0.0,0.32501581682099445,0.0
274835,2025-01-31T08:00:00.000000000,4.428,3.853,0.0,0.0,1.1309612597946055,0.0
274835,2025-01-31T09:00:00.000000000,4.609999999999999,3.8669999999999995,0.0,0.0,0.32501581682099445,0.0
274835,2025-01-31T10:00:00.000000000,4.548,3.816,0.0,0.0,0.32501581682099445,0.0
274835,2025-01-31T11:00:00.000000000,4.483,3.7619999999999996,0.0,0.0,0.32501581682099445,0.0
274835,2025-01-31T12:00:00.000000000,4.472,3.757,0.0,0.0,0.3505129999259778,0.0
274835,2025-01-31T13:00:00.000000000,4.3709999999999996,3.624,0.0,0.0,1.4559770766156,0.0
274835,2025-01-31T14:00:00.000000000,4.5969999999999995,3.88,0.0,0.0,0.3505129999259778,0.0
274835,2025-01-31T15:00:00.000000000,4.55,3.7939999999999996,0.0,0.0,0.32501581682099445,0.0
274835,2025-01-31T16:00:00.000000000,4.7490000000000006,3.889,0.0,0.0,0.0,0.0
274835,2025-01-31T17:00:00.000000000,5.4,4.304,0.0,0.0,1.8208505589800166,0.0
274835,2025-01-31T18:00:00.000000000,6.23,5.051,0.0,0.0,0.32501581682099445,0.0
274835,2025-01-31T19:00:00.000000000,6.843,5.673,0.0,0.0,0.7177310508517722,0.0
274835,2025-01-31T20:00:00.000000000,6.929,5.868,0.0,0.0,0.6755288167469722,0.0
274835,2025-01-31T21:00:00.000000000,6.515,5.5889999999999995,0.0,0.0,0.32501581682099445,0.0
274835,2025-01-31T22:00:00.000000000,6.498,5.952999999999999,0.0,0.0,1.127444406952539,0.0
274835,2025-01-31T23:00:00.000000000,6.598,6.193,0.0,0.0,0.32501581682099445,0.0
274835,2025-02-01T00:00:00.000000000,7.014,6.614,0.0,0.0,0.32501581682099445,0.0
274835,2025-02-01T01:00:00.000000000,7.362,6.959,0.0,0.0,0.0,0.0
274835,2025-02-01T02:00:00.000000000,7.677,7.270999999999999,0.0,0.0,0.32501581682099445,0.0
274835,2025-02-01T03:00:00.000000000,8.008000000000001,7.599,0.0,0.0,0.3253088878911667,0.0
274835,2025-02-01T04:00:00.000000000,8.280999999999999,7.87,0.0,0.0,0.3253088878911667,0.0
274835,2025-02-01T05:00:00.000000000,8.23,7.821,0.0,0.0,0.0,0.0
274835,2025-02-01T06:00:00.000000000,7.883,7.478,0.0,0.0,0.3253088878911667,0.0
274835,2025-02-01T07:00:00.000000000,7.502,7.106,0.0,0.0,0.3253088878911667,0.0
274835,2025-02-01T08:00:00.000000000,6.671,6.29,0.0,0.0,0.3253088878911667,0.0
274835,2025-02-01T09:00:00.000000000,5.827,5.467,0.0,0.0,0.0,0.0
274835,2025-02-01T10:00:00.000000000,5.357,4.720000000000001,0.0,0.0,0.3253088878911667,0.0
274835,2025-02-01T11:00:00.000000000,4.769,4.055,0.0,0.0,0.3253088878911667,0.0
274835,2025-02-01T12:00:00.000000000,4.263999999999999,3.5660000000000003,0.0,0.0,0.32501581682099445,0.0
274835,2025-02-01T13:00:00.000000000,3.5119999999999996,2.8740000000000006,0.0,0.0,1.65907532824495,0.0
274835,2025-02-01T14:00:00.000000000,3.338,2.648,0.0,0.0,0.9278630081652556,0.0
274835,2025-02-01T15:00:00.000000000,3.5420000000000003,2.84,0.0,0.0,0.33732480176822777,0.0
274835,2025-02-01T16:00:00.000000000,4.004,3.222,0.0,0.0,0.32501581682099445,0.0
274835,2025-02-01T17:00:00.000000000,5.037,4.055,0.0,0.0,0.8531298852713389,0.0
274835,2025-02-01T18:00:00.000000000,5.7010000000000005,4.58,0.0,0.0,1.3985351468618445,0.0
274835,2025-02-01T19:00:00.000000000,6.132,4.976000000000001,0.0,0.0,0.6761149588873168,0.0
274835,2025-02-01T20:00:00.000000000,5.860000000000001,4.76,0.0,0.0,0.6749426746066278,0.0
274835,2025-02-01T21:00:00.000000000,5.7010000000000005,4.723000000000001,0.0,0.0,2.0453429987319387,0.0
274835,2025-02-01T22:00:00.000000000,5.566,4.7989999999999995,0.0,0.0,0.32501581682099445,0.0
274835,2025-02-01T23:00:00.000000000,5.177,4.798,0.0,0.0,0.3253088878911667,0.0
274835,2025-02-02T00:00:00.000000000,5.118,4.757,0.0,0.0,0.3253088878911667,0.0
274835,2025-02-02T01:00:00.000000000,5.129,4.769,0.0,0.0,0.0,0.0
274835,2025-02-02T02:00:00.000000000,5.164,4.803,0.0,0.0,0.32501581682099445,0.0
274835,2025-02-02T03:00:00.000000000,5.106999999999999,4.749,0.0,0.0,0.3253088878911667,0.0
274835,2025-02-02T04:00:00.000000000,5.136,4.779,0.0,0.0,0.3253088878911667,0.0
274835,2025-02-02T05:00:00.000000000,5.199,4.84,0.0,0.0,0.0,0.0
274835,2025-02-02T06:00:00.000000000,5.156,4.801,0.0,0.0,0.3253088878911667,0.0
274835,2025-02-02T07:00:00.000000000,5.1819999999999995,4.824,0.0,0.0,0.3253088878911667,0.0
274835,2025-02-02T08:00:00.000000000,5.234999999999999,4.5809999999999995,0.0,0.0,0.3253088878911667,0.0
274835,2025-02-02T09:00:00.000000000,4.906,4.16,0.0,0.0,0.0,0.0
274835,2025-02-02T10:00:00.000000000,4.439,3.714,0.0,0.0,0.3253088878911667,0.0
274835,2025-02-02T11:00:00.000000000,4.0649999999999995,3.3609999999999998,0.0,0.0,0.3253088878911667,0.0
274835,2025-02-02T12:00:00.000000000,3.72,2.992,0.0,0.0,1.4559770766156,0.0
274835,2025-02-02T13:00:00.000000000,3.7849999999999997,3.0940000000000003,0.0,0.0,0.32501581682099445,0.0
274835,2025-02-02T14:00:00.000000000,3.665,3.074,0.0,0.0,0.32501581682099445,0.0
274835,2025-02-02T15:00:00.000000000,3.44,3.1380000000000003,0.0,0.0,0.7953948844474111,0.0
274835,2025-02-02T16:00:00.000000000,3.822,3.162,0.0,0.0,0.7303331068691777,0.0
274835,2025-02-02T17:00:00.000000000,4.382000000000001,3.549,0.0,0.0,0.7016121419923,0.0
274835,2025-02-02T18:00:00.000000000,4.49,3.41,0.0,0.0,0.6901823702555834,0.0
274835,2025-02-02T19:00:00.000000000,3.8919999999999995,3.5460000000000003,0.0,0.0,0.0,0.0
274835,2025-02-02T20:00:00.000000000,4.003,3.6460000000000004,0.0,0.0,0.32501581682099445,0.0
274835,2025-02-02T21:00:00.000000000,4.282,3.775,0.0,0.0,0.32501581682099445,0.0
274835,2025-02-02T22:00:00.000000000,4.835,3.973,0.0,0.0,0.6503247047121612,0.0
274835,2025-02-02T23:00:00.000000000,5.021999999999999,4.381,0.0,0.0,0.3253088878911667,0.0
274835,2025-02-03T00:00:00.000000000,5.207,4.84,0.0,0.0,0.0,0.0
274835,2025-02-03T01:00:00.000000000,5.434,5.064,0.0,0.0,0.32501581682099445,0.0
274835,2025-02-03T02:00:00.000000000,5.522,5.15,0.0,0.0,0.3253088878911667,0.0
274835,2025-02-03T03:00:00.000000000,5.853,5.474,0.0,0.0,0.3253088878911667,0.0
274835,2025-02-03T04:00:00.000000000,6.247999999999999,5.8629999999999995,0.0,0.0,0.0,0.0
274835,2025-02-03T05:00:00.000000000,6.14,5.758,0.0,0.0,0.3253088878911667,0.0
274835,2025-02-03T06:00:00.000000000,6.211,5.825,0.0,0.0,0.3253088878911667,0.0
274835,2025-02-03T07:00:00.000000000,6.267,5.877,0.0,0.0,0.3253088878911667,0.0
274835,2025-02-03T08:00:00.000000000,6.024,5.643,0.0,0.0,0.0,0.0
274835,2025-02-03T09:00:00.000000000,5.901999999999999,5.526,0.0,0.0,0.32501581682099445,0.0
274835,2025-02-03T10:00:00.000000000,5.654,5.291,0.0,0.0,0.3253088878911667,0.0
274835,2025-02-03T11:00:00.000000000,5.439,5.086,0.0,0.0,0.3253088878911667,0.0
274835,2025-02-03T12:00:00.000000000,5.327,4.979,0.0,0.0,0.0,0.0
274835,2025-02-03T13:00:00.000000000,5.492999999999999,5.143000000000001,0.0,0.0,0.32501581682099445,0.0
274835,2025-02-03T14:00:00.000000000,5.683999999999999,5.141,0.0,0.0,0.3253088878911667,0.0
274835,2025-02-03T15:00:00.000000000,5.739999999999999,4.981,0.0,0.0,0.3253088878911667,0.0
274835,2025-02-03T16:00:00.000000000,5.838,5.009,0.0,0.0,0.0,0.0
274835,2025-02-03T17:00:00.000000000,6.358,5.359,0.0,0.0,0.3253088878911667,0.0
274835,2025-02-03T18:00:00.000000000,6.106999999999999,5.367999999999999,0.0,0.0,1.4978862396502277,0.0
274835,2025-02-03T19:00:00.000000000,6.241,5.273,0.0,0.0,0.7189033351324611,0.0
274835,2025-02-03T20:00:00.000000000,6.147,5.406000000000001,0.0,0.0,1.0160774002870945,0.0
274835,2025-02-03T21:00:00.000000000,6.475,5.486,0.0,0.0,0.0,0.0
274835,2025-02-03T22:00:00.000000000,6.46,5.902,0.0,0.0,1.0691232639882666,0.0
274835,2025-02-03T23:00:00.000000000,6.555999999999999,6.154,0.0,0.0,0.0,0.0
274835,2025-02-04T00:00:00.000000000,6.686,6.295,0.0,0.0,0.3253088878911667,0.0
274835,2025-02-04T01:00:00.000000000,6.819999999999999,6.428,0.0,0.0,0.3253088878911667,0.0
274835,2025-02-04T02:00:00.000000000,6.993,6.6,0.0,0.0,0.3253088878911667,0.0
274835,2025-02-04T03:00:00.000000000,7.19,6.7940000000000005,0.0,0.0,0.16822279427885553,0.0
274835,2025-02-04T04:00:00.000000000,7.423,7.023,0.0,0.0,0.15708609361231113,0.0
274835,2025-02-04T05:00:00.000000000,7.622,7.216000000000001,0.0,0.0,0.3253088878911667,0.0
274835,2025-02-04T06:00:00.000000000,7.7490000000000006,7.34,0.0,0.0,0.3253088878911667,0.0
274835,2025-02-04T07:00:00.000000000,7.892,7.4799999999999995,0.0,0.0,0.3253088878911667,0.0
274835,2025-02-04T08:00:00.000000000,7.76,7.352,0.0,0.0,0.0,0.0
274835,2025-02-04T09:00:00.000000000,7.57,7.069,0.0,0.0,1.0500736444270722,0.0
274835,2025-02-04T10:00:00.000000000,7.567,6.777,0.0,0.0,0.7367806704129667,0.0
274835,2025-02-04T11:00:00.000000000,7.0729999999999995,6.593,0.0,0.0,0.3253088878911667,0.0
274835,2025-02-04T12:00:00.000000000,6.771,6.3950000000000005,0.0,0.0,0.0,0.0
274835,2025-02-04T13:00:00.000000000,6.2860000000000005,5.922000000000001,0.0,0.0,1.0442122230236277,0.0
274835,2025-02-04T14:00:00.000000000,5.838,5.391,0.0,0.0,1.5207457831236613,0.0
274835,2025-02-04T15:00:00.000000000,5.797000000000001,5.044,0.0,0.0,0.3408416546102945,0.0
274835,2025-02-04T16:00:00.000000000,6.192,5.361,0.0,0.0,1.0345408777079446,0.0
274835,2025-02-04T17:00:00.000000000,7.182,6.767,0.0,0.0,0.13305426585818889,0.0
274835,2025-02-04T18:00:00.000000000,8.283,7.856999999999999,0.0,0.0,0.3253088878911667,0.0
274835,2025-02-04T19:00:00.000000000,9.541999999999998,8.71,0.0,0.0,0.6629267607295667,0.0
274835,2025-02-04T20:00:00.000000000,10.593,9.421000000000001,0.0,0.0,1.0579865633217223,0.0
274835,2025-02-04T21:00:00.000000000,10.649000000000001,10.0,0.0,0.0,0.0,0.0
274835,2025-02-04T22:00:00.000000000,10.903,10.41,0.0,0.0,0.32560195896133887,0.0
274835,2025-02-04T23:00:00.000000000,10.953,10.48,0.0,0.0,0.32560195896133887,0.0
274835,2025-02-05T00:00:00.000000000,11.038,10.58,0.0,0.0,0.32560195896133887,0.0
274835,2025-02-05T01:00:00.000000000,10.748999999999999,10.297,0.0,0.0,0.32560195896133887,0.0
274835,2025-02-05T02:00:00.000000000,10.103,9.658,0.0,0.0,0.0,0.0
274835,2025-02-05T03:00:00.000000000,9.998,9.554,0.0,0.0,0.32560195896133887,0.0
274835,2025-02-05T04:00:00.000000000,9.798,9.358,0.0,0.0,0.32560195896133887,0.0
274835,2025-02-05T05:00:00.000000000,9.792000000000002,9.358,0.0,0.0,0.32560195896133887,0.0
274835,2025-02-05T06:00:00.000000000,10.619,10.177,0.0,0.0,0.32560195896133887,0.0
274835,2025-02-05T07:00:00.000000000,10.856000000000002,10.402000000000001,0.011,0.0,0.0,0.0
274835,2025-02-05T08:00:00.000000000,8.888,8.174,0.0,0.0,0.32560195896133887,0.0
274835,2025-02-05T09:00:00.000000000,7.381,6.5969999999999995,0.0,0.0,0.32560195896133887,0.0
274835,2025-02-05T10:00:00.000000000,6.022,5.274,0.0,0.0,0.32560195896133887,0.0
274835,2025-02-05T11:00:00.000000000,5.074,4.357,0.0,0.0,0.3009839890668722,0.0
274835,2025-02-05T12:00:00.000000000,4.431,3.7319999999999998,0.0,0.0,0.9082272464637168,0.0
274835,2025-02-05T13:00:00.000000000,3.951,3.265,0.0,0.0,0.6764080299574888,0.0
274835,2025-02-05T14:00:00.000000000,3.5700000000000003,2.877,0.0,0.0,0.5281140684503445,0.0
274835,2025-02-05T15:00:00.000000000,3.5260000000000002,2.77,0.0,0.0,2.0591173390300335,0.0
274835,2025-02-05T16:00:00.000000000,4.407,3.616,0.0,0.0,0.3253088878911667,0.0
274835,2025-02-05T17:00:00.000000000,5.756,4.777,0.0,0.0,0.7060082080448833,0.0
274835,2025-02-05T18:00:00.000000000,6.37,5.253,0.0,0.0,1.9940555614518,0.0
274835,2025-02-05T19:00:00.000000000,6.805999999999999,5.633,0.0,0.0,1.7678046952788447,0.0
274835,2025-02-05T20:00:00.000000000,6.942,5.821,0.0,0.0,1.0717609036198166,0.0
274835,2025-02-05T21:00:00.000000000,7.08,6.075000000000001,0.0,0.0,0.72535089867625,0.0
274835,2025-02-05T22:00:00.000000000,7.013,6.441,0.0,0.0,0.33791094390857224,0.0
274835,2025-02-05T23:00:00.000000000,6.5,6.095000000000001,0.0,0.0,0.6506177757823334,0.0
274835,2025-02-06T00:00:00.000000000,6.475,6.087,0.0,0.0,0.0,0.0
274835,2025-02-06T01:00:00.000000000,6.503,6.116,0.0,0.0,0.3253088878911667,0.0
274835,2025-02-06T02:00:00.000000000,6.727,6.339,0.0,0.0,0.3253088878911667,0.0
274835,2025-02-06T03:00:00.000000000,7.103999999999999,6.71,0.0,0.0,0.32560195896133887,0.0
274835,2025-02-06T04:00:00.000000000,7.693999999999999,7.292000000000001,0.0,0.0,0.0,0.0
274835,2025-02-06T05:00:00.000000000,8.277,7.869000000000001,0.0,0.0,0.32560195896133887,0.0
274835,2025-02-06T06:00:00.000000000,8.759,8.341,0.0,0.0,0.32560195896133887,0.0
274835,2025-02-06T07:00:00.000000000,8.278,7.867,0.0,0.0,0.32560195896133887,0.0
274835,2025-02-06T08:00:00.000000000,6.9319999999999995,6.5440000000000005,0.0,0.0,0.32560195896133887,0.0
274835,2025-02-06T09:00:00.000000000,5.8,5.439,0.0,0.0,0.0,0.0
274835,2025-02-06T10:00:00.000000000,4.724,4.390000000000001,0.0,0.0,0.32560195896133887,0.0
274835,2025-02-06T11:00:00.000000000,3.966,3.6550000000000002,0.0,0.0,0.3253088878911667,0.0
274835,2025-02-06T12:00:00.000000000,3.514,3.2150000000000003,0.0,0.0,0.3253088878911667,0.0
274835,2025-02-06T13:00:00.000000000,3.234,2.943,0.0,0.0,0.0,0.0
274835,2025-02-06T14:00:00.000000000,2.9929999999999994,2.709,0.0,0.0,0.3253088878911667,0.0
274835,2025-02-06T15:00:00.000000000,3.001,2.718,0.0,0.0,0.3253088878911667,0.0
274835,2025-02-06T16:00:00.000000000,3.3779999999999997,3.08,0.0,0.0,0.3253088878911667,0.0
274835,2025-02-06T17:00:00.000000000,5.121,4.154,0.0,0.0,0.3253088878911667,0.0
274835,2025-02-06T18:00:00.000000000,6.175000000000001,5.064,0.0,0.0,0.0,0.0
274835,2025-02-06T19:00:00.000000000,7.366,6.187,0.0,0.0,0.3253088878911667,0.0
274835,2025-02-06T20:00:00.000000000,8.208,7.068999999999999,0.0,0.0,1.2338292054250555,0.0
274835,2025-02-06T21:00:00.000000000,8.533,8.081,0.0,0.0,1.4137748425108,0.0
274835,2025-02-06T22:00:00.000000000,9.478000000000002,8.667,0.0,0.0,0.39740437115353333,0.0
274835,2025-02-06T23:00:00.000000000,9.668000000000001,8.943000000000001,0.0,0.0,1.1347711837068444,0.0
274835,2025-02-07T00:00:00.000000000,9.653,9.162,0.0,0.0,0.0,0.0
274835,2025-02-07T01:00:00.000000000,9.745,9.308,0.0,0.0,0.32560195896133887,0.0
274835,2025-02-07T02:00:00.000000000,10.015,9.575,0.0,0.0,0.6512039179226777,0.0
274835,2025-02-07T03:00:00.000000000,10.227,9.785,0.0,0.0,0.0,0.0
274835,2025-02-07T04:00:00.000000000,9.995999999999999,9.559,0.0,0.0,0.32560195896133887,0.0
274835,2025-02-07T05:00:00.000000000,9.652000000000001,9.222,0.0,0.0,0.32560195896133887,0.0
274835,2025-02-07T06:00:00.000000000,9.512,9.084999999999999,0.0,0.0,0.32560195896133887,0.0
274835,2025-02-07T07:00:00.000000000,9.19,8.765,0.0,0.0,0.32560195896133887,0.0
274835,2025-02-07T08:00:00.000000000,7.928999999999999,7.523,0.0,0.0,0.0,0.0
274835,2025-02-07T09:00:00.000000000,5.879,5.513,0.0,0.0,0.32560195896133887,0.0
274835,2025-02-07T10:00:00.000000000,4.203,3.88,0.0,0.0,0.32560195896133887,0.0
274835,2025-02-07T11:00:00.000000000,3.3560000000000003,3.059,0.0,0.0,0.3253088878911667,0.0
274835,2025-02-07T12:00:00.000000000,2.952,2.57,0.0,0.0,0.3253088878911667,0.0
274835,2025-02-07T13:00:00.000000000,3.045,2.376,0.0,0.0,0.0,0.0
274835,2025-02-07T14:00:00.000000000,3.168,2.4989999999999997,0.0,0.0,0.6667366846418056,0.0
274835,2025-02-07T15:00:00.000000000,3.305,2.603,0.0,0.0,0.7077666344659167,0.0
274835,2025-02-07T16:00:00.000000000,3.532,2.755,0.0,0.0,1.0028892021293445,0.0
274835,2025-02-07T17:00:00.000000000,4.227,3.2750000000000004,0.0,0.0,0.3253088878911667,0.0
274835,2025-02-07T18:00:00.000000000,4.451,3.367,0.0,0.0,0.3789408937326833,0.0
274835,2025-02-07T19:00:00.000000000,4.643999999999999,3.5090000000000003,0.0,0.0,0.6230690951861444,0.0
274835,2025-02-07T20:00:00.000000000,4.8,3.716,0.0,0.0,0.0,0.0
274835,2025-02-07T21:00:00.000000000,4.742,3.777,0.0,0.0,0.6506177757823334,0.0
274835,2025-02-07T22:00:00.000000000,4.538,3.6740000000000004,0.0,0.0,1.1620267932328612,0.0
274835,2025-02-07T23:00:00.000000000,4.074,3.446,0.0,0.0,0.7086458476764333,0.0
274835,2025-02-08T00:00:00.000000000,3.7720000000000002,3.384,0.0,0.0,0.3253088878911667,0.0
274835,2025-02-08T01:00:00.000000000,3.699,3.3659999999999997,0.0,0.0,0.0,0.0
274835,2025-02-08T02:00:00.000000000,3.627,3.298,0.0,0.0,0.3253088878911667,0.0
274835,2025-02-08T03:00:00.000000000,3.5700000000000003,3.242,0.0,0.0,0.3253088878911667,0.0
274835,2025-02-08T04:00:00.000000000,3.496,3.172,0.0,0.0,0.3253088878911667,0.0
274835,2025-02-08T05:00:00.000000000,3.524,3.201,0.0,0.0,0.3253088878911667,0.0
274835,2025-02-08T06:00:00.000000000,3.609,3.2859999999999996,0.0,0.0,0.3253088878911667,0.0
274835,2025-02-08T07:00:00.000000000,3.924,3.3149999999999995,0.0,0.0,1.0532974261989665,0.0
274835,2025-02-08T08:00:00.000000000,3.868,3.247,0.0,0.0,0.0,0.0
274835,2025-02-08T09:00:00.000000000,3.799,3.0759999999999996,0.0,0.0,0.3253088878911667,0.0
274835,2025-02-08T10:00:00.000000000,3.575,2.868,0.0,0.0,0.3253088878911667,0.0
274835,2025-02-08T11:00:00.000000000,3.298,2.61,0.0,0.0,0.3376178728384,0.0
274835,2025-02-08T12:00:00.000000000,2.99,2.314,0.0,0.0,0.6752357456768,0.0
274835,2025-02-08T13:00:00.000000000,2.721,2.057,0.0,0.0,0.3253088878911667,0.0
274835,2025-02-08T14:00:00.000000000,2.695,2.035,0.0,0.0,0.8159098593594666,0.0
274835,2025-02-08T15:00:00.000000000,2.855,2.163,0.0,0.0,1.089638238900322,0.0
274835,2025-02-08T16:00:00.000000000,3.1470000000000002,2.377,0.0,0.0,2.1276959694503335,0.0
274835,2025-02-08T17:00:00.000000000,3.7089999999999996,2.768,0.0,0.0,0.6793387406592111,0.0
274835,2025-02-08T18:00:00.000000000,3.814,2.745,0.0,0.0,1.579066926087933,0.0
274835,2025-02-08T19:00:00.000000000,3.835,2.722,0.0,0.0,0.7092319898167778,0.0
274835,2025-02-08T20:00:00.000000000,3.582,2.8670000000000004,0.0,0.0,0.6629267607295667,0.0
274835,2025-02-08T21:00:00.000000000,3.3719999999999994,3.013,0.0,0.0,0.0,0.0
274835,2025-02-08T22:00:00.000000000,3.49,3.119,0.0,0.0,0.3376178728384,0.0
274835,2025-02-08T23:00:00.000000000,3.579,3.2260000000000004,0.0,0.0,0.3253088878911667,0.0
274835,2025-02-09T00:00:00.000000000,3.5450000000000004,3.208,0.0,0.0,0.3253088878911667,0.0
274835,2025-02-09T01:00:00.000000000,3.503,3.1710000000000003,0.0,0.0,0.3253088878911667,0.0
274835,2025-02-09T02:00:00.000000000,3.4259999999999997,3.096,0.0,0.0,0.0,0.0
274835,2025-02-09T03:00:00.000000000,3.5189999999999997,3.1879999999999997,0.0,0.0,0.32501581682099445,0.0
274835,2025-02-09T04:00:00.000000000,3.686,3.3499999999999996,0.0,0.0,0.3253088878911667,0.0
274835,2025-02-09T05:00:00.000000000,3.6510000000000002,3.2590000000000003,0.0,0.0,0.32501581682099445,0.0
274835,2025-02-09T06:00:00.000000000,3.8449999999999998,3.2720000000000002,0.0,0.0,0.0,0.0
274835,2025-02-09T07:00:00.000000000,4.046,3.3579999999999997,0.0,0.0,0.3253088878911667,0.0
274835,2025-02-09T08:00:00.000000000,3.8689999999999998,3.1470000000000002,0.0,0.0,0.3253088878911667,0.0
274835,2025-02-09T09:00:00.000000000,3.705,2.98,0.0,0.0,0.33732480176822777,0.0
274835,2025-02-09T10:00:00.000000000,3.286,2.585,0.0,0.0,0.3376178728384,0.0
274835,2025-02-09T11:00:00.000000000,1.921,1.663,0.0,0.0,0.32501581682099445,0.0
274835,2025-02-09T12:00:00.000000000,1.789,1.245,0.0,0.0,1.043333009813111,0.0
274835,2025-02-09T13:00:00.000000000,1.8470000000000002,1.208,0.0,0.0,0.7156795533605667,0.0
274835,2025-02-09T14:00:00.000000000,1.8819999999999997,1.245,0.0,0.0,1.5169358592114224,0.0
274835,2025-02-09T15:00:00.000000000,1.968,1.305,0.0,0.0,0.0,0.0
274835,2025-02-09T16:00:00.000000000,2.135,1.4020000000000001,0.0,0.0,0.6898892991854111,0.0
274835,2025-02-09T17:00:00.000000000,2.516,1.6179999999999999,0.0,0.0,0.33732480176822777,0.0
274835,2025-02-09T18:00:00.000000000,2.8270000000000004,1.794,0.0,0.0,0.32501581682099445,0.0
274835,2025-02-09T19:00:00.000000000,3.206,2.115,0.0,0.0,0.7080597055360889,0.0
274835,2025-02-09T20:00:00.000000000,3.367,2.325,0.0,0.0,1.158216869320622,0.0
274835,2025-02-09T21:00:00.000000000,3.439,2.513,0.0,0.0,0.6825625224311056,0.0
274835,2025-02-09T22:00:00.000000000,3.568,2.7329999999999997,0.0,0.0,0.32501581682099445,0.0
274835,2025-02-09T23:00:00.000000000,3.4289999999999994,2.819,0.0,0.0,0.33732480176822777,0.0
274835,2025-02-10T00:00:00.000000000,3.2470000000000003,2.874,0.0,0.0,0.33732480176822777,0.0
274835,2025-02-10T01:00:00.000000000,3.297,2.978,0.0,0.0,0.32501581682099445,0.0
274835,2025-02-10T02:00:00.000000000,3.3709999999999996,3.051,0.0,0.0,0.32501581682099445,0.0
274835,2025-02-10T03:00:00.000000000,3.3680000000000003,3.05,0.0,0.0,0.0,0.0
274835,2025-02-10T04:00:00.000000000,3.3659999999999997,3.05,0.0,0.0,0.32501581682099445,0.0
274835,2025-02-10T05:00:00.000000000,3.4269999999999996,3.111,0.0,0.0,0.32501581682099445,0.0
274835,2025-02-10T06:00:00.000000000,3.496,3.176,0.0,0.0,0.32501581682099445,0.0
274835,2025-02-10T07:00:00.000000000,3.391,3.075,0.0,0.0,0.0,0.0
274835,2025-02-10T08:00:00.000000000,3.053,2.748,0.0,0.0,0.32501581682099445,0.0
274835,2025-02-10T09:00:00.000000000,2.9189999999999996,2.324,0.0,0.0,1.9779366525923276,0.0
274835,2025-02-10T10:00:00.000000000,2.476,1.9040000000000001,0.0,0.0,0.18199713457695,0.0
274835,2025-02-10T11:00:00.000000000,1.9400000000000002,1.68,0.0,0.0,0.32501581682099445,0.0
274835,2025-02-10T12:00:00.000000000,1.6560000000000001,1.406,0.0,0.0,0.7036636394835056,0.0
274835,2025-02-10T13:00:00.000000000,1.4900000000000002,1.241,0.0,0.0,0.6755288167469722,0.0
274835,2025-02-10T14:00:00.000000000,1.442,1.194,0.0,0.0,0.32501581682099445,0.0
274835,2025-02-10T15:00:00.000000000,1.4699999999999998,1.222,0.0,0.0,0.32501581682099445,0.0
274835,2025-02-10T16:00:00.000000000,1.613,1.359,0.0,0.0,0.0,0.0
274835,2025-02-10T17:00:00.000000000,2.217,1.912,0.0,0.0,0.32501581682099445,0.0
274835,2025-02-10T18:00:00.000000000,2.6159999999999997,2.305,0.0,0.0,0.32501581682099445,0.0
274835,2025-02-10T19:00:00.000000000,3.8,2.734,0.0,0.0,0.33146338036478334,0.0
274835,2025-02-10T20:00:00.000000000,4.8629999999999995,3.7039999999999997,0.0,0.0,1.4430819495280223,0.0
274835,2025-02-10T21:00:00.000000000,4.325,3.5140000000000002,0.0,0.0,0.3338079489261611,0.0
274835,2025-02-10T22:00:00.000000000,4.108,3.7299999999999995,0.0,0.0,0.32501581682099445,0.0
274835,2025-02-10T23:00:00.000000000,3.827,3.4800000000000004,0.0,0.0,0.7024913552028167,0.0
274835,2025-02-11T00:00:00.000000000,3.569,3.242,0.0,0.0,0.32501581682099445,0.0
274835,2025-02-11T01:00:00.000000000,3.5170000000000003,3.193,0.0,0.0,0.32501581682099445,0.0
274835,2025-02-11T02:00:00.000000000,3.59,3.261,0.0,0.0,0.0,0.0
274835,2025-02-11T03:00:00.000000000,3.5949999999999998,3.2659999999999996,0.0,0.0,0.32501581682099445,0.0
274835,2025-02-11T04:00:00.000000000,3.4989999999999997,3.172,0.0,0.0,0.32501581682099445,0.0
274835,2025-02-11T05:00:00.000000000,3.423,3.0989999999999998,0.0,0.0,0.32501581682099445,0.0
274835,2025-02-11T06:00:00.000000000,3.1359999999999997,2.8200000000000003,0.0,0.0,0.0,0.0
274835,2025-02-11T07:00:00.000000000,2.295,2.015,0.0,0.0,0.32501581682099445,0.0
274835,2025-02-11T08:00:00.000000000,2.11,1.738,0.0,0.0,0.7142141980097055,0.0
274835,2025-02-11T09:00:00.000000000,2.063,1.399,0.0,0.0,1.504626874264189,0.0
274835,2025-02-11T10:00:00.000000000,1.799,1.2429999999999999,0.0,0.0,1.2631363124422779,0.0
274835,2025-02-11T11:00:00.000000000,1.45,1.2,0.0,0.0,0.0,0.0
274835,2025-02-11T12:00:00.000000000,1.551,1.302,0.0,0.0,0.6746496035364555,0.0
274835,2025-02-11T13:00:00.000000000,1.827,1.48,0.0,0.0,0.0,0.0
274835,2025-02-11T14:00:00.000000000,1.9500000000000002,1.4680000000000002,0.0,0.0,1.4559770766156,0.0
274835,2025-02-11T15:00:00.000000000,3.1010000000000004,2.398,0.0,0.0,0.32501581682099445,0.0
274835,2025-02-11T16:00:00.000000000,3.545,2.761,0.0,0.0,0.32501581682099445,0.0
274835,2025-02-11T17:00:00.000000000,4.085000000000001,3.1279999999999997,0.0,0.0,0.0,0.0
274835,2025-02-11T18:00:00.000000000,4.178,3.2520000000000002,0.0,0.0,0.6723050349750778,0.0
274835,2025-02-11T19:00:00.000000000,4.41,3.2780000000000005,0.0,0.0,0.3505129999259778,0.0
274835,2025-02-11T20:00:00.000000000,4.271,3.2020000000000004,0.0,0.0,0.32501581682099445,0.0
274835,2025-02-11T21:00:00.000000000,4.069,3.2560000000000002,0.0,0.0,0.6746496035364555,0.0
274835,2025-02-11T22:00:00.000000000,3.843,3.4659999999999997,0.0,0.0,0.32501581682099445,0.0
274835,2025-02-11T23:00:00.000000000,3.8339999999999996,3.481,0.0,0.0,0.0,0.0
274835,2025-02-12T00:00:00.000000000,3.816,3.476,0.0,0.0,0.32501581682099445,0.0
274835,2025-02-12T01:00:00.000000000,3.741,3.408,0.0,0.0,0.32501581682099445,0.0
274835,2025-02-12T02:00:00.000000000,3.7609999999999997,3.428,0.0,0.0,0.32501581682099445,0.0
274835,2025-02-12T03:00:00.000000000,3.8149999999999995,3.483,0.0,0.0,0.0,0.0
274835,2025-02-12T04:00:00.000000000,3.7390000000000003,3.4099999999999997,0.0,0.0,0.32501581682099445,0.0
274835,2025-02-12T05:00:00.000000000,3.7039999999999997,3.383,0.0,0.0,0.32501581682099445,0.0
274835,2025-02-12T06:00:00.000000000,3.718,3.152,0.0,0.0,1.1309612597946055,0.0
274835,2025-02-12T07:00:00.000000000,3.884,3.3049999999999997,0.0,0.0,0.32501581682099445,0.0
274835,2025-02-12T08:00:00.000000000,3.758,3.438,0.0,0.0,0.32501581682099445,0.0
274835,2025-02-12T09:00:00.000000000,3.737,3.419,0.0,0.0,0.32501581682099445,0.0
274835,2025-02-12T10:00:00.000000000,3.4880000000000004,3.183,0.0,0.0,0.37806168052216665,0.0
274835,2025-02-12T11:00:00.000000000,3.0729999999999995,2.7830000000000004,0.0,0.0,0.2872096487687778,0.0
274835,2025-02-12T12:00:00.000000000,2.688,2.41,0.0,0.0,0.32501581682099445,0.0
274835,2025-02-12T13:00:00.000000000,2.402,2.132,0.0,0.0,0.3250158168209945,0.0
274835,2025-02-12T14:00:00.000000000,2.2889999999999997,1.738,0.0,0.0,0.0,0.0
274835,2025-02-12T15:00:00.000000000,2.21,1.505,0.0,0.0,1.4559770766156,0.0
274835,2025-02-12T16:00:00.000000000,2.799,2.047,0.0,0.0,0.32501581682099445,0.0
274835,2025-02-12T17:00:00.000000000,3.9760000000000004,3.038,0.0,0.0,0.32501581682099445,0.0
274835,2025-02-12T18:00:00.000000000,4.607,3.527,0.0,0.0,0.6755288167469722,0.0
274835,2025-02-12T19:00:00.000000000,5.122,3.9859999999999998,0.0,0.0,0.0,0.0
274835,2025-02-12T20:00:00.000000000,5.566000000000001,4.475,0.0,0.0,0.6951645784485111,0.0
274835,2025-02-12T21:00:00.000000000,5.761000000000001,5.0520000000000005,0.0,0.0,1.0656064111462,0.0
274835,2025-02-12T22:00:00.000000000,6.071,5.652,0.0,0.0,0.32501581682099445,0.0
274835,2025-02-12T23:00:00.000000000,6.377000000000001,5.976,0.0,0.0,0.6860793752731722,0.0
274835,2025-02-13T00:00:00.000000000,6.549,6.161,0.0,0.0,0.0,0.0
274835,2025-02-13T01:00:00.000000000,6.757,6.368,0.0,0.0,0.3253088878911667,0.0
274835,2025-02-13T02:00:00.000000000,6.878,6.486000000000001,0.0,0.0,0.3253088878911667,0.0
274835,2025-02-13T03:00:00.000000000,7.2490000000000006,6.852,0.0,0.0,0.3253088878911667,0.0
274835,2025-02-13T04:00:00.000000000,7.641000000000001,7.24,0.0,0.0,0.0,0.0
274835,2025-02-13T05:00:00.000000000,7.883,7.482000000000001,0.0,0.0,0.3253088878911667,0.0
274835,2025-02-13T06:00:00.000000000,8.1,7.6240000000000006,0.0,0.0,0.7092319898167778,0.0
274835,2025-02-13T07:00:00.000000000,7.984,7.509,0.0,0.0,1.1101532138123777,0.0
274835,2025-02-13T08:00:00.000000000,7.4799999999999995,6.986,0.0,0.0,0.0,0.0
274835,2025-02-13T09:00:00.000000000,6.853999999999999,6.0760000000000005,0.0,0.0,0.3253088878911667,0.0
274835,2025-02-13T10:00:00.000000000,6.194,5.441000000000001,0.0,0.0,0.3253088878911667,0.0
274835,2025-02-13T11:00:00.000000000,5.662000000000001,4.93,0.0,0.0,0.3253088878911667,0.0
274835,2025-02-13T12:00:00.000000000,5.07,4.6419999999999995,0.0,0.0,0.3253088878911667,0.0
274835,2025-02-13T13:00:00.000000000,4.907,4.484,0.0,0.0,1.483818828281961,0.0
274835,2025-02-13T14:00:00.000000000,5.014,4.303000000000001,0.0,0.0,0.74117673646555,0.0
274835,2025-02-13T15:00:00.000000000,5.199,4.4590000000000005,0.0,0.0,1.5274864177376224,0.0
274835,2025-02-13T16:00:00.000000000,5.555,4.736,0.0,0.0,1.280720576652611,0.0
274835,2025-02-13T17:00:00.000000000,6.425,5.429,0.0,0.0,1.044212223023628,0.0
274835,2025-02-13T18:00:00.000000000,6.727,5.6000000000000005,0.0,0.0,2.063220334012444,0.0
274835,2025-02-13T19:00:00.000000000,6.754,5.582,0.0,0.0,0.0,0.0
274835,2025-02-13T20:00:00.000000000,6.787,5.6690000000000005,0.0,0.0,0.3253088878911667,0.0
274835,2025-02-13T21:00:00.000000000,6.790000000000001,5.792,0.0,0.0,0.6764080299574888,0.0
274835,2025-02-13T22:00:00.000000000,6.908,6.0009999999999994,0.0,0.0,0.0,0.0
274835,2025-02-13T23:00:00.000000000,6.625,5.95,0.0,0.0,0.3253088878911667,0.0
274835,2025-02-14T00:00:00.000000000,6.306,5.777,0.0,0.0,0.3253088878911667,0.0
274835,2025-02-14T01:00:00.000000000,6.138,5.728,0.0,0.0,0.6907685123959278,0.0
274835,2025-02-14T02:00:00.000000000,6.468,6.082000000000001,0.0,0.0,0.0,0.0
274835,2025-02-14T03:00:00.000000000,7.117999999999999,6.723000000000001,0.0,0.0,0.3253088878911667,0.0
274835,2025-02-14T04:00:00.000000000,7.199999999999999,6.802,0.0,0.0,0.3253088878911667,0.0
274835,2025-02-14T05:00:00.000000000,6.875,6.484999999999999,0.0,0.0,0.3253088878911667,0.0
274835,2025-02-14T06:00:00.000000000,6.538,6.156,0.0,0.0,0.0,0.0
274835,2025-02-14T07:00:00.000000000,5.914999999999999,5.542,0.0,0.0,0.3253088878911667,0.0
274835,2025-02-14T08:00:00.000000000,5.131,4.775,0.0,0.0,0.3253088878911667,0.0
274835,2025-02-14T09:00:00.000000000,4.701,4.356,0.0,0.0,0.3253088878911667,0.0
274835,2025-02-14T10:00:00.000000000,4.548,4.208,0.0,0.0,0.0,0.0
274835,2025-02-14T11:00:00.000000000,4.265,3.9350000000000005,0.0,0.0,0.3253088878911667,0.0
274835,2025-02-14T12:00:00.000000000,4.0089999999999995,3.686,0.0,0.0,0.3253088878911667,0.0
274835,2025-02-14T13:00:00.000000000,3.875,3.5540000000000003,0.0,0.0,0.3253088878911667,0.0
274835,2025-02-14T14:00:00.000000000,3.649,3.335,0.0,0.0,0.0,0.0
274835,2025-02-14T15:00:00.000000000,3.56,3.248,0.0,0.0,0.3253088878911667,0.0
274835,2025-02-14T16:00:00.000000000,3.5989999999999998,2.881,0.0,0.0,1.4562701476857722,0.0
274835,2025-02-14T17:00:00.000000000,4.161,3.169,0.0,0.0,1.4559770766156,0.0
274835,2025-02-14T18:00:00.000000000,4.463000000000001,3.375,0.0,0.0,0.0,0.0
274835,2025-02-14T19:00:00.000000000,4.5280000000000005,3.3949999999999996,0.0,0.0,0.3253088878911667,0.0
274835,2025-02-14T20:00:00.000000000,4.715,3.632,0.0,0.0,2.4705891215518334,0.0
274835,2025-02-14T21:00:00.000000000,4.809,3.8469999999999995,0.0,0.0,1.6661090339290834,0.0
274835,2025-02-14T22:00:00.000000000,4.994,4.123,0.0,0.0,0.6781664563785221,0.0
274835,2025-02-14T23:00:00.000000000,4.786,4.3,0.0,0.0,0.35080607099615,0.0
274835,2025-02-15T00:00:00.000000000,4.755000000000001,4.397,0.0,0.0,0.6761149588873168,0.0
274835,2025-02-15T01:00:00.000000000,4.763,4.409000000000001,0.0,0.0,0.0,0.0
274835,2025-02-15T02:00:00.000000000,4.787,4.433999999999999,0.0,0.0,0.3253088878911667,0.0
274835,2025-02-15T03:00:00.000000000,4.8469999999999995,4.494,0.0,0.0,0.3253088878911667,0.0
274835,2025-02-15T04:00:00.000000000,4.872000000000001,4.5200000000000005,0.0,0.0,0.3253088878911667,0.0
274835,2025-02-15T05:00:00.000000000,4.944000000000001,4.590999999999999,0.0,0.0,0.0,0.0
274835,2025-02-15T06:00:00.000000000,4.98,4.628,0.0,0.0,0.3253088878911667,0.0
274835,2025-02-15T07:00:00.000000000,4.881,4.529999999999999,0.0,0.0,0.3253088878911667,0.0
274835,2025-02-15T08:00:00.000000000,4.753,4.29,0.0,0.0,0.8534229563415111,0.0
274835,2025-02-15T09:00:00.000000000,3.95,3.081,0.0,0.0,4.523845039178422,0.0
274835,2025-02-15T10:00:00.000000000,3.267,2.426,0.0,0.0,4.848860855999416,0.0
274835,2025-02-15T11:00:00.000000000,2.84,2.065,0.0,0.0,3.491941801102028,0.0
274835,2025-02-15T12:00:00.000000000,2.9059999999999997,2.238,0.0,0.0,0.3253088878911667,0.0
274835,2025-02-15T13:00:00.000000000,2.477,1.823,0.0,0.0,0.3376178728384,0.0
274835,2025-02-15T14:00:00.000000000,2.152,1.5099999999999998,0.0,0.0,0.35080607099615,0.0
274835,2025-02-15T15:00:00.000000000,2.2470000000000003,1.578,0.0,0.0,0.3253088878911667,0.0
274835,2025-02-15T16:00:00.000000000,2.588,1.84,0.0,0.0,0.32501581682099445,0.0
274835,2025-02-15T17:00:00.000000000,3.691,2.755,0.0,0.0,1.1714050674783723,0.0
274835,2025-02-15T18:00:00.000000000,4.184,3.075,0.0,0.0,1.4682860615628335,0.0
274835,2025-02-15T19:00:00.000000000,4.747999999999999,3.616,0.0,0.0,0.3253088878911667,0.0
274835,2025-02-15T20:00:00.000000000,4.974,3.8899999999999997,0.0,0.0,0.35080607099615,0.0
274835,2025-02-15T21:00:00.000000000,4.681,3.649,0.0,0.0,2.599540392427611,0.0
274835,2025-02-15T22:00:00.000000000,5.109,4.459999999999999,0.0,0.0,0.3253088878911667,0.0
274835,2025-02-15T23:00:00.000000000,5.236,4.853,0.0,0.0,0.3253088878911667,0.0
274835,2025-02-16T00:00:00.000000000,5.510000000000001,5.138,0.0,0.0,0.32530888789116663,0.0
274835,2025-02-16T01:00:00.000000000,5.827,5.452,0.0,0.0,0.0,0.0
274835,2025-02-16T02:00:00.000000000,6.165,5.785,0.0,0.0,0.3253088878911667,0.0
274835,2025-02-16T03:00:00.000000000,6.449999999999999,6.067,0.0,0.0,0.3253088878911667,0.0
274835,2025-02-16T04:00:00.000000000,6.62,6.234,0.0,0.0,0.3253088878911667,0.0
274835,2025-02-16T05:00:00.000000000,6.7250000000000005,6.341,0.0,0.0,0.0,0.0
274835,2025-02-16T06:00:00.000000000,6.795999999999999,6.340999999999999,0.0,0.0,0.6711327506943889,0.0
274835,2025-02-16T07:00:00.000000000,6.352,5.879,0.0,0.0,0.3253088878911667,0.0
274835,2025-02-16T08:00:00.000000000,5.208,4.75,0.0,0.0,0.3253088878911667,0.0
274835,2025-02-16T09:00:00.000000000,4.237,3.507,0.0,0.0,0.0,0.0
274835,2025-02-16T10:00:00.000000000,3.383,2.686,0.0,0.0,0.6506177757823334,0.0
274835,2025-02-16T11:00:00.000000000,2.99,2.3139999999999996,0.0,0.0,0.0,0.0
274835,2025-02-16T12:00:00.000000000,3.174,2.497,0.0,0.0,1.077622325023261,0.0
274835,2025-02-16T13:00:00.000000000,3.47,2.88,0.0,0.0,0.3253088878911667,0.0
274835,2025-02-16T14:00:00.000000000,3.649,3.338,0.0,0.0,0.3253088878911667,0.0
274835,2025-02-16T15:00:00.000000000,3.921,3.6,0.0,0.0,0.0,0.0
274835,2025-02-16T16:00:00.000000000,4.459,3.649,0.0,0.0,0.3364455885577111,0.0
274835,2025-02-16T17:00:00.000000000,4.888999999999999,3.91,0.0,0.0,1.1212899144789223,0.0
274835,2025-02-16T18:00:00.000000000,5.163,4.053,0.0,0.0,0.0,0.0
274835,2025-02-16T19:00:00.000000000,5.272,4.115,0.0,0.0,0.6761149588873168,0.0
274835,2025-02-16T20:00:00.000000000,5.054,3.958,0.0,0.0,0.3258950300315111,0.0
274835,2025-02-16T21:00:00.000000000,5.009,4.034999999999999,0.0,0.0,0.6884239438345501,0.0
274835,2025-02-16T22:00:00.000000000,5.008000000000001,4.129,0.0,0.0,0.0,0.0
274835,2025-02-16T23:00:00.000000000,4.551,4.1739999999999995,0.0,0.0,0.45455322983711666,0.0
274835,2025-02-17T00:00:00.000000000,4.731,4.364,0.0,0.0,0.1960645459452167,0.0
274835,2025-02-17T01:00:00.000000000,4.7330000000000005,4.372,0.0,0.0,0.3253088878911667,0.0
274835,2025-02-17T02:00:00.000000000,4.678,4.321,0.0,0.0,0.3253088878911667,0.0
274835,2025-02-17T03:00:00.000000000,4.784,4.428,0.0,0.0,0.014067411368266667,0.0
274835,2025-02-17T04:00:00.000000000,4.899,4.539999999999999,0.0,0.0,0.3112414765229,0.0
274835,2025-02-17T05:00:00.000000000,5.02,4.659000000000001,0.0,0.0,0.3253088878911667,0.0
274835,2025-02-17T06:00:00.000000000,4.966,4.608,0.0,0.0,0.3253088878911667,0.0
274835,2025-02-17T07:00:00.000000000,5.031,4.6690000000000005,0.0,0.0,0.34172086782081107,0.0
274835,2025-02-17T08:00:00.000000000,5.233,4.576,0.0,0.0,1.137994965478739,0.0
274835,2025-02-17T09:00:00.000000000,5.186,4.434,0.0,0.0,0.6834417356416222,0.0
274835,2025-02-17T10:00:00.000000000,5.077,4.3340000000000005,0.0,0.0,1.0585727054620668,0.0
274835,2025-02-17T11:00:00.000000000,4.9719999999999995,4.242000000000001,0.0,0.0,1.0515389997779334,0.0
274835,2025-02-17T12:00:00.000000000,4.882,4.159000000000001,0.0,0.0,1.0717609036198166,0.0
274835,2025-02-17T13:00:00.000000000,4.657,4.227,0.0,0.0,0.3258950300315111,0.0
274835,2025-02-17T14:00:00.000000000,4.309,3.984,0.0,0.0,0.6702535374838723,0.0
274835,2025-02-17T15:00:00.000000000,4.0280000000000005,3.7119999999999997,0.0,0.0,0.3376178728384,0.0
274835,2025-02-17T16:00:00.000000000,3.863,3.548,0.0,0.0,0.7962740976579278,0.0
274835,2025-02-17T17:00:00.000000000,4.588,3.753,0.0,0.0,0.3253088878911667,0.0
274835,2025-02-17T18:00:00.000000000,4.936999999999999,3.848,0.0,0.0,0.3253088878911667,0.0
274835,2025-02-17T19:00:00.000000000,5.183,4.047,0.0,0.0,0.0,0.0
274835,2025-02-17T20:00:00.000000000,5.196,4.308999999999999,0.0,0.0,0.6432909990280278,0.0
274835,2025-02-17T21:00:00.000000000,5.175,4.616,0.0,0.0,0.35666749239959444,0.0
274835,2025-02-17T22:00:00.000000000,5.391,4.989,0.0,0.0,0.0,0.0
274835,2025-02-17T23:00:00.000000000,5.502000000000001,5.007999999999999,0.0,0.0,0.3253088878911667,0.0
274835,2025-02-18T00:00:00.000000000,5.513999999999999,5.144,0.0,0.0,0.3253088878911667,0.0
274835,2025-02-18T01:00:00.000000000,5.57,5.202999999999999,0.0,0.0,0.3253088878911667,0.0
274835,2025-02-18T02:00:00.000000000,5.847,5.474,0.0,0.0,0.0,0.0
274835,2025-02-18T03:00:00.000000000,6.355,5.975,0.0,0.0,0.3253088878911667,0.0
274835,2025-02-18T04:00:00.000000000,7.027,6.6370000000000005,0.0,0.0,0.3253088878911667,0.0
274835,2025-02-18T05:00:00.000000000,7.371999999999999,6.9750000000000005,0.0,0.0,0.3253088878911667,0.0
274835,2025-02-18T06:00:00.000000000,7.6899999999999995,7.289000000000001,0.0,0.0,0.6960437916590279,0.0
274835,2025-02-18T07:00:00.000000000,7.615,6.863,0.0,0.0,0.33849708604891665,0.0
274835,2025-02-18T08:00:00.000000000,6.232,5.469,0.0,0.0,1.740842156823,0.0
274835,2025-02-18T09:00:00.000000000,4.206,3.78,0.0,0.0,0.3253088878911667,0.0
274835,2025-02-18T10:00:00.000000000,3.351,3.0489999999999995,0.0,0.0,0.7965671687281,0.0
274835,2025-02-18T11:00:00.000000000,2.806,2.5220000000000002,0.0,0.0,0.35080607099615,0.0
274835,2025-02-18T12:00:00.000000000,2.5930000000000004,2.32,0.0,0.0,0.7256439697464223,0.0
274835,2025-02-18T13:00:00.000000000,2.626,2.2560000000000002,0.0,0.0,1.058865776532239,0.0
274835,2025-02-18T14:00:00.000000000,2.5380000000000003,2.264,0.0,0.0,0.0,0.0
274835,2025-02-18T15:00:00.000000000,2.76,2.274,0.0,0.0,0.3253088878911667,0.0
274835,2025-02-18T16:00:00.000000000,3.251,2.4879999999999995,0.0,0.0,0.3253088878911667,0.0
274835,2025-02-18T17:00:00.000000000,4.259,3.312,0.0,0.0,0.19840911450659446,0.0
274835,2025-02-18T18:00:00.000000000,4.81,3.726,0.0,0.0,0.12689977338457223,0.0
274835,2025-02-18T19:00:00.000000000,5.2139999999999995,4.077,0.0,0.0,1.497886239650228,0.0
274835,2025-02-18T20:00:00.000000000,5.505000000000001,4.4159999999999995,0.0,0.0,0.3253088878911667,0.0
274835,2025-02-18T21:00:00.000000000,5.711,4.7379999999999995,0.0,0.0,0.3848023151361278,0.0
274835,2025-02-18T22:00:00.000000000,6.085999999999999,5.2,0.0,0.0,1.5518113165619165,0.0
274835,2025-02-18T23:00:00.000000000,6.081,5.4190000000000005,0.0,0.0,0.3253088878911667,0.0
274835,2025-02-19T00:00:00.000000000,6.077,5.646,0.0,0.0,0.3253088878911667,0.0
274835,2025-02-19T01:00:00.000000000,6.362,5.9799999999999995,0.0,0.0,0.0,0.0
274835,2025-02-19T02:00:00.000000000,6.616999999999999,6.2330000000000005,0.0,0.0,0.3253088878911667,0.0
274835,2025-02-19T03:00:00.000000000,7.037,6.647,0.0,0.0,0.3253088878911667,0.0
274835,2025-02-19T04:00:00.000000000,7.933999999999999,7.529999999999999,0.0,0.0,0.3253088878911667,0.0
274835,2025-02-19T05:00:00.000000000,8.471,8.061,0.0,0.0,0.3253088878911667,0.0
274835,2025-02-19T06:00:00.000000000,8.842,8.357,0.0,0.0,0.0,0.0
274835,2025-02-19T07:00:00.000000000,8.82,7.994000000000001,0.0,0.0,0.32560195896133887,0.0
274835,2025-02-19T08:00:00.000000000,7.372,6.390000000000001,0.0,0.0,0.5454052615905055,0.0
274835,2025-02-19T09:00:00.000000000,5.313,4.374,0.0,0.0,0.4483987373635,0.0
274835,2025-02-19T10:00:00.000000000,4.559,3.7489999999999997,0.0,0.0,1.8539675899094779,0.0
274835,2025-02-19T11:00:00.000000000,4.436,3.569,0.0,0.0,2.47146833476235,0.0
274835,2025-02-19T12:00:00.000000000,3.804,2.957,0.0,0.0,2.461796989446667,0.0
274835,2025-02-19T13:00:00.000000000,3.501,2.664,0.0,0.0,2.794139583021967,0.0
274835,2025-02-19T14:00:00.000000000,2.6910000000000003,2.014,0.0,0.0,0.6098808970283944,0.0
274835,2025-02-19T15:00:00.000000000,2.931,2.2270000000000003,0.0,0.0,0.8534229563415111,0.0
274835,2025-02-19T16:00:00.000000000,3.291,2.5060000000000002,0.0,0.0,0.6028471913442611,0.0
274835,2025-02-19T17:00:00.000000000,4.102,3.157,0.0,0.0,0.3253088878911667,0.0
274835,2025-02-19T18:00:00.000000000,4.354,3.279,0.0,0.0,0.3253088878911667,0.0
274835,2025-02-19T19:00:00.000000000,4.497,3.3729999999999998,0.0,0.0,0.6793387406592111,0.0
274835,2025-02-19T20:00:00.000000000,4.469,3.3979999999999997,0.0,0.0,0.3253088878911667,0.0
274835,2025-02-19T21:00:00.000000000,4.416,3.465,0.0,0.0,0.3253088878911667,0.0
274835,2025-02-19T22:00:00.000000000,4.356,3.4989999999999997,0.0,0.0,0.0,0.0
274835,2025-02-19T23:00:00.000000000,4.026,3.4019999999999997,0.0,0.0,1.0761569696724,0.0
274835,2025-02-20T00:00:00.000000000,3.776,3.33,0.0,0.0,0.3253088878911667,0.0
274835,2025-02-20T01:00:00.000000000,3.617,3.289,0.0,0.0,0.3376178728384,0.0
274835,2025-02-20T02:00:00.000000000,3.578,3.25,0.0,0.0,0.3253088878911667,0.0
274835,2025-02-20T03:00:00.000000000,3.5650000000000004,3.2390000000000003,0.0,0.0,0.0,0.0
274835,2025-02-20T04:00:00.000000000,3.5180000000000002,3.1940000000000004,0.0,0.0,0.3253088878911667,0.0
274835,2025-02-20T05:00:00.000000000,3.441,3.121,0.0,0.0,0.3253088878911667,0.0
274835,2025-02-20T06:00:00.000000000,3.345,3.03,0.0,0.0,1.5131259352991833,0.0
274835,2025-02-20T07:00:00.000000000,3.1910000000000003,2.533,0.0,0.0,1.7379114461212777,0.0
274835,2025-02-20T08:00:00.000000000,2.206,1.544,0.0,0.0,0.3253088878911667,0.0
274835,2025-02-20T09:00:00.000000000,1.763,1.099,0.0,0.0,0.32501581682099445,0.0
274835,2025-02-20T10:00:00.000000000,1.479,0.825,0.0,0.0,0.33732480176822777,0.0
274835,2025-02-20T11:00:00.000000000,1.2790000000000001,0.636,0.0,0.0,0.33732480176822777,0.0
274835,2025-02-20T12:00:00.000000000,1.21,0.5710000000000001,0.0,0.0,0.0,0.0
274835,2025-02-20T13:00:00.000000000,1.061,0.716,0.0,0.0,1.0867075281986,0.0
274835,2025-02-20T14:00:00.000000000,1.113,0.865,0.0,0.0,0.0,0.0
274835,2025-02-20T15:00:00.000000000,1.5779999999999998,0.918,0.0,0.0,0.32501581682099445,0.0
274835,2025-02-20T16:00:00.000000000,1.761,1.026,0.0,0.0,0.32501581682099445,0.0
274835,2025-02-20T17:00:00.000000000,2.08,1.186,0.0,0.0,0.32501581682099445,0.0
274835,2025-02-20T18:00:00.000000000,2.24,1.2189999999999999,0.0,0.0,0.36516655343458887,0.0
274835,2025-02-20T19:00:00.000000000,2.308,1.242,0.0,0.0,0.32501581682099445,0.0
274835,2025-02-20T20:00:00.000000000,2.276,1.266,0.0,0.0,0.7291608225884889,0.0
274835,2025-02-20T21:00:00.000000000,2.1690000000000005,1.28,0.0,0.0,0.32501581682099445,0.0
274835,2025-02-20T22:00:00.000000000,2.1610000000000005,1.371,0.0,0.0,2.116852339853961,0.0
274835,2025-02-20T23:00:00.000000000,1.933,1.373,0.0,0.0,0.32501581682099445,0.0
274835,2025-02-21T00:00:00.000000000,1.7790000000000001,1.366,0.0,0.0,0.32501581682099445,0.0
274835,2025-02-21T01:00:00.000000000,1.699,1.366,0.0,0.0,0.3074315526106611,0.0
274835,2025-02-21T02:00:00.000000000,1.6219999999999999,1.3570000000000002,0.0,0.0,0.01729119314016111,0.0
274835,2025-02-21T03:00:00.000000000,1.619,1.332,0.0,0.0,0.32501581682099445,0.0
274835,2025-02-21T04:00:00.000000000,1.5660000000000003,1.302,0.0,0.0,0.32501581682099445,0.0
274835,2025-02-21T05:00:00.000000000,1.541,1.2830000000000001,0.0,0.0,0.0,0.0
274835,2025-02-21T06:00:00.000000000,1.5770000000000002,1.249,0.0,0.0,0.7312123200796945,0.0
274835,2025-02-21T07:00:00.000000000,1.92,1.192,0.0,0.0,0.7039567105536778,0.0
274835,2025-02-21T08:00:00.000000000,1.944,1.1969999999999998,0.0,0.0,1.3460754253010168,0.0
274835,2025-02-21T09:00:00.000000000,1.956,1.175,0.0,0.0,1.8938252554529003,0.0
274835,2025-02-21T10:00:00.000000000,1.5310000000000001,0.878,0.0,0.0,0.6597029789576723,0.0
274835,2025-02-21T11:00:00.000000000,1.44,0.735,0.0,0.0,0.6931130809573056,0.0
274835,2025-02-21T12:00:00.000000000,1.3559999999999999,0.613,0.0,0.0,0.4759474179596889,0.0
274835,2025-02-21T13:00:00.000000000,1.429,0.676,0.0,0.0,2.567595645778839,0.0
274835,2025-02-21T14:00:00.000000000,1.1349999999999998,0.5,0.0,0.0,0.6852001620626555,0.0
274835,2025-02-21T15:00:00.000000000,0.9949999999999999,0.546,0.0,0.0,0.3291188118034056,0.0
274835,2025-02-21T16:00:00.000000000,1.2799999999999998,0.6539999999999999,0.0,0.0,0.3247227457508223,0.0
274835,2025-02-21T17:00:00.000000000,1.451,0.878,0.0,0.0,0.33703173069805553,0.0
274835,2025-02-21T18:00:00.000000000,1.352,1.0710000000000002,0.0,0.0,0.3247227457508223,0.0
274835,2025-02-21T19:00:00.000000000,1.476,1.1949999999999998,0.0,0.0,0.3393762992594333,0.0
274835,2025-02-21T20:00:00.000000000,1.9760000000000002,1.164,0.0,0.0,0.3469961470839111,0.0
274835,2025-02-21T21:00:00.000000000,2.084,1.196,0.0,0.0,0.3247227457508223,0.0
274835,2025-02-21T22:00:00.000000000,2.073,1.284,0.0,0.0,0.3247227457508223,0.0
274835,2025-02-21T23:00:00.000000000,1.792,1.288,0.0,0.0,0.0,0.0
274835,2025-02-22T00:00:00.000000000,1.6500000000000001,1.383,0.0,0.0,0.3247227457508223,0.0
274835,2025-02-22T01:00:00.000000000,1.728,1.462,0.0,0.0,0.3247227457508223,0.0
274835,2025-02-22T02:00:00.000000000,1.711,1.4449999999999998,0.0,0.0,0.0,0.0
274835,2025-02-22T03:00:00.000000000,1.728,1.464,0.0,0.0,0.32501581682099445,0.0
274835,2025-02-22T04:00:00.000000000,1.75,1.4869999999999999,0.0,0.0,0.3247227457508223,0.0
274835,2025-02-22T05:00:00.000000000,1.793,1.532,0.0,0.0,0.3247227457508223,0.0
274835,2025-02-22T06:00:00.000000000,2.035,1.56,0.0,0.0,0.0,0.0
274835,2025-02-22T07:00:00.000000000,2.124,1.5070000000000001,0.0,0.0,0.32501581682099445,0.0
274835,2025-02-22T08:00:00.000000000,2.1020000000000003,1.444,0.0,0.0,0.32501581682099445,0.0
274835,2025-02-22T09:00:00.000000000,1.973,1.271,0.0,0.0,1.1309612597946055,0.0
274835,2025-02-22T10:00:00.000000000,1.912,1.2570000000000001,0.0,0.0,0.6503247047121612,0.0
274835,2025-02-22T11:00:00.000000000,1.793,1.149,0.0,0.0,0.33703173069805553,0.0
274835,2025-02-22T12:00:00.000000000,1.696,1.054,0.0,0.0,0.33703173069805553,0.0
274835,2025-02-22T13:00:00.000000000,1.646,1.0070000000000001,0.0,0.0,0.3247227457508223,0.0
274835,2025-02-22T14:00:00.000000000,1.698,1.062,0.0,0.0,0.0,0.0
274835,2025-02-22T15:00:00.000000000,1.5340000000000003,1.189,0.0,0.0,0.32941188287357775,0.0
274835,2025-02-22T16:00:00.000000000,1.8800000000000001,1.2530000000000001,0.0,0.0,0.6494454915016445,0.0
274835,2025-02-22T17:00:00.000000000,2.3,1.406,0.0,0.0,0.689596228115239,0.0
274835,2025-02-22T18:00:00.000000000,2.44,1.4209999999999998,0.0,0.0,0.3247227457508223,0.0
274835,2025-02-22T19:00:00.000000000,3.3249999999999997,2.224,0.0,0.0,0.0,0.0
274835,2025-02-22T20:00:00.000000000,3.387,2.3379999999999996,0.0,0.0,0.33703173069805553,0.0
274835,2025-02-22T21:00:00.000000000,3.372,2.442,0.0,0.0,0.33703173069805553,0.0
274835,2025-02-22T22:00:00.000000000,3.16,2.662,0.0,0.0,0.3247227457508223,0.0
274835,2025-02-22T23:00:00.000000000,2.311,2.006,0.0,0.0,0.3247227457508223,0.0
274835,2025-02-23T00:00:00.000000000,2.061,1.7830000000000001,0.0,0.0,0.3247227457508223,0.0
274835,2025-02-23T01:00:00.000000000,3.058,2.739,0.0,0.0,0.0,0.0
274835,2025-02-23T02:00:00.000000000,3.064,2.744,0.0,0.0,0.3247227457508223,0.0
274835,2025-02-23T03:00:00.000000000,3.0980000000000003,2.778,0.0,0.0,0.32501581682099445,0.0
274835,2025-02-23T04:00:00.000000000,2.362,2.076,0.0,0.0,0.0,0.0
274835,2025-02-23T05:00:00.000000000,2.0810000000000004,1.8110000000000002,0.0,0.0,0.3247227457508223,0.0
274835,2025-02-23T06:00:00.000000000,2.061,1.793,0.0,0.0,0.3247227457508223,0.0
274835,2025-02-23T07:00:00.000000000,2.2649999999999997,1.712,0.0,0.0,0.0,0.0
274835,2025-02-23T08:00:00.000000000,2.273,1.612,0.0,0.0,0.32501581682099445,0.0
274835,2025-02-23T09:00:00.000000000,2.1710000000000003,1.5070000000000001,0.0,0.0,0.3250158168209944,0.0
274835,2025-02-23T10:00:00.000000000,2.109,1.4529999999999998,0.0,0.0,0.3247227457508223,0.0
274835,2025-02-23T11:00:00.000000000,2.023,1.378,0.0,0.0,0.681683309220589,0.0
274835,2025-02-23T12:00:00.000000000,1.947,1.305,0.0,0.0,0.7004398577116111,0.0
274835,2025-02-23T13:00:00.000000000,1.912,1.273,0.0,0.0,0.0,0.0
274835,2025-02-23T14:00:00.000000000,1.883,1.246,0.0,0.0,0.6588237657471556,0.0
274835,2025-02-23T15:00:00.000000000,1.551,1.302,0.0,0.0,0.3247227457508223,0.0
274835,2025-02-23T16:00:00.000000000,1.9809999999999999,1.208,0.0,0.0,1.1309612597946055,0.0
274835,2025-02-23T17:00:00.000000000,2.309,1.416,0.0,0.0,0.3247227457508223,0.0
274835,2025-02-23T18:00:00.000000000,2.442,1.4209999999999998,0.0,0.0,0.3247227457508223,0.0
274835,2025-02-23T19:00:00.000000000,2.5140000000000002,1.448,0.0,0.0,0.33703173069805553,0.0
274835,2025-02-23T20:00:00.000000000,3.429,2.379,0.0,0.0,1.576136215386211,0.0
274835,2025-02-23T21:00:00.000000000,3.394,2.4610000000000003,0.0,0.0,1.0532974261989667,0.0
274835,2025-02-23T22:00:00.000000000,2.7359999999999998,1.929,0.0,0.0,1.148545524004939,0.0
274835,2025-02-23T23:00:00.000000000,2.266,1.7009999999999998,0.0,0.0,0.3247227457508223,0.0
274835,2025-02-24T00:00:00.000000000,3.137,2.6719999999999997,0.0,0.0,0.3247227457508223,0.0
274835,2025-02-24T01:00:00.000000000,3.123,2.717,0.0,0.0,0.3247227457508223,0.0
274835,2025-02-24T02:00:00.000000000,3.1519999999999997,2.775,0.0,0.0,0.3247227457508223,0.0
274835,2025-02-24T03:00:00.000000000,3.16,2.827,0.0,0.0,0.0,0.0
274835,2025-02-24T04:00:00.000000000,3.204,2.883,0.0,0.0,1.1154284930754779,0.0
274835,2025-02-24T05:00:00.000000000,3.328,2.8989999999999996,0.0,0.0,1.093155091742389,0.0
274835,2025-02-24T06:00:00.000000000,3.459,2.8920000000000003,0.0,0.0,0.7915849605351722,0.0
274835,2025-02-24T07:00:00.000000000,3.237,2.5719999999999996,0.0,0.0,0.32501581682099445,0.0
274835,2025-02-24T08:00:00.000000000,2.212,1.7469999999999999,0.0,0.0,0.33703173069805553,0.0
274835,2025-02-24T09:00:00.000000000,2.015,1.7469999999999999,0.0,0.0,0.33703173069805553,0.0
274835,2025-02-24T10:00:00.000000000,2.008,1.747,0.0,0.0,0.3505129999259778,0.0
274835,2025-02-24T11:00:00.000000000,1.759,1.5050000000000001,0.0,0.0,0.3247227457508223,0.0
274835,2025-02-24T12:00:00.000000000,1.659,1.4109999999999998,0.0,0.0,0.3247227457508223,0.0
274835,2025-02-24T13:00:00.000000000,1.65,1.4019999999999997,0.0,0.0,0.3247227457508223,0.0
274835,2025-02-24T14:00:00.000000000,1.6640000000000001,1.3010000000000002,0.0,0.0,0.5281140684503445,0.0
274835,2025-02-24T15:00:00.000000000,1.806,1.083,0.0,0.0,2.058531196889689,0.0
274835,2025-02-24T16:00:00.000000000,1.9250000000000003,1.192,0.0,0.0,0.3247227457508223,0.0
274835,2025-02-24T17:00:00.000000000,2.2029999999999994,1.3090000000000002,0.0,0.0,0.0,0.0
274835,2025-02-24T18:00:00.000000000,2.3659999999999997,1.3459999999999999,0.0,0.0,0.33703173069805553,0.0
274835,2025-02-24T19:00:00.000000000,2.4819999999999998,1.418,0.0,0.0,0.6872516595538611,0.0
274835,2025-02-24T20:00:00.000000000,2.524,1.516,0.0,0.0,0.3247227457508223,0.0
274835,2025-02-24T21:00:00.000000000,2.549,1.65,0.0,0.0,0.4258322649602389,0.0
274835,2025-02-24T22:00:00.000000000,2.781,1.794,0.0,0.0,0.5835045007128944,0.0
274835,2025-02-24T23:00:00.000000000,2.809,2.141,0.0,0.0,1.5421399712462334,0.0
274835,2025-02-25T00:00:00.000000000,2.4499999999999997,1.9859999999999998,0.0,0.0,1.1271513358823666,0.0
274835,2025-02-25T01:00:00.000000000,2.316,1.9489999999999998,0.0,0.0,0.32560195896133887,0.0
274835,2025-02-25T02:00:00.000000000,2.243,1.908,0.0,0.0,0.0,0.0
274835,2025-02-25T03:00:00.000000000,2.1500000000000004,1.85,0.0,0.0,0.32472274575082216,0.0
274835,2025-02-25T04:00:00.000000000,2.164,1.888,0.0,0.0,0.3247227457508223,0.0
274835,2025-02-25T05:00:00.000000000,2.213,1.936,0.0,0.0,0.8320287682189389,0.0
274835,2025-02-25T06:00:00.000000000,2.237,1.96,0.0,0.0,1.0251626034624333,0.0
274835,2025-02-25T07:00:00.000000000,2.072,1.799,0.0,0.0,0.012015913877061113,0.0
274835,2025-02-25T08:00:00.000000000,1.731,1.4699999999999998,0.0,0.0,0.3247227457508223,0.0
274835,2025-02-25T09:00:00.000000000,1.558,1.298,0.0,0.0,0.3247227457508223,0.0
274835,2025-02-25T10:00:00.000000000,1.425,1.1709999999999998,0.0,0.0,0.0,0.0
274835,2025-02-25T11:00:00.000000000,1.4340000000000002,1.086,0.0,0.0,0.3247227457508223,0.0
274835,2025-02-25T12:00:00.000000000,1.552,1.009,0.0,0.0,0.3247227457508223,0.0
274835,2025-02-25T13:00:00.000000000,1.1589999999999998,0.9119999999999999,0.0,0.0,0.0,0.0
274835,2025-02-25T14:00:00.000000000,1.0150000000000001,0.7669999999999999,0.0,0.0,0.3247227457508223,0.0
274835,2025-02-25T15:00:00.000000000,0.8999999999999999,0.655,0.0,0.0,0.3247227457508223,0.0
274835,2025-02-25T16:00:00.000000000,1.064,0.6859999999999999,0.0,0.0,0.0,0.0
274835,2025-02-25T17:00:00.000000000,1.847,0.955,0.0,0.0,0.3247227457508223,0.0
274835,2025-02-25T18:00:00.000000000,2.1340000000000003,1.114,0.0,0.0,0.3247227457508223,0.0
274835,2025-02-25T19:00:00.000000000,2.305,1.2429999999999999,0.0,0.0,0.0,0.0
274835,2025-02-25T20:00:00.000000000,2.3469999999999995,1.342,0.0,0.0,1.0952065892335945,0.0
274835,2025-02-25T21:00:00.000000000,1.846,1.544,0.0,0.0,0.33703173069805553,0.0
274835,2025-02-25T22:00:00.000000000,2.024,1.712,0.0,0.0,0.3247227457508223,0.0
274835,2025-02-25T23:00:00.000000000,2.068,1.776,0.0,0.0,0.0,0.0
274835,2025-02-26T00:00:00.000000000,2.176,1.784,0.0,0.0,0.3247227457508223,0.0
274835,2025-02-26T01:00:00.000000000,2.14,1.8639999999999999,0.0,0.0,0.3247227457508223,0.0
274835,2025-02-26T02:00:00.000000000,2.3529999999999998,2.0660000000000003,0.0,0.0,0.3247227457508223,0.0
274835,2025-02-26T03:00:00.000000000,2.429,2.141,0.0,0.0,0.0,0.0
274835,2025-02-26T04:00:00.000000000,2.541,2.249,0.0,0.0,0.3247227457508223,0.0
274835,2025-02-26T05:00:00.000000000,2.681,2.389,0.0,0.0,0.3247227457508223,0.0
274835,2025-02-26T06:00:00.000000000,2.732,2.441,0.0,0.0,0.0,0.0
274835,2025-02-26T07:00:00.000000000,2.7689999999999997,2.477,0.0,0.0,0.3247227457508223,0.0
274835,2025-02-26T08:00:00.000000000,2.54,2.253,0.0,0.0,0.3247227457508223,0.0
274835,2025-02-26T09:00:00.000000000,2.175,1.6039999999999996,0.0,0.0,0.0,0.0
274835,2025-02-26T10:00:00.000000000,1.8840000000000001,1.229,0.0,0.0,0.3247227457508223,0.0
274835,2025-02-26T11:00:00.000000000,1.677,1.0310000000000001,0.0,0.0,0.3247227457508223,0.0
274835,2025-02-26T12:00:00.000000000,1.459,0.8,0.0,0.0,0.5281140684503445,0.0
274835,2025-02-26T13:00:00.000000000,1.1769999999999998,0.481,0.0,0.0,2.058238125819517,0.0
274835,2025-02-26T14:00:00.000000000,1.111,0.477,0.0,0.0,0.3247227457508223,0.0
274835,2025-02-26T15:00:00.000000000,1.062,0.399,0.0,0.0,1.0711747614794722,0.0
274835,2025-02-26T16:00:00.000000000,1.211,0.48,0.0,0.0,0.3247227457508223,0.0
274835,2025-02-26T17:00:00.000000000,1.3729999999999998,0.926,0.0,0.0,0.7209548326236668,0.0
274835,2025-02-26T18:00:00.000000000,2.17,1.1500000000000001,0.0,0.0,0.3247227457508223,0.0
274835,2025-02-26T19:00:00.000000000,2.3939999999999997,1.3279999999999998,0.0,0.0,0.6746496035364555,0.0
274835,2025-02-26T20:00:00.000000000,2.524,1.514,0.0,0.0,0.0,0.0
274835,2025-02-26T21:00:00.000000000,2.738,1.837,0.0,0.0,0.6890100859748945,0.0
274835,2025-02-26T22:00:00.000000000,2.7769999999999997,2.081,0.0,0.0,0.3247227457508222,0.0
274835,2025-02-26T23:00:00.000000000,2.544,2.2310000000000003,0.0,0.0,0.0,0.0
274835,2025-02-27T00:00:00.000000000,2.641,2.341,0.0,0.0,0.3247227457508223,0.0
274835,2025-02-27T01:00:00.000000000,2.7729999999999997,2.473,0.0,0.0,0.3247227457508223,0.0
274835,2025-02-27T02:00:00.000000000,2.8609999999999998,2.561,0.0,0.0,0.0,0.0
274835,2025-02-27T03:00:00.000000000,2.982,2.68,0.0,0.0,0.3247227457508223,0.0
274835,2025-02-27T04:00:00.000000000,3.072,2.7669999999999995,0.0,0.0,0.3247227457508223,0.0
274835,2025-02-27T05:00:00.000000000,3.099,2.798,0.0,0.0,0.043081447315316664,0.0
274835,2025-02-27T06:00:00.000000000,3.1420000000000003,2.754,0.0,0.0,0.80975536688585,0.0
274835,2025-02-27T07:00:00.000000000,3.191,2.52,0.0,0.0,0.9275699370950834,0.0
274835,2025-02-27T08:00:00.000000000,2.957,2.2729999999999997,0.0,0.0,0.7080597055360889,0.0
274835,2025-02-27T09:00:00.000000000,2.311,1.6389999999999998,0.0,0.0,1.01549125814675,0.0
274835,2025-02-27T10:00:00.000000000,1.822,1.167,0.0,0.0,0.7112834873079834,0.0
274835,2025-02-27T11:00:00.000000000,1.535,0.8919999999999999,0.0,0.0,1.555035098333811,0.0
274835,2025-02-27T12:00:00.000000000,1.19,0.512,0.0,0.0,1.1309612597946055,0.0
274835,2025-02-27T13:00:00.000000000,1.0110000000000001,0.37400000000000005,0.0,0.0,0.7045428526940223,0.0
274835,2025-02-27T14:00:00.000000000,0.889,0.253,0.0,0.0,0.33673865962788335,0.0
274835,2025-02-27T15:00:00.000000000,0.671,0.328,0.0,0.0,0.3247227457508223,0.0
274835,2025-02-27T16:00:00.000000000,1.16,0.428,0.0,0.0,0.33673865962788335,0.0
274835,2025-02-27T17:00:00.000000000,1.6179999999999999,0.727,0.0,0.0,0.3247227457508223,0.0
274835,2025-02-27T18:00:00.000000000,1.933,0.916,0.0,0.0,0.7499688685707167,0.0
274835,2025-02-27T19:00:00.000000000,2.1420000000000003,1.076,0.0,0.0,0.3247227457508223,0.0
274835,2025-02-27T20:00:00.000000000,2.232,1.223,0.0,0.0,0.3247227457508223,0.0
274835,2025-02-27T21:00:00.000000000,2.21,1.323,0.0,0.0,0.0,0.0
274835,2025-02-27T22:00:00.000000000,2.2640000000000002,1.4749999999999999,0.0,0.0,1.6227345155435944,0.0
274835,2025-02-27T23:00:00.000000000,2.21,1.645,0.0,0.0,1.71182812087595,0.0
274835,2025-02-28T00:00:00.000000000,2.3139999999999996,1.884,0.0,0.0,1.607494819894639,0.0
274835,2025-02-28T01:00:00.000000000,2.407,2.0340000000000003,0.0,0.0,0.6966299337993722,0.0
274835,2025-02-28T02:00:00.000000000,2.4619999999999997,2.115,0.0,0.0,0.3247227457508223,0.0
274835,2025-02-28T03:00:00.000000000,2.5309999999999997,2.2279999999999998,0.0,0.0,0.0,0.0
274835,2025-02-28T04:00:00.000000000,2.619,2.324,0.0,0.0,1.0717609036198166,0.0
274835,2025-02-28T05:00:00.000000000,2.6660000000000004,2.3739999999999997,0.0,0.0,0.3247227457508223,0.0
274835,2025-02-28T06:00:00.000000000,2.7359999999999998,2.441,0.0,0.0,0.6893031570450667,0.0
274835,2025-02-28T07:00:00.000000000,2.722,2.113,0.0,0.0,1.1309612597946055,0.0
274835,2025-02-28T08:00:00.000000000,2.286,1.625,0.0,0.0,0.3247227457508223,0.0
274835,2025-02-28T09:00:00.000000000,2.1470000000000002,1.4809999999999999,0.0,0.0,0.3247227457508223,0.0
274835,2025-02-28T10:00:00.000000000,2.0130000000000003,1.555,0.0,0.0,0.07238855433253889,0.0
274835,2025-02-28T11:00:00.000000000,1.713,1.463,0.0,0.0,1.0831906753565332,0.0
274835,2025-02-28T12:00:00.000000000,1.9089999999999998,1.229,0.0,0.0,1.4556840055454279,0.0
274835,2025-02-28T13:00:00.000000000,1.854,1.216,0.0,0.0,0.33703173069805553,0.0
274835,2025-02-28T14:00:00.000000000,1.549,0.875,0.0,0.0,1.4556840055454279,0.0
274835,2025-02-28T15:00:00.000000000,1.365,0.7040000000000001,0.0,0.0,0.0,0.0
274835,2025-02-28T16:00:00.000000000,1.3899999999999997,0.658,0.0,0.0,0.33673865962788335,0.0
274835,2025-02-28T17:00:00.000000000,1.7779999999999998,0.885,0.0,0.0,1.2083320223200724,0.0
274835,2025-02-28T18:00:00.000000000,1.884,1.057,0.0,0.0,0.3247227457508223,0.0
274835,2025-02-28T19:00:00.000000000,2.2350000000000003,1.169,0.0,0.0,0.3247227457508223,0.0
274835,2025-02-28T20:00:00.000000000,2.315,1.306,0.0,0.0,0.33673865962788335,0.0
274835,2025-02-28T21:00:00.000000000,2.1029999999999998,1.4889999999999999,0.0,0.0,0.34553079173305,0.0
274835,2025-02-28T22:00:00.000000000,2.123,1.6689999999999998,0.0,0.0,0.3247227457508223,0.0
274835,2025-02-28T23:00:00.000000000,2.0620000000000003,1.768,0.0,0.0,0.32442967468065,0.0
274835,2025-03-01T00:00:00.000000000,2.202,1.915,0.0,0.0,0.3247227457508223,0.0
274835,2025-03-01T01:00:00.000000000,2.5730000000000004,2.272,0.0,0.0,0.0,0.0
274835,2025-03-01T02:00:00.000000000,2.6340000000000003,2.332,0.0,0.0,0.3247227457508223,0.0
274835,2025-03-01T03:00:00.000000000,2.7809999999999997,2.474,0.0,0.0,0.3247227457508223,0.0
274835,2025-03-01T04:00:00.000000000,2.812,2.505,0.0,0.0,0.0,0.0
274835,2025-03-01T05:00:00.000000000,2.8109999999999995,2.508,0.0,0.0,0.3247227457508223,0.0
274835,2025-03-01T06:00:00.000000000,2.7969999999999997,2.495,0.0,0.0,0.3247227457508223,0.0
274835,2025-03-01T07:00:00.000000000,2.503,2.207,0.0,0.0,0.0,0.0
274835,2025-03-01T08:00:00.000000000,1.8330000000000002,1.558,0.0,0.0,0.3247227457508223,0.0
274835,2025-03-01T09:00:00.000000000,1.342,1.077,0.0,0.0,0.3247227457508222,0.0
274835,2025-03-01T10:00:00.000000000,1.211,0.7110000000000001,0.0,0.0,0.3247227457508223,0.0
274835,2025-03-01T11:00:00.000000000,0.965,0.39199999999999996,0.0,0.0,0.0,0.0
274835,2025-03-01T12:00:00.000000000,0.687,0.11499999999999999,0.0,0.003,0.32442967468065,0.0
274835,2025-03-01T13:00:00.000000000,0.659,0.045,0.0,0.048,0.32442967468065,0.0
274835,2025-03-01T14:00:00.000000000,0.672,0.044,0.0,0.067,0.0,0.0
274835,2025-03-01T15:00:00.000000000,0.586,0.063,0.0,0.028,0.32442967468065,0.0
274835,2025-03-01T16:00:00.000000000,0.6140000000000001,0.353,0.0,0.0,0.6761149588873167,0.0
274835,2025-03-01T17:00:00.000000000,1.531,0.875,0.0,0.0,2.5338924727090335,0.0
274835,2025-03-01T18:00:00.000000000,2.23,1.3639999999999999,0.0,0.0,1.0823114621460166,0.0
274835,2025-03-01T19:00:00.000000000,2.722,1.759,0.0,0.0,0.32442967468065,0.0
274835,2025-03-01T20:00:00.000000000,3.248,2.2609999999999997,0.0,0.0,2.085200664275361,0.0
274835,2025-03-01T21:00:00.000000000,3.172,2.526,0.0,0.0,0.32442967468065,0.0
274835,2025-03-01T22:00:00.000000000,3.18,2.8169999999999997,0.0,0.0,0.18815162705056668,0.0
274835,2025-03-01T23:00:00.000000000,3.173,2.83,0.0,0.0,0.13627804763008333,0.0
274835,2025-03-02T00:00:00.000000000,3.039,2.7150000000000003,0.0,0.0,0.7933433869562055,0.0
274835,2025-03-02T01:00:00.000000000,3.051,2.729,0.0,0.0,0.3247227457508223,0.0
274835,2025-03-02T02:00:00.000000000,3.1210000000000004,2.7969999999999997,0.0,0.0,0.3247227457508223,0.0
274835,2025-03-02T03:00:00.000000000,3.099,2.778,0.0,0.0,0.0,0.0
274835,2025-03-02T04:00:00.000000000,3.076,2.756,0.0,0.0,0.3247227457508223,0.0
274835,2025-03-02T05:00:00.000000000,3.144,2.8049999999999997,0.0,0.0,0.6963368627291999,0.0
274835,2025-03-02T06:00:00.000000000,3.124,2.607,0.0,0.0,1.225330144390061,0.0
274835,2025-03-02T07:00:00.000000000,2.2699999999999996,1.6819999999999997,0.0,0.0,0.8528368142011667,0.0
274835,2025-03-02T08:00:00.000000000,1.669,1.08,0.0,0.0,0.0,0.0
274835,2025-03-02T09:00:00.000000000,1.297,0.7040000000000001,0.0,0.0,0.32442967468065,0.0
274835,2025-03-02T10:00:00.000000000,1.1449999999999998,0.562,0.0,0.0,0.6866655174135167,0.0
274835,2025-03-02T11:00:00.000000000,1.094,0.522,0.0,0.0,0.0,0.0
274835,2025-03-02T12:00:00.000000000,0.986,0.4179999999999999,0.0,0.0,0.33673865962788335,0.0
274835,2025-03-02T13:00:00.000000000,0.79,0.378,0.0,0.0,0.32442967468065,0.0
274835,2025-03-02T14:00:00.000000000,1.062,0.497,0.0,0.0,0.32442967468065,0.0
274835,2025-03-02T15:00:00.000000000,1.1309999999999998,0.553,0.0,0.0,0.0,0.0
274835,2025-03-02T16:00:00.000000000,1.2,0.5740000000000001,0.0,0.0,0.32442967468065,0.0
274835,2025-03-02T17:00:00.000000000,1.653,0.903,0.0,0.0,0.33673865962788335,0.0
274835,2025-03-02T18:00:00.000000000,2.058,1.196,0.0,0.0,0.33673865962788335,0.0
274835,2025-03-02T19:00:00.000000000,2.493,1.541,0.0,0.0,0.0,0.0
274835,2025-03-02T20:00:00.000000000,2.923,1.9500000000000002,0.0,0.0,0.68842394383455,0.0
274835,2025-03-02T21:00:00.000000000,3.1260000000000003,2.224,0.0,0.0,0.7930503158860334,0.0
274835,2025-03-02T22:00:00.000000000,3.114,2.467,0.0,0.0,1.0870005992687721,0.0
274835,2025-03-02T23:00:00.000000000,2.945,2.617,0.0,0.0,0.33556637534719447,0.0
274835,2025-03-03T00:00:00.000000000,2.9239999999999995,2.61,0.0,0.0,0.3247227457508223,0.0
274835,2025-03-03T01:00:00.000000000,2.9450000000000003,2.635,0.0,0.0,0.0,0.0
274835,2025-03-03T02:00:00.000000000,3.031,2.7190000000000003,0.0,0.0,0.3247227457508223,0.0
274835,2025-03-03T03:00:00.000000000,3.2329999999999997,2.916,0.0,0.0,0.3247227457508223,0.0
274835,2025-03-03T04:00:00.000000000,3.415,3.0940000000000003,0.0,0.0,0.0,0.0
274835,2025-03-03T05:00:00.000000000,3.4859999999999998,3.163,0.0,0.0,0.3247227457508223,0.0
274835,2025-03-03T06:00:00.000000000,3.519,3.1940000000000004,0.0,0.0,0.3247227457508223,0.0
274835,2025-03-03T07:00:00.000000000,3.093,2.7790000000000004,0.0,0.0,0.0,0.0
274835,2025-03-03T08:00:00.000000000,2.4699999999999998,1.9020000000000001,0.0,0.0,1.3809508826515113,0.0
274835,2025-03-03T09:00:00.000000000,1.936,1.3399999999999999,0.0,0.0,0.6983883602204055,0.0
274835,2025-03-03T10:00:00.000000000,1.5459999999999998,0.96,0.0,0.0,1.5330547680708946,0.0
274835,2025-03-03T11:00:00.000000000,1.081,0.743,0.0,0.0,0.32442967468065,0.0
274835,2025-03-03T12:00:00.000000000,0.845,0.588,0.0,0.0,0.7206617615534945,0.0
274835,2025-03-03T13:00:00.000000000,0.7329999999999999,0.477,0.0,0.0,0.33673865962788335,0.0
274835,2025-03-03T14:00:00.000000000,0.641,0.385,0.0,0.0,0.6740634613961112,0.0
274835,2025-03-03T15:00:00.000000000,0.578,0.323,0.0,0.0,0.0,0.0
274835,2025-03-03T16:00:00.000000000,0.8210000000000001,0.372,0.0,0.0,0.32442967468065,0.0
274835,2025-03-03T17:00:00.000000000,1.5519999999999998,0.802,0.0,0.0,0.32442967468065,0.0
274835,2025-03-03T18:00:00.000000000,2.1180000000000003,1.255,0.0,0.0,0.0,0.0
274835,2025-03-03T19:00:00.000000000,2.6100000000000003,1.657,0.0,0.0,0.32442967468065,0.0
274835,2025-03-03T20:00:00.000000000,3.031,2.057,0.0,0.0,0.6998537155712666,0.0
274835,2025-03-03T21:00:00.000000000,3.193,2.292,0.0,0.0,0.33673865962788335,0.0
274835,2025-03-03T22:00:00.000000000,3.115,2.393,0.0,0.0,0.33673865962788335,0.0
274835,2025-03-03T23:00:00.000000000,3.005,2.482,0.0,0.0,0.33673865962788335,0.0
274835,2025-03-04T00:00:00.000000000,3.024,2.6710000000000003,0.0,0.0,0.32442967468065,0.0
274835,2025-03-04T01:00:00.000000000,3.061,2.749,0.0,0.0,0.0,0.0
274835,2025-03-04T02:00:00.000000000,3.104,2.791,0.0,0.0,0.3247227457508223,0.0
274835,2025-03-04T03:00:00.000000000,3.079,2.768,0.0,0.0,0.3247227457508223,0.0
274835,2025-03-04T04:00:00.000000000,3.055,2.747,0.0,0.0,0.0,0.0
274835,2025-03-04T05:00:00.000000000,3.1790000000000003,2.867,0.0,0.0,0.3247227457508223,0.0
274835,2025-03-04T06:00:00.000000000,3.2600000000000002,2.891,0.0,0.0,1.1620267932328612,0.0
274835,2025-03-04T07:00:00.000000000,2.9699999999999998,2.457,0.0,0.0,0.34816843136459996,0.0
274835,2025-03-04T08:00:00.000000000,2.04,1.7610000000000001,0.0,0.0,0.3247227457508223,0.0
274835,2025-03-04T09:00:00.000000000,1.464,1.197,0.0,0.0,0.3247227457508223,0.0
274835,2025-03-04T10:00:00.000000000,1.096,0.835,0.0,0.0,0.5424745508887834,0.0
274835,2025-03-04T11:00:00.000000000,0.788,0.531,0.0,0.0,0.13891568726163334,0.0
274835,2025-03-04T12:00:00.000000000,0.56,0.304,0.0,0.0,0.32442967468065,0.0
274835,2025-03-04T13:00:00.000000000,0.38699999999999996,0.131,0.0,0.0,0.0,0.0
274835,2025-03-04T14:00:00.000000000,0.30400000000000005,0.0,0.0,0.048,0.32442967468065,0.0
274835,2025-03-04T15:00:00.000000000,0.325,0.0,0.0,0.069,0.32442967468065,0.0
274835,2025-03-04T16:00:00.000000000,0.5770000000000001,0.005,0.0,0.031,1.5421399712462334,0.0
274835,2025-03-04T17:00:00.000000000,1.071,0.323,0.0,0.0,2.117145410924133,0.0
274835,2025-03-04T18:00:00.000000000,1.3929999999999998,0.47500000000000003,0.0,0.0,2.460038563025633,0.0
274835,2025-03-04T19:00:00.000000000,1.778,0.817,0.0,0.0,0.8525437431309945,0.0
274835,2025-03-04T20:00:00.000000000,2.101,1.1500000000000001,0.0,0.0,0.33673865962788335,0.0
274835,2025-03-04T21:00:00.000000000,2.282,1.409,0.0,0.0,0.33673865962788335,0.0
274835,2025-03-04T22:00:00.000000000,2.481,1.778,0.0,0.0,1.14209796046115,0.0
274835,2025-03-04T23:00:00.000000000,2.35,1.9629999999999999,0.0,0.0,0.0,0.0
274835,2025-03-05T00:00:00.000000000,2.467,2.1710000000000003,0.0,0.0,0.33673865962788335,0.0
274835,2025-03-05T01:00:00.000000000,2.75,2.449,0.0,0.0,0.32442967468065,0.0
274835,2025-03-05T02:00:00.000000000,2.909,2.6020000000000003,0.0,0.0,0.32442967468065,0.0
274835,2025-03-05T03:00:00.000000000,3.0949999999999998,2.785,0.0,0.0,0.0,0.0
274835,2025-03-05T04:00:00.000000000,3.2230000000000003,2.9079999999999995,0.0,0.0,0.3247227457508223,0.0
274835,2025-03-05T05:00:00.000000000,3.0700000000000003,2.763,0.0,0.0,0.3247227457508223,0.0
274835,2025-03-05T06:00:00.000000000,2.889,2.588,0.0,0.0,0.0,0.0
274835,2025-03-05T07:00:00.000000000,2.562,2.268,0.0,0.0,0.3247227457508223,0.0
274835,2025-03-05T08:00:00.000000000,1.83,1.5570000000000002,0.0,0.0,0.32442967468065,0.0
274835,2025-03-05T09:00:00.000000000,1.671,1.159,0.0,0.0,1.5251418491762445,0.0
274835,2025-03-05T10:00:00.000000000,1.1829999999999998,0.841,0.0,0.0,0.32442967468065,0.0
274835,2025-03-05T11:00:00.000000000,0.891,0.364,0.0,0.0,1.3806578115813388,0.0
274835,2025-03-05T12:00:00.000000000,0.7180000000000001,0.30500000000000005,0.0,0.0,0.0,0.0
274835,2025-03-05T13:00:00.000000000,0.754,0.498,0.0,0.0,0.32442967468065,0.0
274835,2025-03-05T14:00:00.000000000,1.077,0.59,0.0,0.0,0.32442967468065,0.0
274835,2025-03-05T15:00:00.000000000,0.9650000000000001,0.7090000000000001,0.0,0.0,0.6728911771154221,0.0
274835,2025-03-05T16:00:00.000000000,1.197,0.937,0.0,0.0,0.0,0.0
274835,2025-03-05T17:00:00.000000000,1.492,1.195,0.0,0.0,0.32442967468065,0.0
274835,2025-03-05T18:00:00.000000000,1.597,1.307,0.0,0.0,1.1942646109518056,0.0
274835,2025-03-05T19:00:00.000000000,1.661,1.3719999999999999,0.0,0.0,0.0,0.0
274835,2025-03-05T20:00:00.000000000,2.058,1.435,0.0,0.0,0.32442967468065,0.0
274835,2025-03-05T21:00:00.000000000,2.44,1.5610000000000002,0.0,0.0,0.32442967468065,0.0
274835,2025-03-05T22:00:00.000000000,2.541,1.9909999999999999,0.0,0.0,0.0,0.0
274835,2025-03-05T23:00:00.000000000,2.4640000000000004,2.151,0.0,0.0,0.32442967468065,0.0
274835,2025-03-06T00:00:00.000000000,2.588,2.283,0.0,0.0,0.6992675734309223,0.0
274835,2025-03-06T01:00:00.000000000,2.796,2.488,0.0,0.0,0.3311703092946111,0.0
274835,2025-03-06T02:00:00.000000000,2.975,2.664,0.0,0.0,0.32442967468065,0.0
274835,2025-03-06T03:00:00.000000000,3.0490000000000004,2.737,0.0,0.0,0.0,0.0
274835,2025-03-06T04:00:00.000000000,3.1430000000000002,2.8289999999999997,0.0,0.0,0.32442967468065,0.0
274835,2025-03-06T05:00:00.000000000,3.332,2.997,0.0,0.0,0.3247227457508223,0.0
274835,2025-03-06T06:00:00.000000000,3.493,2.991,0.0,0.0,0.0,0.0
274835,2025-03-06T07:00:00.000000000,3.039,2.449,0.0,0.0,0.3247227457508223,0.0
274835,2025-03-06T08:00:00.000000000,2.1790000000000003,1.5809999999999997,0.0,0.0,0.32442967468065,0.0
274835,2025-03-06T09:00:00.000000000,1.6580000000000001,1.0630000000000002,0.0,0.0,0.0,0.0
274835,2025-03-06T10:00:00.000000000,1.35,0.766,0.0,0.0,0.6488593493613,0.0
274835,2025-03-06T11:00:00.000000000,1.249,0.528,0.0,0.0,0.34758228922425555,0.0
274835,2025-03-06T12:00:00.000000000,1.222,0.559,0.0,0.0,1.5702747939827668,0.0
274835,2025-03-06T13:00:00.000000000,0.815,0.219,0.0,0.0,0.715972624430739,0.0
274835,2025-03-06T14:00:00.000000000,0.628,0.051000000000000004,0.0,0.015,0.0,0.0
274835,2025-03-06T15:00:00.000000000,0.656,0.048,0.0,0.031,0.32442967468065,0.0
274835,2025-03-06T16:00:00.000000000,0.743,0.118,0.0,0.001,0.7918780316053444,0.0
274835,2025-03-06T17:00:00.000000000,1.2469999999999999,0.49699999999999994,0.0,0.0,0.3493407156452889,0.0
274835,2025-03-06T18:00:00.000000000,1.7280000000000002,0.866,0.0,0.0,0.33644558855771106,0.0
274835,2025-03-06T19:00:00.000000000,2.141,1.196,0.0,0.0,0.6728911771154221,0.0
274835,2025-03-06T20:00:00.000000000,2.408,1.4500000000000002,0.0,0.0,0.9806158007962555,0.0
274835,2025-03-06T21:00:00.000000000,2.623,1.737,0.0,0.0,0.1465355350861111,0.0
274835,2025-03-06T22:00:00.000000000,2.7560000000000002,2.0420000000000003,0.0,0.0,1.1388741786892556,0.0
274835,2025-03-06T23:00:00.000000000,2.574,2.1780000000000004,0.0,0.0,0.3361525174875389,0.0
274835,2025-03-07T00:00:00.000000000,2.6470000000000002,2.344,0.0,0.0,0.33673865962788335,0.0
274835,2025-03-07T01:00:00.000000000,2.8,2.496,0.0,0.0,0.0,0.0
274835,2025-03-07T02:00:00.000000000,2.937,2.6300000000000003,0.0,0.0,0.32442967468065,0.0
274835,2025-03-07T03:00:00.000000000,3.088,2.7779999999999996,0.0,0.0,0.32442967468065,0.0
274835,2025-03-07T04:00:00.000000000,3.248,2.934,0.0,0.0,0.0,0.0
274835,2025-03-07T05:00:00.000000000,3.5130000000000003,3.1950000000000003,0.0,0.0,0.32442967468065,0.0
274835,2025-03-07T06:00:00.000000000,3.724,3.4,0.0,0.0,0.3247227457508223,0.0
274835,2025-03-07T07:00:00.000000000,3.1229999999999998,2.8129999999999997,0.0,0.0,0.0,0.0
274835,2025-03-07T08:00:00.000000000,1.9860000000000002,1.709,0.0,0.0,0.32442967468065,0.0
274835,2025-03-07T09:00:00.000000000,1.476,0.964,0.0,0.0,0.32442967468065,0.0
274835,2025-03-07T10:00:00.000000000,1.112,0.529,0.0,0.0,0.0,0.0
274835,2025-03-07T11:00:00.000000000,0.7989999999999999,0.226,0.0,0.0,0.32442967468065,0.0
274835,2025-03-07T12:00:00.000000000,0.7150000000000001,0.027999999999999997,0.0,0.006,0.3361525174875389,0.0
274835,2025-03-07T13:00:00.000000000,0.692,0.0,0.0,0.034999999999999996,1.0447983651639723,0.0
274835,2025-03-07T14:00:00.000000000,0.874,0.0,0.0,0.11499999999999999,3.5165597709964946,0.0
274835,2025-03-07T15:00:00.000000000,0.939,0.0,0.0,0.215,0.7871888944825889,0.0
274835,2025-03-07T16:00:00.000000000,0.8689999999999999,0.0,0.0,0.15400000000000003,1.3674696134235889,0.0
274835,2025-03-07T17:00:00.000000000,1.1680000000000001,0.256,0.0,0.005,2.4916902386042334,0.0
274835,2025-03-07T18:00:00.000000000,0.8919999999999999,0.449,0.0,0.0,1.136529610127878,0.0
274835,2025-03-07T19:00:00.000000000,1.523,0.7289999999999999,0.0,0.0,0.32442967468065,0.0
274835,2025-03-07T20:00:00.000000000,1.868,0.914,0.0,0.0,0.32442967468065,0.0
274835,2025-03-07T21:00:00.000000000,1.857,0.983,0.0,0.0,0.34494464959270554,0.0
274835,2025-03-07T22:00:00.000000000,1.4929999999999999,1.048,0.0,0.0,0.3241366036104778,0.0
274835,2025-03-07T23:00:00.000000000,1.351,1.064,0.0,0.0,0.32442967468065,0.0
274835,2025-03-08T00:00:00.000000000,1.396,1.123,0.0,0.0,0.7320915332902111,0.0
274835,2025-03-08T01:00:00.000000000,1.458,1.188,0.0,0.0,0.32442967468065,0.0
274835,2025-03-08T02:00:00.000000000,1.538,1.266,0.0,0.0,0.32442967468065,0.0
274835,2025-03-08T03:00:00.000000000,1.619,1.3490000000000002,0.0,0.0,0.34025551246995,0.0
274835,2025-03-08T04:00:00.000000000,1.676,1.3659999999999999,0.0,0.0,1.778941395945389,0.0
274835,2025-03-08T05:00:00.000000000,2.132,1.7970000000000002,0.0,0.0,0.32442967468065,0.0
274835,2025-03-08T06:00:00.000000000,2.854,2.3689999999999998,0.0,0.0,0.32442967468065,0.0
274835,2025-03-08T07:00:00.000000000,2.432,1.8599999999999999,0.0,0.0,0.33644558855771106,0.0
274835,2025-03-08T08:00:00.000000000,1.7389999999999999,1.149,0.0,0.0,0.0,0.0
274835,2025-03-08T09:00:00.000000000,1.292,0.6980000000000001,0.0,0.0,0.32442967468065,0.0
274835,2025-03-08T10:00:00.000000000,0.8560000000000001,0.27299999999999996,0.0,0.0,0.32442967468065,0.0
274835,2025-03-08T11:00:00.000000000,0.622,0.028,0.0,0.022,0.0,0.0
274835,2025-03-08T12:00:00.000000000,0.6970000000000001,0.0,0.0,0.127,0.6881308727643778,0.0
274835,2025-03-08T13:00:00.000000000,0.7650000000000001,0.0,0.0,0.19899999999999998,0.0,0.0
274835,2025-03-08T14:00:00.000000000,0.786,0.0,0.0,0.224,0.6725981060452499,0.0
274835,2025-03-08T15:00:00.000000000,0.45999999999999996,0.008,0.0,0.197,0.6769941720978334,0.0
274835,2025-03-08T16:00:00.000000000,0.7070000000000001,0.038,0.0,0.127,0.8094622958156779,0.0
274835,2025-03-08T17:00:00.000000000,0.982,0.219,0.0,0.015,0.6069501863266722,0.0
274835,2025-03-08T18:00:00.000000000,1.385,0.522,0.0,0.0,1.043333009813111,0.0
274835,2025-03-08T19:00:00.000000000,1.797,0.853,0.0,0.0,0.7142141980097056,0.0
274835,2025-03-08T20:00:00.000000000,1.9889999999999999,0.9990000000000001,0.0,0.0,1.3803647405111668,0.0
274835,2025-03-08T21:00:00.000000000,2.265,1.388,0.0,0.0,0.32442967468065,0.0
274835,2025-03-08T22:00:00.000000000,2.4979999999999998,2.0300000000000002,0.0,0.0,0.3493407156452889,0.0
274835,2025-03-08T23:00:00.000000000,2.646,2.324,0.0,0.0,0.32442967468065,0.0
274835,2025-03-09T00:00:00.000000000,2.8219999999999996,2.508,0.0,0.0,0.32442967468065,0.0
274835,2025-03-09T01:00:00.000000000,2.7669999999999995,2.458,0.0,0.0,0.0,0.0
274835,2025-03-09T02:00:00.000000000,2.3850000000000002,2.093,0.0,0.0,0.32442967468065,0.0
274835,2025-03-09T03:00:00.000000000,2.025,1.7489999999999999,0.0,0.0,0.0,0.0
274835,2025-03-09T04:00:00.000000000,1.9419999999999997,1.668,0.0,0.0,0.32442967468065,0.0
274835,2025-03-09T05:00:00.000000000,1.884,1.616,0.0,0.0,0.32442967468065,0.0
274835,2025-03-09T06:00:00.000000000,1.8399999999999999,1.499,0.0,0.0,0.5281140684503445,0.0
274835,2025-03-09T07:00:00.000000000,1.5989999999999998,0.889,0.0,0.0,4.8479816427889,0.0
274835,2025-03-09T08:00:00.000000000,1.163,0.445,0.0,0.0,4.0936167081656,0.0
274835,2025-03-09T09:00:00.000000000,0.952,0.36,0.0,0.0,0.0,0.0
274835,2025-03-09T10:00:00.000000000,0.6819999999999999,0.047,0.0,0.016,1.7294123850862833,0.0
274835,2025-03-09T11:00:00.000000000,0.627,0.0,0.0,0.054,0.6734773192557667,0.0
274835,2025-03-09T12:00:00.000000000,0.728,0.0,0.0,0.159,0.3241366036104778,0.0
274835,2025-03-09T13:00:00.000000000,0.83,0.0,0.0,0.246,0.8663180834290889,0.0
274835,2025-03-09T14:00:00.000000000,0.817,0.0,0.0,0.235,0.8522506720608223,0.0
274835,2025-03-09T15:00:00.000000000,0.706,0.0,0.0,0.127,0.0,0.0
274835,2025-03-09T16:00:00.000000000,0.6659999999999999,0.016,0.0,0.026000000000000002,0.32413660361047775,0.0
274835,2025-03-09T17:00:00.000000000,1.048,0.3,0.0,0.0,0.3241366036104778,0.0
274835,2025-03-09T18:00:00.000000000,1.43,0.571,0.0,0.0,0.3493407156452889,0.0
274835,2025-03-09T19:00:00.000000000,1.7930000000000001,0.848,0.0,0.0,0.6875447306240334,0.0
274835,2025-03-09T20:00:00.000000000,1.945,0.99,0.0,0.0,0.0,0.0
274835,2025-03-09T21:00:00.000000000,1.961,1.088,0.0,0.0,0.6605821921681889,0.0
274835,2025-03-09T22:00:00.000000000,1.809,1.116,0.0,0.0,0.0,0.0
274835,2025-03-09T23:00:00.000000000,1.5290000000000001,1.0790000000000002,0.0,0.0,0.3241366036104778,0.0
274835,2025-03-10T00:00:00.000000000,1.398,1.127,0.0,0.0,0.3241366036104778,0.0
274835,2025-03-10T01:00:00.000000000,1.4529999999999998,1.183,0.0,0.0,0.0,0.0
274835,2025-03-10T02:00:00.000000000,1.437,1.168,0.0,0.0,0.3241366036104778,0.0
274835,2025-03-10T03:00:00.000000000,1.386,1.119,0.0,0.0,0.0,0.0
274835,2025-03-10T04:00:00.000000000,1.3310000000000002,1.064,0.0,0.0,0.3241366036104778,0.0
274835,2025-03-10T05:00:00.000000000,1.322,1.057,0.0,0.0,0.3241366036104778,0.0
274835,2025-03-10T06:00:00.000000000,1.354,1.086,0.0,0.0,0.0,0.0
274835,2025-03-10T07:00:00.000000000,1.4729999999999999,0.97,0.0,0.0,0.3241366036104778,0.0
274835,2025-03-10T08:00:00.000000000,1.341,0.75,0.0,0.0,0.33996244139977777,0.0
274835,2025-03-10T09:00:00.000000000,1.3920000000000001,0.7979999999999999,0.0,0.0,1.4800089043697222,0.0
274835,2025-03-10T10:00:00.000000000,1.349,1.006,0.0,0.0,0.3241366036104778,0.0
274835,2025-03-10T11:00:00.000000000,1.399,1.141,0.0,0.0,0.33644558855771106,0.0
274835,2025-03-10T12:00:00.000000000,1.2930000000000001,1.0350000000000001,0.0,0.0,0.32442967468065,0.0
274835,2025-03-10T13:00:00.000000000,1.13,0.8720000000000001,0.0,0.0,0.3493407156452889,0.0
274835,2025-03-10T14:00:00.000000000,0.958,0.7020000000000001,0.0,0.0,0.3241366036104778,0.0
274835,2025-03-10T15:00:00.000000000,0.979,0.7230000000000001,0.0,0.0,0.0,0.0
274835,2025-03-10T16:00:00.000000000,1.147,0.886,0.0,0.0,0.3241366036104778,0.0
274835,2025-03-10T17:00:00.000000000,1.907,1.12,0.0,0.0,1.056228136900689,0.0
274835,2025-03-10T18:00:00.000000000,2.302,1.438,0.0,0.0,0.3241366036104778,0.0
274835,2025-03-10T19:00:00.000000000,2.681,1.725,0.0,0.0,0.32442967468065,0.0
274835,2025-03-10T20:00:00.000000000,2.9399999999999995,1.9699999999999998,0.0,0.0,0.7909988183948278,0.0
274835,2025-03-10T21:00:00.000000000,2.985,2.092,0.0,0.0,0.32442967468065,0.0
274835,2025-03-10T22:00:00.000000000,3.034,2.315,0.0,0.0,0.7581748585355389,0.0
274835,2025-03-10T23:00:00.000000000,2.8609999999999998,2.3409999999999997,0.0,0.0,0.32442967468065,0.0
274835,2025-03-11T00:00:00.000000000,2.811,2.409,0.0,0.0,0.0,0.0
274835,2025-03-11T01:00:00.000000000,2.792,2.448,0.0,0.0,0.33644558855771106,0.0
274835,2025-03-11T02:00:00.000000000,2.778,2.4619999999999997,0.0,0.0,0.32442967468065,0.0
274835,2025-03-11T03:00:00.000000000,2.769,2.464,0.0,0.0,0.0,0.0
274835,2025-03-11T04:00:00.000000000,2.671,2.3310000000000004,0.0,0.0,1.3806578115813388,0.0
274835,2025-03-11T05:00:00.000000000,2.895,2.531,0.0,0.0,0.33644558855771106,0.0
274835,2025-03-11T06:00:00.000000000,2.97,2.55,0.0,0.0,1.1218760566192667,0.0
274835,2025-03-11T07:00:00.000000000,2.891,2.375,0.0,0.0,0.32442967468065,0.0
274835,2025-03-11T08:00:00.000000000,2.4899999999999998,2.1910000000000003,0.0,0.0,0.3493407156452889,0.0
274835,2025-03-11T09:00:00.000000000,2.307,2.0180000000000002,0.0,0.0,0.6740634613961112,0.0
274835,2025-03-11T10:00:00.000000000,2.193,1.912,0.0,0.0,0.0,0.0
274835,2025-03-11T11:00:00.000000000,2.162,1.884,0.0,0.0,0.33644558855771106,0.0
274835,2025-03-11T12:00:00.000000000,2.156,1.879,0.0,0.0,0.32442967468065,0.0
274835,2025-03-11T13:00:00.000000000,2.447,2.159,0.0,0.0,0.017584264210333333,0.0
274835,2025-03-11T14:00:00.000000000,2.953,2.6470000000000002,0.0,0.0,0.30684541047031666,0.0
274835,2025-03-11T15:00:00.000000000,3.166,2.854,0.0,0.0,0.32442967468065,0.0
274835,2025-03-11T16:00:00.000000000,3.3129999999999997,2.99,0.0,0.0,0.0,0.0
274835,2025-03-11T17:00:00.000000000,3.5069999999999997,3.145,0.0,0.0,0.32442967468065,0.0
274835,2025-03-11T18:00:00.000000000,3.4779999999999998,3.1239999999999997,0.0,0.0,0.32442967468065,0.0
274835,2025-03-11T19:00:00.000000000,3.4290000000000003,2.898,0.0,0.0,0.5281140684503445,0.0
274835,2025-03-11T20:00:00.000000000,3.6179999999999994,2.561,0.0,0.0,1.9835050029256,0.0
274835,2025-03-11T21:00:00.000000000,2.976,2.0829999999999997,0.0,0.0,0.32442967468065,0.0
274835,2025-03-11T22:00:00.000000000,2.412,1.794,0.0,0.0,0.0,0.0
274835,2025-03-11T23:00:00.000000000,2.013,1.72,0.0,0.0,0.32442967468065,0.0
274835,2025-03-12T00:00:00.000000000,1.806,1.532,0.0,0.0,0.32442967468065,0.0
274835,2025-03-12T01:00:00.000000000,1.699,1.428,0.0,0.0,0.0,0.0
274835,2025-03-12T02:00:00.000000000,1.6099999999999999,1.341,0.0,0.0,0.32442967468065,0.0
274835,2025-03-12T03:00:00.000000000,1.547,1.28,0.0,0.0,0.32442967468065,0.0
274835,2025-03-12T04:00:00.000000000,1.5,1.236,0.0,0.0,0.0,0.0
274835,2025-03-12T05:00:00.000000000,1.482,1.218,0.0,0.0,0.32442967468065,0.0
274835,2025-03-12T06:00:00.000000000,1.585,1.318,0.0,0.0,0.32442967468065,0.0
274835,2025-03-12T07:00:00.000000000,1.6569999999999998,1.392,0.0,0.0,0.0,0.0
274835,2025-03-12T08:00:00.000000000,1.6119999999999999,1.346,0.0,0.0,0.32442967468065,0.0
274835,2025-03-12T09:00:00.000000000,1.4460000000000002,1.1849999999999998,0.0,0.0,0.32442967468065,0.0
274835,2025-03-12T10:00:00.000000000,1.3370000000000002,1.08,0.0,0.0,0.0,0.0
274835,2025-03-12T11:00:00.000000000,1.268,1.01,0.0,0.0,0.32442967468065,0.0
274835,2025-03-12T12:00:00.000000000,1.519,1.028,0.0,0.0,0.021687259192744442,0.0
274835,2025-03-12T13:00:00.000000000,1.635,1.3010000000000002,0.0,0.0,0.30274241548790554,0.0
274835,2025-03-12T14:00:00.000000000,1.858,1.5899999999999999,0.0,0.0,0.32442967468065,0.0
274835,2025-03-12T15:00:00.000000000,2.48,2.184,0.0,0.0,0.0,0.0
274835,2025-03-12T16:00:00.000000000,2.685,2.3499999999999996,0.0,0.0,1.2036428851973167,0.0
274835,2025-03-12T17:00:00.000000000,2.52,2.1959999999999997,0.0,0.0,0.32442967468065,0.0
274835,2025-03-12T18:00:00.000000000,2.8870000000000005,2.226,0.0,0.0,0.6951645784485111,0.0
274835,2025-03-12T19:00:00.000000000,3.296,2.304,0.0,0.0,1.0524182129884498,0.0
274835,2025-03-12T20:00:00.000000000,3.311,2.3979999999999997,0.0,0.0,0.32442967468065,0.0
274835,2025-03-12T21:00:00.000000000,3.35,2.6109999999999998,0.0,0.0,0.0,0.0
274835,2025-03-12T22:00:00.000000000,3.0890000000000004,2.6740000000000004,0.0,0.0,0.32442967468065,0.0
274835,2025-03-12T23:00:00.000000000,3.0309999999999997,2.6610000000000005,0.0,0.0,0.32442967468065,0.0
274835,2025-03-13T00:00:00.000000000,3.091,2.738,0.0,0.0,0.32442967468065,0.0
274835,2025-03-13T01:00:00.000000000,3.21,2.881,0.0,0.0,0.6740634613961112,0.0
274835,2025-03-13T02:00:00.000000000,3.13,2.8160000000000003,0.0,0.0,0.0,0.0
274835,2025-03-13T03:00:00.000000000,3.1040000000000005,2.794,0.0,0.0,0.32442967468065,0.0
274835,2025-03-13T04:00:00.000000000,3.2720000000000002,2.96,0.0,0.0,0.3247227457508223,0.0
274835,2025-03-13T05:00:00.000000000,3.4429999999999996,3.1270000000000002,0.0,0.0,0.0,0.0
274835,2025-03-13T06:00:00.000000000,3.721,3.396,0.0,0.0,0.3247227457508223,0.0
274835,2025-03-13T07:00:00.000000000,3.973,3.243,0.0,0.0,0.3253088878911667,0.0
274835,2025-03-13T08:00:00.000000000,3.4479999999999995,2.7230000000000003,0.0,0.0,1.041574583392078,0.0
274835,2025-03-13T09:00:00.000000000,3.2760000000000002,2.497,0.0,0.0,2.4673653397799393,0.0
274835,2025-03-13T10:00:00.000000000,2.0130000000000003,1.4,0.0,0.0,0.7907057473246556,0.0
274835,2025-03-13T11:00:00.000000000,1.56,0.989,0.0,0.0,0.33029109608409446,0.0
274835,2025-03-13T12:00:00.000000000,1.354,0.786,0.0,0.0,1.1227552698297834,0.0
274835,2025-03-13T13:00:00.000000000,1.155,0.592,0.0,0.0,0.32442967468065,0.0
274835,2025-03-13T14:00:00.000000000,0.986,0.40700000000000003,0.0,0.0,0.0,0.0
274835,2025-03-13T15:00:00.000000000,0.998,0.374,0.0,0.0,0.7153864822903944,0.0
274835,2025-03-13T16:00:00.000000000,1.309,0.561,0.0,0.0,1.1204107012684057,0.0
274835,2025-03-13T17:00:00.000000000,1.673,0.8099999999999999,0.0,0.0,0.3493407156452889,0.0
274835,2025-03-13T18:00:00.000000000,2.168,1.2200000000000002,0.0,0.0,0.660875263238361,0.0
274835,2025-03-13T19:00:00.000000000,2.334,1.855,0.0,0.0,0.33644558855771106,0.0
274835,2025-03-13T20:00:00.000000000,3.096,2.754,0.0,0.0,0.0,0.0
274835,2025-03-13T21:00:00.000000000,3.8449999999999998,3.476,0.0,0.0,0.6860793752731722,0.0
274835,2025-03-13T22:00:00.000000000,4.061999999999999,3.707,0.0,0.0,0.32442967468065,0.0
274835,2025-03-13T23:00:00.000000000,4.384,4.032,0.0,0.0,0.0,0.0
274835,2025-03-14T00:00:00.000000000,4.78,4.423,0.0,0.0,0.32442967468065,0.0
274835,2025-03-14T01:00:00.000000000,4.859999999999999,4.501,0.0,0.0,0.3247227457508223,0.0
274835,2025-03-14T02:00:00.000000000,5.050000000000001,4.687,0.0,0.0,1.5529836008426057,0.0
274835,2025-03-14T03:00:00.000000000,5.218999999999999,4.854,0.0,0.0,0.0,0.0
274835,2025-03-14T04:00:00.000000000,5.2829999999999995,4.918,0.0,0.0,0.3247227457508223,0.0
274835,2025-03-14T05:00:00.000000000,5.334,4.969,0.0,0.0,0.3247227457508223,0.0
274835,2025-03-14T06:00:00.000000000,5.161,4.796,0.0,0.0,0.3247227457508223,0.0
274835,2025-03-14T07:00:00.000000000,4.113,3.6929999999999996,0.0,0.0,0.0,0.0
274835,2025-03-14T08:00:00.000000000,2.452,2.162,0.0,0.0,0.3247227457508223,0.0
274835,2025-03-14T09:00:00.000000000,1.6059999999999999,1.104,0.0,0.0,0.32442967468065,0.0
274835,2025-03-14T10:00:00.000000000,1.268,0.6940000000000001,0.0,0.0,0.0,0.0
274835,2025-03-14T11:00:00.000000000,1.059,0.491,0.0,0.0,0.32442967468065,0.0
274835,2025-03-14T12:00:00.000000000,0.8989999999999999,0.333,0.0,0.0,0.32442967468065,0.0
274835,2025-03-14T13:00:00.000000000,0.7889999999999999,0.22799999999999998,0.0,0.0,0.32442967468065,0.0
274835,2025-03-14T14:00:00.000000000,0.71,0.131,0.0,0.0,0.0,0.0
274835,2025-03-14T15:00:00.000000000,0.746,0.123,0.0,0.0,0.32442967468065,0.0
274835,2025-03-14T16:00:00.000000000,1.097,0.348,0.0,0.0,0.33644558855771106,0.0
274835,2025-03-14T17:00:00.000000000,1.327,0.43000000000000005,0.0,0.0,1.3806578115813388,0.0
274835,2025-03-14T18:00:00.000000000,1.836,0.891,0.0,0.0,0.32442967468065,0.0
274835,2025-03-14T19:00:00.000000000,2.1530000000000005,1.198,0.0,0.0,0.6878378016942055,0.0
274835,2025-03-14T20:00:00.000000000,2.8000000000000003,1.9040000000000001,0.0,0.0,0.660875263238361,0.0
274835,2025-03-14T21:00:00.000000000,2.964,2.316,0.0,0.0,0.0,0.0
274835,2025-03-14T22:00:00.000000000,2.943,2.6100000000000003,0.0,0.0,0.32442967468065,0.0
274835,2025-03-14T23:00:00.000000000,3.0710000000000006,2.747,0.0,0.0,0.32442967468065,0.0
274835,2025-03-15T00:00:00.000000000,3.183,2.858,0.0,0.0,0.0,0.0
274835,2025-03-15T01:00:00.000000000,3.2340000000000004,2.91,0.0,0.0,0.32442967468065,0.0
274835,2025-03-15T02:00:00.000000000,3.324,2.996,0.0,0.0,0.32442967468065,0.0
274835,2025-03-15T03:00:00.000000000,3.468,3.1380000000000003,0.0,0.0,0.0,0.0
274835,2025-03-15T04:00:00.000000000,3.5309999999999997,3.2020000000000004,0.0,0.0,0.32442967468065,0.0
274835,2025-03-15T05:00:00.000000000,3.582,3.251,0.0,0.0,0.32442967468065,0.0
274835,2025-03-15T06:00:00.000000000,3.4770000000000003,3.073,0.0,0.0,0.0,0.0
274835,2025-03-15T07:00:00.000000000,2.629,2.0149999999999997,0.0,0.0,0.32442967468065,0.0
274835,2025-03-15T08:00:00.000000000,1.6560000000000001,1.0610000000000002,0.0,0.0,0.32442967468065,0.0
274835,2025-03-15T09:00:00.000000000,1.1960000000000002,0.613,0.0,0.0,0.0,0.0
274835,2025-03-15T10:00:00.000000000,0.8699999999999999,0.297,0.0,0.0,0.32442967468065,0.0
274835,2025-03-15T11:00:00.000000000,0.678,0.1,0.0,0.0,0.32442967468065,0.0
274835,2025-03-15T12:00:00.000000000,0.7490000000000001,0.0,0.0,0.044,0.0,0.0
274835,2025-03-15T13:00:00.000000000,0.742,0.0,0.0,0.045,2.433076024569789,0.0
274835,2025-03-15T14:00:00.000000000,0.845,0.0,0.0,0.105,2.8249120453900503,0.0
274835,2025-03-15T15:00:00.000000000,0.914,0.0,0.0,0.129,2.482898106499067,0.0
274835,2025-03-15T16:00:00.000000000,0.884,0.0,0.0,0.09100000000000001,1.2745660841789945,0.0
274835,2025-03-15T17:00:00.000000000,0.923,0.049,0.0,0.012,0.5137535860119056,0.0
274835,2025-03-15T18:00:00.000000000,1.3450000000000002,0.401,0.0,0.0,0.5099436620996667,0.0
274835,2025-03-15T19:00:00.000000000,1.6949999999999998,0.74,0.0,0.0,0.6731842481855945,0.0
274835,2025-03-15T20:00:00.000000000,1.832,0.958,0.0,0.0,0.7186102640622889,0.0
274835,2025-03-15T21:00:00.000000000,1.698,1.089,0.0,0.0,0.3361525174875389,0.0
274835,2025-03-15T22:00:00.000000000,1.441,1.154,0.0,0.0,0.3241366036104778,0.0
274835,2025-03-15T23:00:00.000000000,1.4889999999999999,1.216,0.0,0.0,0.0,0.0
274835,2025-03-16T00:00:00.000000000,1.5230000000000001,1.254,0.0,0.0,0.3241366036104778,0.0
274835,2025-03-16T01:00:00.000000000,1.524,1.2550000000000001,0.0,0.0,0.32442967468065,0.0
274835,2025-03-16T02:00:00.000000000,1.476,1.209,0.0,0.0,0.0,0.0
274835,2025-03-16T03:00:00.000000000,1.4329999999999998,1.166,0.0,0.0,0.32442967468065,0.0
274835,2025-03-16T04:00:00.000000000,1.3939999999999997,1.131,0.0,0.0,0.32442967468065,0.0
274835,2025-03-16T05:00:00.000000000,1.414,1.151,0.0,0.0,0.0,0.0
274835,2025-03-16T06:00:00.000000000,1.617,1.117,0.0,0.0,0.32442967468065,0.0
274835,2025-03-16T07:00:00.000000000,1.4689999999999999,0.879,0.0,0.0,0.7112834873079833,0.0
274835,2025-03-16T08:00:00.000000000,1.1099999999999999,0.516,0.0,0.0,0.8074107983244722,0.0
274835,2025-03-16T09:00:00.000000000,0.7480000000000001,0.16600000000000004,0.0,0.0,0.3241366036104778,0.0
274835,2025-03-16T10:00:00.000000000,0.609,0.008,0.0,0.028,0.3241366036104778,0.0
274835,2025-03-16T11:00:00.000000000,0.714,0.0,0.0,0.14400000000000002,0.0,0.0
274835,2025-03-16T12:00:00.000000000,0.7849999999999999,0.0,0.0,0.218,1.035127019848289,0.0
274835,2025-03-16T13:00:00.000000000,0.754,0.0,0.0,0.19,0.34904764457511667,0.0
274835,2025-03-16T14:00:00.000000000,0.437,0.0,0.0,0.105,0.6869585884836888,0.0
274835,2025-03-16T15:00:00.000000000,0.28900000000000003,0.003,0.0,0.027,0.0,0.0
274835,2025-03-16T16:00:00.000000000,0.708,0.174,0.0,0.0,1.1356503969173612,0.0
274835,2025-03-16T17:00:00.000000000,1.01,0.3,0.0,0.0,2.12857518266085,0.0
274835,2025-03-16T18:00:00.000000000,0.815,0.531,0.0,0.0,0.15444845398076112,0.0
274835,2025-03-16T19:00:00.000000000,1.061,0.765,0.0,0.0,0.3241366036104778,0.0
274835,2025-03-16T20:00:00.000000000,1.303,1.0030000000000001,0.0,0.0,0.7186102640622889,0.0
274835,2025-03-16T21:00:00.000000000,1.463,1.154,0.0,0.0,0.3241366036104778,0.0
274835,2025-03-16T22:00:00.000000000,1.5010000000000001,1.214,0.0,0.0,0.3241366036104778,0.0
274835,2025-03-16T23:00:00.000000000,1.645,1.373,0.0,0.0,0.0,0.0
274835,2025-03-17T00:00:00.000000000,1.811,1.538,0.0,0.0,0.3241366036104778,0.0
274835,2025-03-17T01:00:00.000000000,1.98,1.704,0.0,0.0,0.0,0.0
274835,2025-03-17T02:00:00.000000000,2.0669999999999997,1.7890000000000001,0.0,0.0,0.3241366036104778,0.0
274835,2025-03-17T03:00:00.000000000,2.466,2.175,0.0,0.0,0.3241366036104778,0.0
274835,2025-03-17T04:00:00.000000000,3.414,3.084,0.0,0.0,0.0,0.0
274835,2025-03-17T05:00:00.000000000,3.5600000000000005,3.222,0.0,0.0,0.32442967468065,0.0
274835,2025-03-17T06:00:00.000000000,3.604,3.267,0.0,0.0,0.3405485835401222,0.0
274835,2025-03-17T07:00:00.000000000,3.811,3.231,0.0,0.0,1.0433330098131113,0.0
274835,2025-03-17T08:00:00.000000000,3.9930000000000003,3.33,0.0,0.0,0.7432282339567555,0.0
274835,2025-03-17T09:00:00.000000000,4.079000000000001,3.502,0.0,0.0,0.36516655343458887,0.0
274835,2025-03-17T10:00:00.000000000,3.987,3.501,0.0,0.0,0.9677206737086778,0.0
274835,2025-03-17T11:00:00.000000000,3.9379999999999997,3.269,0.0,0.0,1.5169358592114222,0.0
274835,2025-03-17T12:00:00.000000000,3.9799999999999995,3.4219999999999997,0.0,0.0,0.0,0.0
274835,2025-03-17T13:00:00.000000000,3.722,3.399,0.0,0.0,0.32442967468065,0.0
274835,2025-03-17T14:00:00.000000000,3.6239999999999997,3.3039999999999994,0.0,0.0,1.0826045332161889,0.0
274835,2025-03-17T15:00:00.000000000,3.8640000000000003,3.443,0.0,0.0,0.6857863042029999,0.0
274835,2025-03-17T16:00:00.000000000,4.381,3.527,0.0,0.0,1.3806578115813388,0.0
274835,2025-03-17T17:00:00.000000000,4.2669999999999995,3.4890000000000003,0.0,0.0,0.0,0.0
274835,2025-03-17T18:00:00.000000000,4.306,3.465,0.0,0.0,0.32442967468065,0.0
274835,2025-03-17T19:00:00.000000000,4.05,3.685,0.0,0.0,0.32442967468065,0.0
274835,2025-03-17T20:00:00.000000000,4.390000000000001,3.612,0.0,0.0,0.32442967468065,0.0
274835,2025-03-17T21:00:00.000000000,4.373,3.693,0.0,0.0,0.33644558855771106,0.0
274835,2025-03-17T22:00:00.000000000,3.951,3.598,0.0,0.0,0.0,0.0
274835,2025-03-17T23:00:00.000000000,4.0569999999999995,3.715,0.0,0.0,0.32442967468065,0.0
274835,2025-03-18T00:00:00.000000000,4.2379999999999995,3.896,0.0,0.0,0.32442967468065,0.0
274835,2025-03-18T01:00:00.000000000,4.451,4.103999999999999,0.0,0.0,0.3247227457508223,0.0
274835,2025-03-18T02:00:00.000000000,4.5569999999999995,4.210999999999999,0.0,0.0,0.0,0.0
274835,2025-03-18T03:00:00.000000000,4.651,4.303,0.0,0.0,0.3247227457508223,0.0
274835,2025-03-18T04:00:00.000000000,4.739,4.390000000000001,0.0,0.0,0.3247227457508223,0.0
274835,2025-03-18T05:00:00.000000000,4.875,4.521,0.0,0.0,0.0,0.0
274835,2025-03-18T06:00:00.000000000,5.096,4.733,0.0,0.0,1.0870005992687721,0.0
274835,2025-03-18T07:00:00.000000000,5.402,4.716,0.0,0.0,1.2162449412147223,0.0
274835,2025-03-18T08:00:00.000000000,4.576,4.149,0.0,0.0,0.0,0.0
274835,2025-03-18T09:00:00.000000000,3.881,3.5559999999999996,0.0,0.0,0.3247227457508223,0.0
274835,2025-03-18T10:00:00.000000000,3.3040000000000003,2.999,0.0,0.0,0.3247227457508223,0.0
274835,2025-03-18T11:00:00.000000000,2.722,2.435,0.0,0.0,0.3493407156452889,0.0
274835,2025-03-18T12:00:00.000000000,2.186,1.9140000000000001,0.0,0.0,0.32442967468065,0.0
274835,2025-03-18T13:00:00.000000000,1.776,1.514,0.0,0.0,0.0,0.0
274835,2025-03-18T14:00:00.000000000,1.582,1.325,0.0,0.0,0.32442967468065,0.0
274835,2025-03-18T15:00:00.000000000,1.538,1.276,0.0,0.0,0.32442967468065,0.0
274835,2025-03-18T16:00:00.000000000,2.098,1.4040000000000001,0.0,0.0,1.056228136900689,0.0
274835,2025-03-18T17:00:00.000000000,2.676,1.801,0.0,0.0,0.32442967468065,0.0
274835,2025-03-18T18:00:00.000000000,3.411,2.436,0.0,0.0,0.3247227457508223,0.0
274835,2025-03-18T19:00:00.000000000,3.957,2.959,0.0,0.0,0.33644558855771106,0.0
274835,2025-03-18T20:00:00.000000000,4.32,3.5229999999999997,0.0,0.0,0.0,0.0
274835,2025-03-18T21:00:00.000000000,4.737,4.346,0.0,0.0,0.6690812532031832,0.0
274835,2025-03-18T22:00:00.000000000,4.771,4.401,0.0,0.0,0.33673865962788335,0.0
274835,2025-03-18T23:00:00.000000000,4.192,3.846,0.0,0.0,0.3247227457508223,0.0
274835,2025-03-19T00:00:00.000000000,4.427,4.077,0.0,0.0,0.3247227457508223,0.0
274835,2025-03-19T01:00:00.000000000,4.939,4.579000000000001,0.0,0.0,0.0,0.0
274835,2025-03-19T02:00:00.000000000,5.003,4.643,0.0,0.0,0.3247227457508223,0.0
274835,2025-03-19T03:00:00.000000000,4.85,4.494000000000001,0.0,0.0,0.3247227457508223,0.0
274835,2025-03-19T04:00:00.000000000,4.3260000000000005,3.9819999999999998,0.0,0.0,0.0,0.0
274835,2025-03-19T05:00:00.000000000,3.885,3.553,0.0,0.0,0.6652713292909445,0.0
274835,2025-03-19T06:00:00.000000000,3.8429999999999995,3.283,0.0,0.0,1.3293703743012002,0.0
274835,2025-03-19T07:00:00.000000000,3.307,2.642,0.0,0.0,1.0993095842160057,0.0
274835,2025-03-19T08:00:00.000000000,2.692,2.075,0.0,0.0,0.28164129843550556,0.0
274835,2025-03-19T09:00:00.000000000,2.0679999999999996,1.4789999999999999,0.0,0.0,0.3247227457508223,0.0
274835,2025-03-19T10:00:00.000000000,1.828,1.254,0.0,0.0,0.3745448276801,0.0
274835,2025-03-19T11:00:00.000000000,1.728,1.1560000000000001,0.0,0.0,0.32501581682099445,0.0
274835,2025-03-19T12:00:00.000000000,1.568,1.0,0.0,0.0,0.6488593493613,0.0
274835,2025-03-19T13:00:00.000000000,1.1589999999999998,0.9019999999999999,0.0,0.0,0.0,0.0
274835,2025-03-19T14:00:00.000000000,1.123,0.784,0.0,0.0,0.32442967468065004,0.0
274835,2025-03-19T15:00:00.000000000,1.218,0.687,0.0,0.0,0.0,0.0
274835,2025-03-19T16:00:00.000000000,1.6400000000000001,0.891,0.0,0.0,0.33644558855771106,0.0
274835,2025-03-19T17:00:00.000000000,1.979,1.117,0.0,0.0,0.32442967468065,0.0
274835,2025-03-19T18:00:00.000000000,2.262,1.1829999999999998,0.0,0.0,4.245427522514811,0.0
274835,2025-03-19T19:00:00.000000000,2.4669999999999996,1.3559999999999999,0.0,0.0,4.523845039178422,0.0
274835,2025-03-19T20:00:00.000000000,3.0479999999999996,2.098,0.0,0.0,2.4509533598502946,0.0
274835,2025-03-19T21:00:00.000000000,3.097,2.742,0.0,0.0,1.5415538291058888,0.0
274835,2025-03-19T22:00:00.000000000,3.079,2.7450000000000006,0.0,0.0,0.32442967468065,0.0
274835,2025-03-19T23:00:00.000000000,3.205,2.8829999999999996,0.0,0.0,0.6878378016942055,0.0
274835,2025-03-20T00:00:00.000000000,3.194,2.873,0.0,0.0,0.0,0.0
274835,2025-03-20T01:00:00.000000000,3.1380000000000003,2.8209999999999997,0.0,0.0,0.32442967468065,0.0
274835,2025-03-20T02:00:00.000000000,3.1270000000000002,2.811,0.0,0.0,0.32442967468065,0.0
274835,2025-03-20T03:00:00.000000000,3.0890000000000004,2.775,0.0,0.0,0.0,0.0
274835,2025-03-20T04:00:00.000000000,2.9909999999999997,2.682,0.0,0.0,0.32442967468065,0.0
274835,2025-03-20T05:00:00.000000000,2.87,2.5660000000000003,0.0,0.0,0.32442967468065,0.0
274835,2025-03-20T06:00:00.000000000,2.928,2.359,0.0,0.0,1.056228136900689,0.0
274835,2025-03-20T07:00:00.000000000,2.963,2.3389999999999995,0.0,0.0,0.32442967468065,0.0
274835,2025-03-20T08:00:00.000000000,2.6470000000000002,2.0300000000000002,0.0,0.0,0.32442967468065,0.0
274835,2025-03-20T09:00:00.000000000,2.233,1.637,0.0,0.0,0.3493407156452889,0.0
274835,2025-03-20T10:00:00.000000000,1.9749999999999999,1.3980000000000001,0.0,0.0,0.32442967468065,0.0
274835,2025-03-20T11:00:00.000000000,1.9,1.33,0.0,0.0,0.32442967468065,0.0
274835,2025-03-20T12:00:00.000000000,1.7469999999999999,1.408,0.0,0.0,1.0656064111462,0.0
274835,2025-03-20T13:00:00.000000000,1.83,1.564,0.0,0.0,0.0,0.0
274835,2025-03-20T14:00:00.000000000,2.121,1.607,0.0,0.0,0.32442967468065,0.0
274835,2025-03-20T15:00:00.000000000,2.356,1.714,0.0,0.0,0.6960437916590279,0.0
274835,2025-03-20T16:00:00.000000000,2.569,2.151,0.0,0.0,1.0025961310591722,0.0
274835,2025-03-20T17:00:00.000000000,2.756,2.1380000000000003,0.0,0.0,0.41704013285507224,0.0
274835,2025-03-20T18:00:00.000000000,3.1630000000000003,2.188,0.0,0.0,3.652251676486233,0.0
274835,2025-03-20T19:00:00.000000000,3.195,2.2110000000000003,0.0,0.0,0.7479173710795112,0.0
274835,2025-03-20T20:00:00.000000000,3.207,2.3,0.0,0.0,0.0,0.0
274835,2025-03-20T21:00:00.000000000,3.05,2.4829999999999997,0.0,0.0,0.8387694028329,0.0
274835,2025-03-20T22:00:00.000000000,2.859,2.5309999999999997,0.0,0.0,0.6377226486947556,0.0
274835,2025-03-20T23:00:00.000000000,2.8699999999999997,2.5570000000000004,0.0,0.0,0.32442967468065,0.0
274835,2025-03-21T00:00:00.000000000,2.8970000000000002,2.577,0.0,0.0,0.0,0.0
274835,2025-03-21T01:00:00.000000000,2.9669999999999996,2.645,0.0,0.0,0.32442967468065,0.0
274835,2025-03-21T02:00:00.000000000,3.18,2.856,0.0,0.0,0.3247227457508223,0.0
274835,2025-03-21T03:00:00.000000000,3.2279999999999998,2.905,0.0,0.0,0.0,0.0
274835,2025-03-21T04:00:00.000000000,3.3259999999999996,3.001,0.0,0.0,0.3247227457508223,0.0
274835,2025-03-21T05:00:00.000000000,3.3459999999999996,3.019,0.0,0.0,0.3247227457508223,0.0
274835,2025-03-21T06:00:00.000000000,3.197,2.8729999999999993,0.0,0.0,0.0,0.0
274835,2025-03-21T07:00:00.000000000,3.088,2.532,0.0,0.0,0.3247227457508223,0.0
274835,2025-03-21T08:00:00.000000000,2.9210000000000003,2.2920000000000003,0.0,0.0,0.3247227457508223,0.0
274835,2025-03-21T09:00:00.000000000,2.744,2.129,0.0,0.0,0.0,0.0
274835,2025-03-21T10:00:00.000000000,2.669,2.066,0.0,0.0,0.3247227457508223,0.0
274835,2025-03-21T11:00:00.000000000,2.692,2.091,0.0,0.0,0.33644558855771106,0.0
274835,2025-03-21T12:00:00.000000000,2.6290000000000004,2.036,0.0,0.0,0.33644558855771106,0.0
274835,2025-03-21T13:00:00.000000000,2.707,2.0060000000000002,0.0,0.0,0.33644558855771106,0.0
274835,2025-03-21T14:00:00.000000000,2.99,2.284,0.0,0.0,1.385933090844439,0.0
274835,2025-03-21T15:00:00.000000000,3.876,3.027,0.0,0.0,2.4603316340958057,0.0
274835,2025-03-21T16:00:00.000000000,3.3649999999999998,2.653,0.0,0.0,0.46305229087211114,0.0
274835,2025-03-21T17:00:00.000000000,2.8739999999999997,2.541,0.0,0.0,0.32442967468065,0.0
274835,2025-03-21T18:00:00.000000000,2.997,2.662,0.0,0.0,0.6878378016942055,0.0
274835,2025-03-21T19:00:00.000000000,3.121,2.7739999999999996,0.0,0.0,0.33644558855771106,0.0
274835,2025-03-21T20:00:00.000000000,3.371,2.7439999999999998,0.0,0.0,0.3247227457508223,0.0
274835,2025-03-21T21:00:00.000000000,3.598,2.849,0.0,0.0,0.3247227457508223,0.0
274835,2025-03-21T22:00:00.000000000,3.3659999999999997,2.937,0.0,0.0,0.0,0.0
274835,2025-03-21T23:00:00.000000000,3.3129999999999997,2.979,0.0,0.0,0.3247227457508223,0.0
274835,2025-03-22T00:00:00.000000000,3.283,2.951,0.0,0.0,0.3247227457508223,0.0
274835,2025-03-22T01:00:00.000000000,3.1270000000000002,2.803,0.0,0.0,0.33644558855771106,0.0
274835,2025-03-22T02:00:00.000000000,3.059,2.739,0.0,0.0,0.0,0.0
274835,2025-03-22T03:00:00.000000000,2.9669999999999996,2.653,0.0,0.0,0.3247227457508223,0.0
274835,2025-03-22T04:00:00.000000000,2.913,2.604,0.0,0.0,0.3247227457508223,0.0
274835,2025-03-22T05:00:00.000000000,2.9659999999999997,2.6550000000000002,0.0,0.0,0.0,0.0
274835,2025-03-22T06:00:00.000000000,3.0469999999999997,2.732,0.0,0.0,0.3247227457508223,0.0
274835,2025-03-22T07:00:00.000000000,2.8579999999999997,2.547,0.0,0.0,0.32442967468065,0.0
274835,2025-03-22T08:00:00.000000000,2.6890000000000005,2.146,0.0,0.0,0.15767223575265557,0.0
274835,2025-03-22T09:00:00.000000000,2.552,1.942,0.0,0.0,0.16705050999816665,0.0
274835,2025-03-22T10:00:00.000000000,2.2030000000000003,1.618,0.0,0.0,0.3247227457508222,0.0
274835,2025-03-22T11:00:00.000000000,1.8539999999999999,1.2830000000000001,0.0,0.0,0.2702115266987889,0.0
274835,2025-03-22T12:00:00.000000000,1.702,1.133,0.0,0.0,0.37864782266251107,0.0
274835,2025-03-22T13:00:00.000000000,1.385,1.05,0.0,0.0,0.33644558855771106,0.0
274835,2025-03-22T14:00:00.000000000,1.228,0.97,0.0,0.0,0.6995606445010945,0.0
274835,2025-03-22T15:00:00.000000000,1.5460000000000003,0.92,0.0,0.0,0.70424978162385,0.0
274835,2025-03-22T16:00:00.000000000,1.9380000000000002,1.1869999999999998,0.0,0.0,1.9536117537680333,0.0
274835,2025-03-22T17:00:00.000000000,2.251,1.3860000000000001,0.0,0.0,0.3376178728384,0.0
274835,2025-03-22T18:00:00.000000000,2.665,1.706,0.0,0.0,1.6523346936309888,0.0
274835,2025-03-22T19:00:00.000000000,3.017,2.038,0.0,0.0,0.6640990450102555,0.0
274835,2025-03-22T20:00:00.000000000,2.86,2.358,0.0,0.0,0.3631150559433834,0.0
274835,2025-03-22T21:00:00.000000000,2.893,2.544,0.0,0.0,0.32442967468065,0.0
274835,2025-03-22T22:00:00.000000000,2.867,2.539,0.0,0.0,0.0474775133679,0.0
274835,2025-03-22T23:00:00.000000000,2.919,2.602,0.0,0.0,0.27695216131274997,0.0
274835,2025-03-23T00:00:00.000000000,3.1239999999999997,2.806,0.0,0.0,0.3247227457508223,0.0
274835,2025-03-23T01:00:00.000000000,3.413,3.0890000000000004,0.0,0.0,0.052459721560827774,0.0
274835,2025-03-23T02:00:00.000000000,3.5680000000000005,3.24,0.0,0.0,0.27196995311982225,0.0
274835,2025-03-23T03:00:00.000000000,3.617,3.287,0.0,0.0,0.32442967468065,0.0
274835,2025-03-23T04:00:00.000000000,3.737,3.4059999999999997,0.0,0.0,0.3247227457508223,0.0
274835,2025-03-23T05:00:00.000000000,3.8,3.467,0.0,0.0,0.0,0.0
274835,2025-03-23T06:00:00.000000000,3.244,2.6260000000000003,0.0,0.0,2.511912142446117,0.0
274835,2025-03-23T07:00:00.000000000,2.601,1.9869999999999999,0.0,0.0,0.32442967468065,0.0
274835,2025-03-23T08:00:00.000000000,1.565,0.9730000000000001,0.0,0.0,0.0,0.0
274835,2025-03-23T09:00:00.000000000,1.011,0.429,0.0,0.0,0.32442967468065,0.0
274835,2025-03-23T10:00:00.000000000,0.7130000000000001,0.091,0.0,0.031,0.8525437431309943,0.0
274835,2025-03-23T11:00:00.000000000,0.8319999999999999,0.015,0.0,0.192,1.65907532824495,0.0
274835,2025-03-23T12:00:00.000000000,0.727,0.0,0.0,0.237,0.32442967468065,0.0
274835,2025-03-23T13:00:00.000000000,0.935,0.0,0.0,0.35200000000000004,1.056228136900689,0.0
274835,2025-03-23T14:00:00.000000000,1.085,0.0,0.0,0.40399999999999997,0.8411139713942778,0.0
274835,2025-03-23T15:00:00.000000000,1.2570000000000001,0.0,0.0,0.447,3.9781467065177445,0.0
274835,2025-03-23T16:00:00.000000000,0.8600000000000001,0.0,0.0,0.35100000000000003,0.7016121419923,0.0
274835,2025-03-23T17:00:00.000000000,0.483,0.01,0.0,0.18499999999999997,1.1588030114609666,0.0
274835,2025-03-23T18:00:00.000000000,0.45299999999999996,0.156,0.0,0.011,0.69897450236075,0.0
274835,2025-03-23T19:00:00.000000000,0.935,0.639,0.0,0.0,1.4559770766156,0.0
274835,2025-03-23T20:00:00.000000000,1.8940000000000001,1.182,0.0,0.0,0.7104042740974666,0.0
274835,2025-03-23T21:00:00.000000000,2.651,1.9360000000000002,0.0,0.0,0.7438143760971,0.0
274835,2025-03-23T22:00:00.000000000,2.941,2.4130000000000003,0.0,0.0,0.0,0.0
274835,2025-03-23T23:00:00.000000000,3.243,2.917,0.0,0.0,0.7077666344659166,0.0
274835,2025-03-24T00:00:00.000000000,3.539,3.209,0.0,0.0,0.32442967468065,0.0
274835,2025-03-24T01:00:00.000000000,3.804,3.468,0.0,0.0,0.32442967468065,0.0
274835,2025-03-24T02:00:00.000000000,4.0200000000000005,3.678,0.0,0.0,0.0,0.0
274835,2025-03-24T03:00:00.000000000,4.134,3.7909999999999995,0.0,0.0,0.32442967468065,0.0
274835,2025-03-24T04:00:00.000000000,4.3469999999999995,3.998,0.0,0.0,0.32442967468065,0.0
274835,2025-03-24T05:00:00.000000000,4.359000000000001,4.008,0.0,0.0,0.0,0.0
274835,2025-03-24T06:00:00.000000000,3.4429999999999996,3.1189999999999998,0.0,0.0,0.32442967468065,0.0
274835,2025-03-24T07:00:00.000000000,1.771,1.4989999999999999,0.0,0.0,0.32442967468065,0.0
274835,2025-03-24T08:00:00.000000000,1.4229999999999998,0.9099999999999999,0.0,0.0,0.0,0.0
274835,2025-03-24T09:00:00.000000000,1.064,0.481,0.0,0.0,0.6860793752731722,0.0
274835,2025-03-24T10:00:00.000000000,0.794,0.221,0.0,0.0,1.107808645251,0.0
274835,2025-03-24T11:00:00.000000000,0.311,0.051000000000000004,0.0,0.004,0.34875457350494443,0.0
274835,2025-03-24T12:00:00.000000000,0.32599999999999996,0.0,0.0,0.07,1.1042917924089333,0.0
274835,2025-03-24T13:00:00.000000000,0.419,0.0,0.0,0.163,0.7874819655527611,0.0
274835,2025-03-24T14:00:00.000000000,0.527,0.0,0.0,0.271,0.33585944641736665,0.0
274835,2025-03-24T15:00:00.000000000,0.597,0.0,0.0,0.33499999999999996,0.0,0.0
274835,2025-03-24T16:00:00.000000000,0.595,0.0,0.0,0.3,0.3241366036104778,0.0
274835,2025-03-24T17:00:00.000000000,0.475,0.0,0.0,0.187,0.3241366036104778,0.0
274835,2025-03-24T18:00:00.000000000,1.04,0.067,0.0,0.031,0.3446515785225333,0.0
274835,2025-03-24T19:00:00.000000000,1.3969999999999998,0.44800000000000006,0.0,0.0,0.3241366036104778,0.0
274835,2025-03-24T20:00:00.000000000,1.798,0.926,0.0,0.0,0.3241366036104778,0.0
274835,2025-03-24T21:00:00.000000000,2.162,1.546,0.0,0.0,0.0,0.0
274835,2025-03-24T22:00:00.000000000,2.364,2.055,0.0,0.0,1.1464940265137333,0.0
274835,2025-03-24T23:00:00.000000000,2.762,2.451,0.0,0.0,0.0,0.0
274835,2025-03-25T00:00:00.000000000,3.1050000000000004,2.787,0.0,0.0,0.32442967468065,0.0
274835,2025-03-25T01:00:00.000000000,3.424,3.0959999999999996,0.0,0.0,0.32442967468065,0.0
274835,2025-03-25T02:00:00.000000000,3.7409999999999997,3.407,0.0,0.0,0.0,0.0
274835,2025-03-25T03:00:00.000000000,3.8729999999999998,3.5359999999999996,0.0,0.0,0.32442967468065,0.0
274835,2025-03-25T04:00:00.000000000,4.059,3.718,0.0,0.0,0.32442967468065,0.0
274835,2025-03-25T05:00:00.000000000,4.1499999999999995,3.806,0.0,0.0,0.0,0.0
274835,2025-03-25T06:00:00.000000000,4.035,3.6929999999999996,0.0,0.0,0.32442967468065,0.0
274835,2025-03-25T07:00:00.000000000,3.064,2.748,0.0,0.0,0.32442967468065,0.0
274835,2025-03-25T08:00:00.000000000,1.402,1.137,0.0,0.0,0.0,0.0
274835,2025-03-25T09:00:00.000000000,0.739,0.47800000000000004,0.0,0.0,0.32442967468065,0.0
274835,2025-03-25T10:00:00.000000000,0.5780000000000001,0.079,0.0,0.007,0.0,0.0
274835,2025-03-25T11:00:00.000000000,0.518,0.0,0.0,0.10500000000000001,0.3241366036104778,0.0
274835,2025-03-25T12:00:00.000000000,0.446,0.0,0.0,0.19,0.3241366036104778,0.0
274835,2025-03-25T13:00:00.000000000,0.46799999999999997,0.0,0.0,0.212,0.0,0.0
274835,2025-03-25T14:00:00.000000000,0.45099999999999996,0.0,0.0,0.195,1.032782451286911,0.0
274835,2025-03-25T15:00:00.000000000,0.36400000000000005,0.0,0.0,0.104,0.0,0.0
274835,2025-03-25T16:00:00.000000000,0.416,0.11299999999999999,0.0,0.008,0.3241366036104778,0.0
274835,2025-03-25T17:00:00.000000000,0.7150000000000001,0.258,0.0,0.0,0.5281140684503445,0.0
274835,2025-03-25T18:00:00.000000000,1.3969999999999998,0.43600000000000005,0.0,0.0,0.8522506720608222,0.0
274835,2025-03-25T19:00:00.000000000,1.668,0.7170000000000001,0.0,0.0,0.3241366036104778,0.0
274835,2025-03-25T20:00:00.000000000,1.7249999999999999,0.854,0.0,0.0,0.0,0.0
274835,2025-03-25T21:00:00.000000000,1.437,0.995,0.0,0.0,0.3241366036104778,0.0
274835,2025-03-25T22:00:00.000000000,1.333,1.049,0.0,0.0,0.6843209488521389,0.0
274835,2025-03-25T23:00:00.000000000,1.3900000000000001,1.117,0.0,0.0,0.0,0.0
274835,2025-03-26T00:00:00.000000000,1.4379999999999997,1.168,0.0,0.0,0.67259810604525,0.0
274835,2025-03-26T01:00:00.000000000,1.433,1.164,0.0,0.0,0.0,0.0
274835,2025-03-26T02:00:00.000000000,1.447,1.179,0.0,0.0,0.3241366036104778,0.0
274835,2025-03-26T03:00:00.000000000,1.488,1.2209999999999999,0.0,0.0,0.3241366036104778,0.0
274835,2025-03-26T04:00:00.000000000,1.501,1.237,0.0,0.0,0.0,0.0
274835,2025-03-26T05:00:00.000000000,1.521,1.2570000000000001,0.0,0.0,0.3241366036104778,0.0
274835,2025-03-26T06:00:00.000000000,1.5270000000000001,1.2610000000000001,0.0,0.0,0.0,0.0
274835,2025-03-26T07:00:00.000000000,1.6,1.087,0.0,0.0,0.3241366036104778,0.0
274835,2025-03-26T08:00:00.000000000,1.377,0.783,0.0,0.0,0.3241366036104778,0.0
274835,2025-03-26T09:00:00.000000000,0.9510000000000001,0.368,0.0,0.0,0.0,0.0
274835,2025-03-26T10:00:00.000000000,0.636,0.05800000000000001,0.0,0.006,0.3241366036104778,0.0
274835,2025-03-26T11:00:00.000000000,0.671,0.0,0.0,0.10200000000000001,0.6980952891502333,0.0
274835,2025-03-26T12:00:00.000000000,0.7959999999999999,0.0,0.0,0.23,0.0,0.0
274835,2025-03-26T13:00:00.000000000,0.875,0.0,0.0,0.312,0.67259810604525,0.0
274835,2025-03-26T14:00:00.000000000,0.893,0.0,0.0,0.314,0.34846150243477225,0.0
274835,2025-03-26T15:00:00.000000000,1.039,0.0,0.0,0.34,2.523048843112661,0.0
274835,2025-03-26T16:00:00.000000000,0.8889999999999999,0.0,0.0,0.142,0.0,0.0
274835,2025-03-26T17:00:00.000000000,0.8989999999999999,0.0,0.0,0.038000000000000006,0.33585944641736665,0.0
274835,2025-03-26T18:00:00.000000000,1.087,0.14400000000000002,0.0,0.0,0.7007329287817834,0.0
274835,2025-03-26T19:00:00.000000000,1.3980000000000001,0.444,0.0,0.0,0.7048359237641945,0.0
274835,2025-03-26T20:00:00.000000000,1.597,0.7249999999999999,0.0,0.0,0.7256439697464222,0.0
274835,2025-03-26T21:00:00.000000000,1.338,1.029,0.0,0.0,1.5254349202464168,0.0
274835,2025-03-26T22:00:00.000000000,1.435,1.148,0.0,0.0,0.3241366036104778,0.0
274835,2025-03-26T23:00:00.000000000,1.5350000000000001,1.262,0.0,0.0,0.0,0.0
274835,2025-03-27T00:00:00.000000000,1.64,1.37,0.0,0.0,0.3241366036104778,0.0
274835,2025-03-27T01:00:00.000000000,1.841,1.565,0.0,0.0,0.3241366036104778,0.0
274835,2025-03-27T02:00:00.000000000,2.2769999999999997,1.988,0.0,0.0,0.0,0.0
274835,2025-03-27T03:00:00.000000000,2.656,2.357,0.0,0.0,0.3241366036104778,0.0
274835,2025-03-27T04:00:00.000000000,3.337,3.021,0.0,0.0,0.3241366036104778,0.0
274835,2025-03-27T05:00:00.000000000,3.6069999999999998,3.283,0.0,0.0,0.0,0.0
274835,2025-03-27T06:00:00.000000000,3.498,2.947,0.0,0.0,0.32442967468065,0.0
274835,2025-03-27T07:00:00.000000000,2.319,1.7159999999999997,0.0,0.0,0.0,0.0
274835,2025-03-27T08:00:00.000000000,1.3810000000000002,0.871,0.0,0.0,0.3241366036104778,0.0
274835,2025-03-27T09:00:00.000000000,0.9040000000000001,0.322,0.0,0.0,0.32384353254030557,0.0
274835,2025-03-27T10:00:00.000000000,0.615,0.024,0.0,0.018000000000000002,1.0612103450936168,0.0
274835,2025-03-27T11:00:00.000000000,0.836,0.0,0.0,0.118,0.0,0.0
274835,2025-03-27T12:00:00.000000000,0.8009999999999999,0.0,0.0,0.14,1.572912433614317,0.0
274835,2025-03-27T13:00:00.000000000,0.896,0.0,0.0,0.17099999999999999,2.4609177762361503,0.0
274835,2025-03-27T14:00:00.000000000,0.971,0.0,0.0,0.23099999999999998,2.4667791976395947,0.0
274835,2025-03-27T15:00:00.000000000,0.997,0.0,0.0,0.21100000000000002,2.8896807518981116,0.0
274835,2025-03-27T16:00:00.000000000,0.9299999999999999,0.0,0.0,0.08700000000000001,1.5814114946493114,0.0
274835,2025-03-27T17:00:00.000000000,0.9369999999999999,0.047,0.0,0.030000000000000002,0.32384353254030557,0.0
274835,2025-03-27T18:00:00.000000000,1.2810000000000001,0.33799999999999997,0.0,0.0,1.14209796046115,0.0
274835,2025-03-27T19:00:00.000000000,1.648,0.694,0.0,0.0,0.8223574229032556,0.0
274835,2025-03-27T20:00:00.000000000,1.782,0.909,0.0,0.0,0.6723050349750778,0.0
274835,2025-03-27T21:00:00.000000000,1.471,1.0270000000000001,0.0,0.0,0.0,0.0
274835,2025-03-27T22:00:00.000000000,1.315,1.0270000000000001,0.0,0.0,0.33585944641736665,0.0
274835,2025-03-27T23:00:00.000000000,1.26,0.987,0.0,0.0,0.3241366036104778,0.0
274835,2025-03-28T00:00:00.000000000,1.236,0.968,0.0,0.0,0.0,0.0
274835,2025-03-28T01:00:00.000000000,1.224,0.956,0.0,0.0,0.3241366036104778,0.0
274835,2025-03-28T02:00:00.000000000,1.2369999999999999,0.972,0.0,0.0,0.09876495064803889,0.0
274835,2025-03-28T03:00:00.000000000,1.242,0.978,0.0,0.0,0.22537165296243888,0.0
274835,2025-03-28T04:00:00.000000000,1.2810000000000001,1.016,0.0,0.0,0.3241366036104778,0.0
274835,2025-03-28T05:00:00.000000000,1.3760000000000001,1.056,0.0,0.0,0.8103415090261945,0.0
274835,2025-03-28T06:00:00.000000000,1.548,0.992,0.0,0.0,1.1098601427422055,0.0
274835,2025-03-28T07:00:00.000000000,1.508,0.9159999999999999,0.0,0.0,1.0541766394094834,0.0
274835,2025-03-28T08:00:00.000000000,1.436,0.843,0.0,0.0,1.1693535699871667,0.0
274835,2025-03-28T09:00:00.000000000,1.349,0.766,0.0,0.0,0.0,0.0
274835,2025-03-28T10:00:00.000000000,1.353,0.7789999999999999,0.0,0.0,0.34846150243477225,0.0
274835,2025-03-28T11:00:00.000000000,1.391,0.821,0.0,0.0,0.6599960500278444,0.0
274835,2025-03-28T12:00:00.000000000,1.3820000000000001,0.8140000000000001,0.0,0.0,0.33585944641736665,0.0
274835,2025-03-28T13:00:00.000000000,1.466,0.7390000000000001,0.0,0.0,0.34816843136459996,0.0
274835,2025-03-28T14:00:00.000000000,1.4529999999999998,0.671,0.0,0.0,0.3241366036104778,0.0
274835,2025-03-28T15:00:00.000000000,1.22,0.494,0.0,0.0,0.21364881015554998,0.0
274835,2025-03-28T16:00:00.000000000,1.5370000000000001,0.6260000000000001,0.0,0.0,2.4600385630256336,0.0
274835,2025-03-28T17:00:00.000000000,1.6210000000000002,0.5990000000000001,0.0,0.0,2.4717614058325226,0.0
274835,2025-03-28T18:00:00.000000000,1.746,0.722,0.0,0.0,1.3920875833180557,0.0
274835,2025-03-28T19:00:00.000000000,1.835,0.88,0.0,0.0,0.0,0.0
274835,2025-03-28T20:00:00.000000000,2.0060000000000002,1.1320000000000001,0.0,0.0,2.3624458966582833,0.0
274835,2025-03-28T21:00:00.000000000,1.89,1.28,0.0,0.0,0.3622358427328667,0.0
274835,2025-03-28T22:00:00.000000000,1.64,1.352,0.0,0.0,0.3241366036104778,0.0
274835,2025-03-28T23:00:00.000000000,1.6649999999999998,1.391,0.0,0.0,0.0,0.0
274835,2025-03-29T00:00:00.000000000,1.6789999999999998,1.407,0.0,0.0,0.3241366036104778,0.0
274835,2025-03-29T01:00:00.000000000,1.676,1.408,0.0,0.0,0.3241366036104778,0.0
274835,2025-03-29T02:00:00.000000000,1.6729999999999998,1.405,0.0,0.0,0.0,0.0
274835,2025-03-29T03:00:00.000000000,1.632,1.365,0.0,0.0,0.3241366036104778,0.0
274835,2025-03-29T04:00:00.000000000,1.69,1.37,0.0,0.0,2.12329990339775,0.0
274835,2025-03-29T05:00:00.000000000,1.819,1.3679999999999999,0.0,0.0,1.6625921810870166,0.0
274835,2025-03-29T06:00:00.000000000,1.912,1.338,0.0,0.0,0.8522506720608223,0.0
274835,2025-03-29T07:00:00.000000000,1.8739999999999999,1.264,0.0,0.0,0.8522506720608223,0.0
274835,2025-03-29T08:00:00.000000000,1.568,0.974,0.0,0.0,0.0,0.0
274835,2025-03-29T09:00:00.000000000,1.1019999999999999,0.5189999999999999,0.0,0.0,0.6863724463433445,0.0
274835,2025-03-29T10:00:00.000000000,0.782,0.209,0.0,0.0,0.33585944641736665,0.0
274835,2025-03-29T11:00:00.000000000,0.598,0.023,0.0,0.007,0.33585944641736665,0.0
274835,2025-03-29T12:00:00.000000000,0.632,0.0,0.0,0.06,0.32999802501392217,0.0
274835,2025-03-29T13:00:00.000000000,0.39,0.014,0.0,0.042,0.8666111544992611,0.0
274835,2025-03-29T14:00:00.000000000,0.5429999999999999,0.038,0.0,0.003,0.3335148778559889,0.0
274835,2025-03-29T15:00:00.000000000,0.872,0.249,0.0,0.0,0.3241366036104778,0.0
274835,2025-03-29T16:00:00.000000000,1.262,0.512,0.0,0.0,0.0,0.0
274835,2025-03-29T17:00:00.000000000,1.512,0.6499999999999999,0.0,0.0,0.3241366036104778,0.0
274835,2025-03-29T18:00:00.000000000,1.789,0.844,0.0,0.0,0.0,0.0
274835,2025-03-29T19:00:00.000000000,1.9609999999999999,1.006,0.0,0.0,0.33585944641736665,0.0
274835,2025-03-29T20:00:00.000000000,1.966,1.075,0.0,0.0,0.8522506720608223,0.0
274835,2025-03-29T21:00:00.000000000,1.662,1.1989999999999998,0.0,0.0,0.8900568401130389,0.0
274835,2025-03-29T22:00:00.000000000,1.6150000000000002,1.327,0.0,0.0,0.3241366036104778,0.0
274835,2025-03-29T23:00:00.000000000,1.6729999999999998,1.399,0.0,0.0,0.3241366036104778,0.0
274835,2025-03-30T00:00:00.000000000,1.6709999999999998,1.4009999999999998,0.0,0.0,0.3241366036104778,0.0
274835,2025-03-30T01:00:00.000000000,1.664,1.3929999999999998,0.0,0.0,0.0,0.0
274835,2025-03-30T02:00:00.000000000,1.698,1.4269999999999998,0.0,0.0,0.3241366036104778,0.0
274835,2025-03-30T03:00:00.000000000,2.086,1.7970000000000002,0.0,0.0,0.0,0.0
274835,2025-03-30T04:00:00.000000000,2.1189999999999998,1.785,0.0,0.0,0.3241366036104778,0.0
274835,2025-03-30T05:00:00.000000000,2.7990000000000004,2.312,0.0,0.0,0.3241366036104778,0.0
274835,2025-03-30T06:00:00.000000000,2.322,1.756,0.0,0.0,0.0,0.0
274835,2025-03-30T07:00:00.000000000,1.835,1.2429999999999999,0.0,0.0,0.6602891210980166,0.0
274835,2025-03-30T08:00:00.000000000,1.4939999999999998,0.9019999999999999,0.0,0.0,0.7238855433253889,0.0
274835,2025-03-30T09:00:00.000000000,1.191,0.608,0.0,0.0,0.3241366036104778,0.0
274835,2025-03-30T10:00:00.000000000,0.9169999999999999,0.34500000000000003,0.0,0.0,0.33585944641736665,0.0
274835,2025-03-30T11:00:00.000000000,0.732,0.126,0.0,0.0,1.4043965682652888,0.0
274835,2025-03-30T12:00:00.000000000,0.77,0.203,0.0,0.0,0.3241366036104778,0.0
274835,2025-03-30T13:00:00.000000000,0.7829999999999999,0.221,0.0,0.0,0.0,0.0
274835,2025-03-30T14:00:00.000000000,0.866,0.28700000000000003,0.0,0.0,0.3241366036104778,0.0
274835,2025-03-30T15:00:00.000000000,0.996,0.37,0.0,0.0,0.7162656955009112,0.0
274835,2025-03-30T16:00:00.000000000,1.2180000000000002,0.47,0.0,0.0,0.6714258217645611,0.0
274835,2025-03-30T17:00:00.000000000,1.373,0.51,0.0,0.0,0.0,0.0
274835,2025-03-30T18:00:00.000000000,1.62,0.675,0.0,0.0,0.3241366036104778,0.0
274835,2025-03-30T19:00:00.000000000,1.819,0.865,0.0,0.0,0.34816843136459996,0.0
274835,2025-03-30T20:00:00.000000000,1.908,1.036,0.0,0.0,0.3241366036104778,0.0
274835,2025-03-30T21:00:00.000000000,1.806,1.196,0.0,0.0,0.0,0.0
274835,2025-03-30T22:00:00.000000000,1.5450000000000002,1.257,0.0,0.0,0.3241366036104778,0.0
274835,2025-03-30T23:00:00.000000000,1.5699999999999998,1.297,0.0,0.0,0.3241366036104778,0.0
274835,2025-03-31T00:00:00.000000000,1.5950000000000002,1.325,0.0,0.0,0.0,0.0
274835,2025-03-31T01:00:00.000000000,1.644,1.375,0.0,0.0,0.3241366036104778,0.0
274835,2025-03-31T02:00:00.000000000,1.711,1.444,0.0,0.0,0.0,0.0
274835,2025-03-31T03:00:00.000000000,2.273,1.984,0.0,0.0,0.3241366036104778,0.0
274835,2025-03-31T04:00:00.000000000,2.584,2.286,0.0,0.0,0.3241366036104778,0.0
274835,2025-03-31T05:00:00.000000000,2.846,2.539,0.0,0.0,0.0,0.0
274835,2025-03-31T06:00:00.000000000,2.551,2.158,0.0,0.0,0.8522506720608223,0.0
274835,2025-03-31T07:00:00.000000000,1.6509999999999998,0.905,0.0,0.0,4.523845039178422,0.0
274835,2025-03-31T08:00:00.000000000,1.1749999999999998,0.491,0.0,0.0,3.3093585243847334,0.0
274835,2025-03-31T09:00:00.000000000,0.843,0.34,0.0,0.0,0.7983255951491334,0.0
274835,2025-03-31T10:00:00.000000000,0.365,0.09299999999999999,0.0,0.013999999999999999,0.34816843136459996,0.0
274835,2025-03-31T11:00:00.000000000,0.39099999999999996,0.03,0.0,0.106,0.6723050349750778,0.0
274835,2025-03-31T12:00:00.000000000,0.41300000000000003,0.04,0.0,0.118,0.6837348067117944,0.0
274835,2025-03-31T13:00:00.000000000,0.365,0.044,0.0,0.06399999999999999,0.3241366036104778,0.0
274835,2025-03-31T14:00:00.000000000,0.315,0.036000000000000004,0.0,0.025,0.3241366036104778,0.0
274835,2025-03-31T15:00:00.000000000,0.346,0.046,0.0,0.040999999999999995,0.0,0.0
274835,2025-03-31T16:00:00.000000000,0.433,0.128,0.0,0.011,0.32384353254030557,0.0
274835,2025-03-31T17:00:00.000000000,0.627,0.189,0.0,0.0,0.0,0.0
274835,2025-03-31T18:00:00.000000000,1.2839999999999998,0.342,0.0,0.0,0.32384353254030557,0.0
274835,2025-03-31T19:00:00.000000000,1.6460000000000001,0.6950000000000001,0.0,0.0,0.3241366036104778,0.0
274835,2025-03-31T20:00:00.000000000,1.935,1.2000000000000002,0.0,0.0,0.0,0.0
274835,2025-03-31T21:00:00.000000000,2.0829999999999997,1.762,0.0,0.0,0.34816843136459996,0.0
274835,2025-03-31T22:00:00.000000000,2.6510000000000002,2.331,0.0,0.0,0.3241366036104778,0.0
274835,2025-03-31T23:00:00.000000000,3.0460000000000003,2.7250000000000005,0.0,0.0,0.3241366036104778,0.0
274835,2025-04-01T00:00:00.000000000,3.256,2.931,0.0,0.0,0.685786304203,0.0
274835,2025-04-01T01:00:00.000000000,3.4859999999999998,3.157,0.0,0.0,0.0,0.0
274835,2025-04-01T02:00:00.000000000,3.698,3.3649999999999998,0.0,0.0,0.3241366036104778,0.0
274835,2025-04-01T03:00:00.000000000,3.908,3.572,0.0,0.0,0.0,0.0
274835,2025-04-01T04:00:00.000000000,4.131,3.7889999999999997,0.0,0.0,0.3241366036104778,0.0
274835,2025-04-01T05:00:00.000000000,4.2410000000000005,3.894,0.0,0.0,0.3241366036104778,0.0
274835,2025-04-01T06:00:00.000000000,3.69,3.358,0.0,0.0,0.3396693703296056,0.0
274835,2025-04-01T07:00:00.000000000,2.453,1.9320000000000002,0.0,0.0,1.2590333174598665,0.0
274835,2025-04-01T08:00:00.000000000,1.327,0.907,0.0,0.0,0.6939922941678223,0.0
274835,2025-04-01T09:00:00.000000000,0.671,0.41,0.0,0.0,0.0,0.0
274835,2025-04-01T10:00:00.000000000,0.375,0.11900000000000001,0.0,0.0,0.3241366036104778,0.0
274835,2025-04-01T11:00:00.000000000,0.34099999999999997,0.0,0.0,0.08499999999999999,0.3241366036104778,0.0
274835,2025-04-01T12:00:00.000000000,0.47,0.0,0.0,0.214,0.0,0.0
274835,2025-04-01T13:00:00.000000000,0.55,0.0,0.0,0.29400000000000004,0.3241366036104778,0.0
274835,2025-04-01T14:00:00.000000000,0.6769999999999999,0.0,0.0,0.347,0.6992675734309223,0.0
274835,2025-04-01T15:00:00.000000000,0.904,0.0,0.0,0.334,1.4899733207555779,0.0
274835,2025-04-01T16:00:00.000000000,0.847,0.0,0.0,0.205,0.6852001620626555,0.0
274835,2025-04-01T17:00:00.000000000,0.875,0.0,0.0,0.127,2.0160358917147168,0.0
274835,2025-04-01T18:00:00.000000000,1.04,0.011,0.0,0.109,5.219595759767278,0.0
274835,2025-04-01T19:00:00.000000000,1.108,0.08199999999999999,0.0,0.015,4.859118343455444,0.0
274835,2025-04-01T20:00:00.000000000,1.556,0.609,0.0,0.0,1.7332223089985224,0.0
274835,2025-04-01T21:00:00.000000000,1.6480000000000001,0.986,0.0,0.0,0.6852001620626555,0.0
274835,2025-04-01T22:00:00.000000000,1.45,1.1629999999999998,0.0,0.0,0.33556637534719447,0.0
274835,2025-04-01T23:00:00.000000000,1.577,1.304,0.0,0.0,0.0,0.0
274835,2025-04-02T00:00:00.000000000,1.71,1.44,0.0,0.0,0.7004398577116111,0.0
274835,2025-04-02T01:00:00.000000000,1.7369999999999999,1.468,0.0,0.0,0.3241366036104778,0.0
274835,2025-04-02T02:00:00.000000000,1.744,1.476,0.0,0.0,0.3241366036104778,0.0
274835,2025-04-02T03:00:00.000000000,1.7349999999999999,1.4669999999999999,0.0,0.0,0.0,0.0
274835,2025-04-02T04:00:00.000000000,1.728,1.463,0.0,0.0,0.3241366036104778,0.0
274835,2025-04-02T05:00:00.000000000,1.733,1.469,0.0,0.0,0.0,0.0
274835,2025-04-02T06:00:00.000000000,1.579,1.313,0.0,0.0,0.3241366036104778,0.0
274835,2025-04-02T07:00:00.000000000,1.5779999999999998,0.923,0.0,0.0,0.3343940910665056,0.0
274835,2025-04-02T08:00:00.000000000,1.1420000000000001,0.559,0.0,0.0,1.5078506560360834,0.0
274835,2025-04-02T09:00:00.000000000,0.993,0.282,0.0,0.0,2.3176060229219337,0.0
274835,2025-04-02T10:00:00.000000000,0.561,0.0,0.0,0.011,0.32384353254030557,0.0
274835,2025-04-02T11:00:00.000000000,0.574,0.0,0.0,0.027000000000000003,0.7350222439919333,0.0
274835,2025-04-02T12:00:00.000000000,0.603,0.0,0.0,0.057999999999999996,0.0,0.0
274835,2025-04-02T13:00:00.000000000,0.41000000000000003,0.0,0.0,0.082,0.7520203660619222,0.0
274835,2025-04-02T14:00:00.000000000,0.753,0.0,0.0,0.181,3.1379119483339837,0.0
274835,2025-04-02T15:00:00.000000000,0.636,0.0,0.0,0.055,1.1596822246714833,0.0
274835,2025-04-02T16:00:00.000000000,0.7569999999999999,0.11499999999999999,0.0,0.0,0.32384353254030557,0.0
274835,2025-04-02T17:00:00.000000000,0.9,0.207,0.0,0.0,0.0,0.0
274835,2025-04-02T18:00:00.000000000,1.209,0.441,0.0,0.0,0.32384353254030557,0.0
274835,2025-04-02T19:00:00.000000000,1.4819999999999998,0.619,0.0,0.0,0.0,0.0
274835,2025-04-02T20:00:00.000000000,1.064,0.764,0.0,0.0,1.1072225031106555,0.0
274835,2025-04-02T21:00:00.000000000,1.175,0.866,0.0,0.0,0.33556637534719447,0.0
274835,2025-04-02T22:00:00.000000000,1.169,0.882,0.0,0.0,0.0,0.0
274835,2025-04-02T23:00:00.000000000,1.153,0.883,0.0,0.0,0.6717188928347333,0.0
274835,2025-04-03T00:00:00.000000000,1.1829999999999998,0.914,0.0,0.0,0.0,0.0
274835,2025-04-03T01:00:00.000000000,1.214,0.945,0.0,0.0,0.3241366036104778,0.0
274835,2025-04-03T02:00:00.000000000,1.306,1.038,0.0,0.0,0.0,0.0
274835,2025-04-03T03:00:00.000000000,1.391,1.125,0.0,0.0,0.3241366036104778,0.0
274835,2025-04-03T04:00:00.000000000,1.418,1.154,0.0,0.0,0.3241366036104778,0.0
274835,2025-04-03T05:00:00.000000000,1.4139999999999997,1.151,0.0,0.0,0.0,0.0
274835,2025-04-03T06:00:00.000000000,1.394,1.13,0.0,0.0,0.3241366036104778,0.0
274835,2025-04-03T07:00:00.000000000,1.5699999999999998,1.0710000000000002,0.0,0.0,0.80448008762275,0.0
274835,2025-04-03T08:00:00.000000000,1.338,0.996,0.0,0.0,0.3241366036104778,0.0
274835,2025-04-03T09:00:00.000000000,1.383,0.8240000000000001,0.0,0.0,0.0263763963155,0.0
274835,2025-04-03T10:00:00.000000000,1.214,0.662,0.0,0.0,0.29776020729497776,0.0
274835,2025-04-03T11:00:00.000000000,1.0710000000000002,0.523,0.0,0.0,0.3241366036104778,0.0
274835,2025-04-03T12:00:00.000000000,0.961,0.41600000000000004,0.0,0.0,0.3241366036104778,0.0
274835,2025-04-03T13:00:00.000000000,0.755,0.35500000000000004,0.0,0.0,0.33556637534719447,0.0
274835,2025-04-03T14:00:00.000000000,0.878,0.329,0.0,0.0,0.7001467866414388,0.0
274835,2025-04-03T15:00:00.000000000,0.937,0.368,0.0,0.0,0.0,0.0
274835,2025-04-03T16:00:00.000000000,1.061,0.36299999999999993,0.0,0.0,1.9946417035921444,0.0
274835,2025-04-03T17:00:00.000000000,1.1420000000000001,0.434,0.0,0.0,0.7877750366229334,0.0
274835,2025-04-03T18:00:00.000000000,1.3519999999999999,0.5840000000000001,0.0,0.0,0.6854932331328278,0.0
274835,2025-04-03T19:00:00.000000000,1.607,0.7450000000000001,0.0,0.0,0.34201393889098336,0.0
274835,2025-04-03T20:00:00.000000000,1.787,0.869,0.0,0.0,1.0664856243567167,0.0
274835,2025-04-03T21:00:00.000000000,1.329,1.02,0.0,0.0,0.6983883602204055,0.0
274835,2025-04-03T22:00:00.000000000,1.3419999999999999,1.057,0.0,0.0,0.0,0.0
274835,2025-04-03T23:00:00.000000000,1.3530000000000002,1.082,0.0,0.0,0.3241366036104778,0.0
274835,2025-04-04T00:00:00.000000000,1.37,1.102,0.0,0.0,0.3241366036104778,0.0
274835,2025-04-04T01:00:00.000000000,1.383,1.114,0.0,0.0,0.0,0.0
274835,2025-04-04T02:00:00.000000000,1.379,1.112,0.0,0.0,0.3241366036104778,0.0
274835,2025-04-04T03:00:00.000000000,1.342,1.0750000000000002,0.0,0.0,0.0,0.0
274835,2025-04-04T04:00:00.000000000,1.299,1.036,0.0,0.0,0.3241366036104778,0.0
274835,2025-04-04T05:00:00.000000000,1.264,1.0,0.0,0.0,0.3241366036104778,0.0
274835,2025-04-04T06:00:00.000000000,1.1849999999999998,0.9219999999999999,0.0,0.0,0.0,0.0
274835,2025-04-04T07:00:00.000000000,1.2890000000000001,0.79,0.0,0.0,0.3241366036104778,0.0
274835,2025-04-04T08:00:00.000000000,1.302,0.7290000000000001,0.0,0.0,0.0,0.0
274835,2025-04-04T09:00:00.000000000,1.21,0.648,0.0,0.0,0.32384353254030557,0.0
274835,2025-04-04T10:00:00.000000000,1.082,0.53,0.0,0.0,0.3241366036104778,0.0
274835,2025-04-04T11:00:00.000000000,0.989,0.44199999999999995,0.0,0.0,1.1262721226718502,0.0
274835,2025-04-04T12:00:00.000000000,0.889,0.34400000000000003,0.0,0.0,0.37601018303096106,0.0
274835,2025-04-04T13:00:00.000000000,0.739,0.19899999999999998,0.0,0.0,0.3241366036104778,0.0
274835,2025-04-04T14:00:00.000000000,0.637,0.08800000000000001,0.0,0.0,0.32384353254030557,0.0
274835,2025-04-04T15:00:00.000000000,0.7230000000000001,0.155,0.0,0.0,0.32384353254030557,0.0
274835,2025-04-04T16:00:00.000000000,1.071,0.42900000000000005,0.0,0.0,0.7830858995001778,0.0
274835,2025-04-04T17:00:00.000000000,1.304,0.61,0.0,0.0,0.0,0.0
274835,2025-04-04T18:00:00.000000000,1.46,0.694,0.0,0.0,0.33556637534719447,0.0
274835,2025-04-04T19:00:00.000000000,1.613,0.7490000000000001,0.0,0.0,0.3241366036104778,0.0
274835,2025-04-04T20:00:00.000000000,1.7149999999999999,0.7969999999999999,0.0,0.0,0.33556637534719447,0.0
274835,2025-04-04T21:00:00.000000000,1.635,0.869,0.0,0.0,0.7827928284300055,0.0
274835,2025-04-04T22:00:00.000000000,1.415,0.909,0.0,0.0,0.33556637534719447,0.0
274835,2025-04-04T23:00:00.000000000,1.236,0.925,0.0,0.0,0.0,0.0
274835,2025-04-05T00:00:00.000000000,1.216,0.946,0.0,0.0,0.3241366036104778,0.0
274835,2025-04-05T01:00:00.000000000,1.273,1.004,0.0,0.0,0.3241366036104778,0.0
274835,2025-04-05T02:00:00.000000000,1.3899999999999997,1.124,0.0,0.0,0.0,0.0
274835,2025-04-05T03:00:00.000000000,1.479,1.213,0.0,0.0,0.3241366036104778,0.0
274835,2025-04-05T04:00:00.000000000,1.533,1.269,0.0,0.0,0.0,0.0
274835,2025-04-05T05:00:00.000000000,1.704,1.2429999999999999,0.0,0.0,1.3803647405111668,0.0
274835,2025-04-05T06:00:00.000000000,1.891,1.3470000000000002,0.0,0.0,0.3241366036104778,0.0
274835,2025-04-05T07:00:00.000000000,1.859,1.283,0.0,0.0,0.0,0.0
274835,2025-04-05T08:00:00.000000000,1.67,1.0979999999999999,0.0,0.0,0.3241366036104778,0.0
274835,2025-04-05T09:00:00.000000000,1.387,0.825,0.0,0.0,0.0,0.0
274835,2025-04-05T10:00:00.000000000,1.149,0.598,0.0,0.0,0.3241366036104778,0.0
274835,2025-04-05T11:00:00.000000000,0.98,0.43200000000000005,0.0,0.0,0.3241366036104778,0.0
274835,2025-04-05T12:00:00.000000000,0.674,0.34600000000000003,0.0,0.0,0.7001467866414388,0.0
274835,2025-04-05T13:00:00.000000000,0.739,0.27,0.0,0.0,0.07033705684133333,0.0
274835,2025-04-05T14:00:00.000000000,0.862,0.315,0.0,0.0,0.4911871136086445,0.0
274835,2025-04-05T15:00:00.000000000,0.899,0.33,0.0,0.0,1.2616709570914166,0.0
274835,2025-04-05T16:00:00.000000000,1.133,0.492,0.0,0.0,0.7194894772728055,0.0
274835,2025-04-05T17:00:00.000000000,1.372,0.6779999999999999,0.0,0.0,0.73590145720245,0.0
274835,2025-04-05T18:00:00.000000000,1.7730000000000001,0.994,0.0,0.0,0.3241366036104778,0.0
274835,2025-04-05T19:00:00.000000000,2.243,1.276,0.0,0.0,0.8991420432883779,0.0
274835,2025-04-05T20:00:00.000000000,3.008,1.914,0.0,0.0,2.832531893214528,0.0
274835,2025-04-05T21:00:00.000000000,3.261,2.2680000000000002,0.0,0.0,3.862676704869889,0.0
274835,2025-04-05T22:00:00.000000000,2.491,1.936,0.0,0.0,1.4597870005278388,0.0
274835,2025-04-05T23:00:00.000000000,2.218,1.888,0.0,0.0,0.0,0.0
274835,2025-04-06T00:00:00.000000000,2.2809999999999997,1.9900000000000002,0.0,0.0,0.3241366036104778,0.0
274835,2025-04-06T01:00:00.000000000,2.405,2.113,0.0,0.0,0.33556637534719447,0.0
274835,2025-04-06T02:00:00.000000000,2.523,2.2270000000000003,0.0,0.0,0.0,0.0
274835,2025-04-06T03:00:00.000000000,2.709,2.409,0.0,0.0,0.3241366036104778,0.0
274835,2025-04-06T04:00:00.000000000,2.917,2.6130000000000004,0.0,0.0,0.33791094390857224,0.0
274835,2025-04-06T05:00:00.000000000,3.167,2.6980000000000004,0.0,0.0,1.1415118183208055,0.0
274835,2025-04-06T06:00:00.000000000,2.839,2.2640000000000002,0.0,0.0,1.4882148943345443,0.0
274835,2025-04-06T07:00:00.000000000,2.275,1.69,0.0,0.0,0.06125185366599444,0.0
274835,2025-04-06T08:00:00.000000000,1.843,1.27,0.0,0.0,0.32413660361047775,0.0
274835,2025-04-06T09:00:00.000000000,1.6869999999999998,1.124,0.0,0.0,0.33556637534719447,0.0
274835,2025-04-06T10:00:00.000000000,1.551,0.9369999999999999,0.0,0.0,0.33556637534719447,0.0
274835,2025-04-06T11:00:00.000000000,1.423,0.677,0.0,0.0,0.33146338036478334,0.0
274835,2025-04-06T12:00:00.000000000,1.399,0.768,0.0,0.0,2.1740011985375447,0.0
274835,2025-04-06T13:00:00.000000000,1.568,0.864,0.0,0.0,2.470882192622006,0.0
274835,2025-04-06T14:00:00.000000000,1.185,0.528,0.0,0.0,2.3416378506760553,0.0
274835,2025-04-06T15:00:00.000000000,0.861,0.292,0.0,0.0,0.0,0.0
274835,2025-04-06T16:00:00.000000000,0.9440000000000001,0.191,0.0,0.0,0.33556637534719447,0.0
274835,2025-04-06T17:00:00.000000000,1.03,0.245,0.0,0.0,1.3891568726163332,0.0
274835,2025-04-06T18:00:00.000000000,1.61,0.682,0.0,0.0,2.828721969302289,0.0
274835,2025-04-06T19:00:00.000000000,1.672,0.7799999999999999,0.0,0.0,0.7391252389743443,0.0
274835,2025-04-06T20:00:00.000000000,1.858,0.94,0.0,0.0,0.3241366036104778,0.0
274835,2025-04-06T21:00:00.000000000,1.585,1.12,0.0,0.0,0.7356083861322779,0.0
274835,2025-04-06T22:00:00.000000000,1.491,1.204,0.0,0.0,0.3241366036104778,0.0
274835,2025-04-06T23:00:00.000000000,1.597,1.3239999999999998,0.0,0.0,0.0,0.0
274835,2025-04-07T00:00:00.000000000,2.117,1.83,0.0,0.0,0.3241366036104778,0.0
274835,2025-04-07T01:00:00.000000000,2.42,2.123,0.0,0.0,0.3241366036104778,0.0
274835,2025-04-07T02:00:00.000000000,2.452,2.158,0.0,0.0,0.0,0.0
274835,2025-04-07T03:00:00.000000000,2.09,1.814,0.0,0.0,0.3241366036104778,0.0
274835,2025-04-07T04:00:00.000000000,2.044,1.768,0.0,0.0,0.0,0.0
274835,2025-04-07T05:00:00.000000000,1.932,1.657,0.0,0.0,0.3241366036104778,0.0
274835,2025-04-07T06:00:00.000000000,1.6099999999999999,1.3419999999999999,0.0,0.0,0.3241366036104778,0.0
274835,2025-04-07T07:00:00.000000000,1.2870000000000001,1.02,0.0,0.0,0.0,0.0
274835,2025-04-07T08:00:00.000000000,0.893,0.628,0.0,0.0,0.3241366036104778,0.0
274835,2025-04-07T09:00:00.000000000,0.52,0.25899999999999995,0.0,0.0,0.3241366036104778,0.0
274835,2025-04-07T10:00:00.000000000,0.299,0.037000000000000005,0.0,0.006,0.0,0.0
274835,2025-04-07T11:00:00.000000000,0.349,0.0,0.0,0.093,0.3241366036104778,0.0
274835,2025-04-07T12:00:00.000000000,0.45699999999999996,0.0,0.0,0.20099999999999998,0.0,0.0
274835,2025-04-07T13:00:00.000000000,0.561,0.0,0.0,0.30500000000000005,0.32384353254030557,0.0
274835,2025-04-07T14:00:00.000000000,0.63,0.0,0.0,0.374,0.0,0.0
274835,2025-04-07T15:00:00.000000000,0.612,0.0,0.0,0.35300000000000004,0.32384353254030557,0.0
274835,2025-04-07T16:00:00.000000000,0.475,0.0,0.0,0.182,0.32384353254030557,0.0
274835,2025-04-07T17:00:00.000000000,0.327,0.0,0.0,0.041,0.0,0.0
274835,2025-04-07T18:00:00.000000000,0.45199999999999996,0.168,0.0,0.0,0.32384353254030557,0.0
274835,2025-04-07T19:00:00.000000000,1.165,0.431,0.0,0.0,0.0,0.0
274835,2025-04-07T20:00:00.000000000,1.599,0.6839999999999999,0.0,0.0,0.32384353254030557,0.0
274835,2025-04-07T21:00:00.000000000,1.406,0.9450000000000001,0.0,0.0,0.32384353254030557,0.0
274835,2025-04-07T22:00:00.000000000,1.4010000000000002,1.117,0.0,0.0,0.36077048738200557,0.0
274835,2025-04-07T23:00:00.000000000,1.4929999999999999,1.22,0.0,0.0,1.9536117537680333,0.0
274835,2025-04-08T00:00:00.000000000,1.496,1.2269999999999999,0.0,0.0,0.7810344020089722,0.0
274835,2025-04-08T01:00:00.000000000,1.494,1.225,0.0,0.0,0.3241366036104778,0.0
274835,2025-04-08T02:00:00.000000000,1.442,1.174,0.0,0.0,0.0,0.0
274835,2025-04-08T03:00:00.000000000,1.343,1.077,0.0,0.0,0.3241366036104778,0.0
274835,2025-04-08T04:00:00.000000000,1.266,1.001,0.0,0.0,0.3241366036104778,0.0
274835,2025-04-08T05:00:00.000000000,1.22,0.953,0.0,0.0,0.0,0.0
274835,2025-04-08T06:00:00.000000000,1.0619999999999998,0.794,0.0,0.0,0.3241366036104778,0.0
274835,2025-04-08T07:00:00.000000000,0.7480000000000001,0.483,0.0,0.0,0.0,0.0
274835,2025-04-08T08:00:00.000000000,0.428,0.165,0.0,0.0,0.32384353254030557,0.0
274835,2025-04-08T09:00:00.000000000,0.29200000000000004,0.014,0.0,0.02,0.32384353254030557,0.0
274835,2025-04-08T10:00:00.000000000,0.358,0.0,0.0,0.10099999999999999,0.0,0.0
274835,2025-04-08T11:00:00.000000000,0.433,0.0,0.0,0.177,0.32384353254030557,0.0
274835,2025-04-08T12:00:00.000000000,0.516,0.0,0.0,0.26,0.0,0.0
274835,2025-04-08T13:00:00.000000000,0.576,0.0,0.0,0.319,0.32384353254030557,0.0
274835,2025-04-08T14:00:00.000000000,0.6,0.0,0.0,0.344,0.0,0.0
274835,2025-04-08T15:00:00.000000000,0.648,0.0,0.0,0.387,0.32384353254030557,0.0
274835,2025-04-08T16:00:00.000000000,0.8310000000000001,0.0,0.0,0.35700000000000004,0.32384353254030557,0.0
274835,2025-04-08T17:00:00.000000000,0.942,0.0,0.0,0.249,0.0,0.0
274835,2025-04-08T18:00:00.000000000,0.854,0.0,0.0,0.089,0.6866655174135166,0.0
274835,2025-04-08T19:00:00.000000000,0.9149999999999999,0.055999999999999994,0.0,0.0,2.159933787169278,0.0
274835,2025-04-08T20:00:00.000000000,1.145,0.23099999999999998,0.0,0.0,0.3352733042770222,0.0
274835,2025-04-08T21:00:00.000000000,0.7729999999999999,0.46799999999999997,0.0,0.0,1.1072225031106555,0.0
274835,2025-04-08T22:00:00.000000000,0.7990000000000002,0.515,0.0,0.0,0.7256439697464222,0.0
274835,2025-04-08T23:00:00.000000000,0.7869999999999999,0.516,0.0,0.0,0.34728921815408337,0.0
274835,2025-04-09T00:00:00.000000000,0.792,0.524,0.0,0.0,0.32384353254030557,0.0
274835,2025-04-09T01:00:00.000000000,0.848,0.583,0.0,0.0,0.0,0.0
274835,2025-04-09T02:00:00.000000000,0.906,0.64,0.0,0.0,0.32384353254030557,0.0
274835,2025-04-09T03:00:00.000000000,0.948,0.6819999999999999,0.0,0.0,0.32384353254030557,0.0
274835,2025-04-09T04:00:00.000000000,0.972,0.71,0.0,0.0,0.0,0.0
274835,2025-04-09T05:00:00.000000000,0.979,0.718,0.0,0.0,0.32384353254030557,0.0
274835,2025-04-09T06:00:00.000000000,0.943,0.68,0.0,0.0,0.0,0.0
274835,2025-04-09T07:00:00.000000000,0.909,0.643,0.0,0.0,0.32384353254030557,0.0
274835,2025-04-09T08:00:00.000000000,0.9349999999999999,0.671,0.0,0.0,0.0,0.0
274835,2025-04-09T09:00:00.000000000,1.131,0.7230000000000001,0.0,0.0,0.32384353254030557,0.0
274835,2025-04-09T10:00:00.000000000,1.213,0.736,0.0,0.0,0.32384353254030557,0.0
274835,2025-04-09T11:00:00.000000000,0.9339999999999999,0.677,0.0,0.0,0.0,0.0
274835,2025-04-09T12:00:00.000000000,0.935,0.6779999999999999,0.0,0.0,0.32384353254030557,0.0
274835,2025-04-09T13:00:00.000000000,1.235,0.9770000000000001,0.0,0.0,0.6711327506943889,0.0
274835,2025-04-09T14:00:00.000000000,1.775,1.4389999999999998,0.0,0.0,0.33703173069805553,0.0
274835,2025-04-09T15:00:00.000000000,2.439,1.8510000000000002,0.0,0.0,2.559682726884189,0.0
274835,2025-04-09T16:00:00.000000000,2.683,2.017,0.0,0.0,0.0,0.0
274835,2025-04-09T17:00:00.000000000,2.735,2.019,0.0,0.0,0.32384353254030557,0.0
274835,2025-04-09T18:00:00.000000000,2.852,2.0620000000000003,0.0,0.0,0.32384353254030557,0.0
274835,2025-04-09T19:00:00.000000000,3.1750000000000003,2.281,0.0,0.0,0.3352733042770222,0.0
274835,2025-04-09T20:00:00.000000000,3.442,2.487,0.0,0.0,0.3241366036104778,0.0
274835,2025-04-09T21:00:00.000000000,3.392,2.5860000000000003,0.0,0.0,1.961231601592511,0.0
274835,2025-04-09T22:00:00.000000000,2.781,2.459,0.0,0.0,0.3241366036104778,0.0
274835,2025-04-09T23:00:00.000000000,2.689,2.386,0.0,0.0,0.0,0.0
274835,2025-04-10T00:00:00.000000000,2.695,2.392,0.0,0.0,0.3241366036104778,0.0
274835,2025-04-10T01:00:00.000000000,2.653,2.354,0.0,0.0,0.11693535699871667,0.0
274835,2025-04-10T02:00:00.000000000,2.602,2.3049999999999997,0.0,0.0,0.2072012466117611,0.0
274835,2025-04-10T03:00:00.000000000,2.6740000000000004,2.377,0.0,0.0,0.3241366036104778,0.0
274835,2025-04-10T04:00:00.000000000,2.673,2.378,0.0,0.0,0.0,0.0
274835,2025-04-10T05:00:00.000000000,2.6,2.309,0.0,0.0,0.3241366036104778,0.0
274835,2025-04-10T06:00:00.000000000,2.594,2.081,0.0,0.0,1.4709237011943834,0.0
274835,2025-04-10T07:00:00.000000000,2.45,1.863,0.0,0.0,0.8036008744122334,0.0
274835,2025-04-10T08:00:00.000000000,1.9140000000000001,1.3419999999999999,0.0,0.0,0.3241366036104778,0.0
274835,2025-04-10T09:00:00.000000000,1.491,0.9279999999999999,0.0,0.0,0.0,0.0
274835,2025-04-10T10:00:00.000000000,1.169,0.618,0.0,0.0,0.3241366036104778,0.0
274835,2025-04-10T11:00:00.000000000,0.948,0.401,0.0,0.0,0.3241366036104778,0.0
274835,2025-04-10T12:00:00.000000000,0.7490000000000001,0.204,0.0,0.0,0.72535089867625,0.0
274835,2025-04-10T13:00:00.000000000,0.63,0.027,0.0,0.027000000000000003,1.3803647405111668,0.0
274835,2025-04-10T14:00:00.000000000,0.5770000000000001,0.012,0.0,0.018,0.7235924722552167,0.0
274835,2025-04-10T15:00:00.000000000,0.6779999999999999,0.052000000000000005,0.0,0.022,1.3800716694409945,0.0
274835,2025-04-10T16:00:00.000000000,0.903,0.262,0.0,0.0,0.34728921815408337,0.0
274835,2025-04-10T17:00:00.000000000,1.066,0.373,0.0,0.0,0.6983883602204055,0.0
274835,2025-04-10T18:00:00.000000000,1.45,0.683,0.0,0.0,0.3352733042770222,0.0
274835,2025-04-10T19:00:00.000000000,1.8639999999999999,1.001,0.0,0.0,0.32384353254030557,0.0
274835,2025-04-10T20:00:00.000000000,2.126,1.208,0.0,0.0,0.32384353254030557,0.0
274835,2025-04-10T21:00:00.000000000,2.2239999999999998,1.456,0.0,0.0,0.0,0.0
274835,2025-04-10T22:00:00.000000000,2.2430000000000003,1.724,0.0,0.0,0.3241366036104778,0.0
274835,2025-04-10T23:00:00.000000000,2.273,1.9809999999999999,0.0,0.0,0.0,0.0
274835,2025-04-11T00:00:00.000000000,2.665,2.3649999999999998,0.0,0.0,0.3241366036104778,0.0
274835,2025-04-11T01:00:00.000000000,3.054,2.742,0.0,0.0,0.3241366036104778,0.0
274835,2025-04-11T02:00:00.000000000,3.2310000000000003,2.916,0.0,0.0,0.0,0.0
274835,2025-04-11T03:00:00.000000000,3.6799999999999997,3.348,0.0,0.0,0.3241366036104778,0.0
274835,2025-04-11T04:00:00.000000000,4.008,3.621,0.0,0.0,0.0,0.0
274835,2025-04-11T05:00:00.000000000,4.084,3.5730000000000004,0.0,0.0,0.3241366036104778,0.0
274835,2025-04-11T06:00:00.000000000,3.5330000000000004,2.937,0.0,0.0,0.3241366036104778,0.0
274835,2025-04-11T07:00:00.000000000,2.366,1.7799999999999998,0.0,0.0,0.3241366036104778,0.0
274835,2025-04-11T08:00:00.000000000,1.624,1.052,0.0,0.0,0.3241366036104778,0.0
274835,2025-04-11T09:00:00.000000000,1.129,0.569,0.0,0.0,0.0,0.0
274835,2025-04-11T10:00:00.000000000,0.7780000000000001,0.227,0.0,0.0,0.8135652907980888,0.0
274835,2025-04-11T11:00:00.000000000,0.5359999999999999,0.052000000000000005,0.0,0.01,0.3241366036104778,0.0
274835,2025-04-11T12:00:00.000000000,0.61,0.05600000000000001,0.0,0.009000000000000001,0.3241366036104778,0.0
274835,2025-04-11T13:00:00.000000000,0.772,0.23100000000000004,0.0,0.0,0.0,0.0
274835,2025-04-11T14:00:00.000000000,1.0150000000000001,0.466,0.0,0.0,0.32384353254030557,0.0
274835,2025-04-11T15:00:00.000000000,1.06,0.7249999999999999,0.0,0.0,0.3241366036104778,0.0
274835,2025-04-11T16:00:00.000000000,1.619,1.143,0.0,0.0,0.0,0.0
274835,2025-04-11T17:00:00.000000000,1.866,1.172,0.0,0.0,0.3352733042770222,0.0
274835,2025-04-11T18:00:00.000000000,2.157,1.384,0.0,0.0,0.3352733042770222,0.0
274835,2025-04-11T19:00:00.000000000,2.8659999999999997,1.975,0.0,0.0,0.3241366036104778,0.0
274835,2025-04-11T20:00:00.000000000,3.2239999999999998,2.267,0.0,0.0,0.7496757975005444,0.0
274835,2025-04-11T21:00:00.000000000,2.636,1.9489999999999998,0.0,0.0,0.3276534564525444,0.0
274835,2025-04-11T22:00:00.000000000,1.826,1.537,0.0,0.0,0.0,0.0
274835,2025-04-11T23:00:00.000000000,1.758,1.484,0.0,0.0,0.3241366036104778,0.0
274835,2025-04-12T00:00:00.000000000,1.714,1.442,0.0,0.0,0.0,0.0
274835,2025-04-12T01:00:00.000000000,1.698,1.4289999999999998,0.0,0.0,0.3241366036104778,0.0
274835,2025-04-12T02:00:00.000000000,1.686,1.4180000000000001,0.0,0.0,0.3241366036104778,0.0
274835,2025-04-12T03:00:00.000000000,1.682,1.415,0.0,0.0,0.0,0.0
274835,2025-04-12T04:00:00.000000000,1.686,1.422,0.0,0.0,0.3241366036104778,0.0
274835,2025-04-12T05:00:00.000000000,1.681,1.418,0.0,0.0,0.3241366036104778,0.0
274835,2025-04-12T06:00:00.000000000,1.8860000000000001,1.3399999999999999,0.0,0.0,0.0,0.0
274835,2025-04-12T07:00:00.000000000,1.78,1.206,0.0,0.0,0.3241366036104778,0.0
274835,2025-04-12T08:00:00.000000000,1.5590000000000002,0.987,0.0,0.0,0.0,0.0
274835,2025-04-12T09:00:00.000000000,1.354,0.7930000000000001,0.0,0.0,0.32384353254030557,0.0
274835,2025-04-12T10:00:00.000000000,1.218,0.666,0.0,0.0,0.7499688685707168,0.0
274835,2025-04-12T11:00:00.000000000,1.01,0.427,0.0,0.0,1.3803647405111668,0.0
274835,2025-04-12T12:00:00.000000000,0.9159999999999999,0.37100000000000005,0.0,0.0,0.36047741631183333,0.0
274835,2025-04-12T13:00:00.000000000,0.748,0.124,0.0,0.011,2.4351275220609945,0.0
274835,2025-04-12T14:00:00.000000000,0.855,0.30700000000000005,0.0,0.0,0.5861421403444445,0.0
274835,2025-04-12T15:00:00.000000000,0.857,0.28700000000000003,0.0,0.0,0.4882564029069223,0.0
274835,2025-04-12T16:00:00.000000000,0.92,0.24200000000000002,0.0,0.0,1.056228136900689,0.0
274835,2025-04-12T17:00:00.000000000,1.056,0.362,0.0,0.0,0.32384353254030557,0.0
274835,2025-04-12T18:00:00.000000000,1.423,0.655,0.0,0.0,0.12426213375302222,0.0
274835,2025-04-12T19:00:00.000000000,1.701,1.131,0.0,0.0,0.19987446985745558,0.0
274835,2025-04-12T20:00:00.000000000,1.786,1.48,0.0,0.0,0.3241366036104778,0.0
274835,2025-04-12T21:00:00.000000000,2.548,1.77,0.0,0.0,0.3241366036104778,0.0
274835,2025-04-12T22:00:00.000000000,2.593,2.179,0.0,0.0,0.3352733042770222,0.0
274835,2025-04-12T23:00:00.000000000,2.995,2.683,0.0,0.0,0.0,0.0
274835,2025-04-13T00:00:00.000000000,3.282,2.963,0.0,0.0,0.3241366036104778,0.0
274835,2025-04-13T01:00:00.000000000,3.4269999999999996,3.104,0.0,0.0,0.0,0.0
274835,2025-04-13T02:00:00.000000000,3.5060000000000002,3.183,0.0,0.0,0.3241366036104778,0.0
274835,2025-04-13T03:00:00.000000000,3.436,3.0420000000000003,0.0,0.0,2.435420593131167,0.0
274835,2025-04-13T04:00:00.000000000,3.971,3.604,0.0,0.0,0.0,0.0
274835,2025-04-13T05:00:00.000000000,3.835,3.507,0.0,0.0,0.3241366036104778,0.0
274835,2025-04-13T06:00:00.000000000,3.1959999999999997,2.884,0.0,0.0,0.3241366036104778,0.0
274835,2025-04-13T07:00:00.000000000,2.1839999999999997,1.9020000000000001,0.0,0.0,0.0,0.0
274835,2025-04-13T08:00:00.000000000,1.7069999999999999,1.2109999999999999,0.0,0.0,0.3241366036104778,0.0
274835,2025-04-13T09:00:00.000000000,1.401,0.839,0.0,0.0,0.6324473694316556,0.0
274835,2025-04-13T10:00:00.000000000,1.1099999999999999,0.558,0.0,0.0,0.3830438887150945,0.0
274835,2025-04-13T11:00:00.000000000,0.8659999999999999,0.32,0.0,0.0,0.3241366036104778,0.0
274835,2025-04-13T12:00:00.000000000,0.678,0.133,0.0,0.0,0.34728921815408337,0.0
274835,2025-04-13T13:00:00.000000000,0.634,0.046,0.0,0.047,0.3241366036104778,0.0
274835,2025-04-13T14:00:00.000000000,0.722,0.037,0.0,0.136,0.3241366036104778,0.0
274835,2025-04-13T15:00:00.000000000,0.7849999999999999,0.032,0.0,0.182,0.4478125952231556,0.0
274835,2025-04-13T16:00:00.000000000,0.517,0.04,0.0,0.105,0.5890728510461667,0.0
274835,2025-04-13T17:00:00.000000000,0.379,0.08199999999999999,0.0,0.01,0.32384353254030557,0.0
274835,2025-04-13T18:00:00.000000000,0.75,0.46399999999999997,0.0,0.0,0.32384353254030557,0.0
274835,2025-04-13T19:00:00.000000000,1.3039999999999998,1.009,0.0,0.0,0.34728921815408337,0.0
274835,2025-04-13T20:00:00.000000000,1.753,1.447,0.0,0.0,0.0,0.0
274835,2025-04-13T21:00:00.000000000,2.3259999999999996,1.9980000000000002,0.0,0.0,0.3241366036104778,0.0
274835,2025-04-13T22:00:00.000000000,2.662,2.227,0.0,0.0,0.3241366036104778,0.0
274835,2025-04-13T23:00:00.000000000,2.6830000000000003,2.302,0.0,0.0,0.0,0.0
274835,2025-04-14T00:00:00.000000000,2.7960000000000003,2.488,0.0,0.0,0.32384353254030557,0.0
274835,2025-04-14T01:00:00.000000000,2.94,2.6270000000000002,0.0,0.0,0.0,0.0
274835,2025-04-14T02:00:00.000000000,3.177,2.86,0.0,0.0,0.3241366036104778,0.0
274835,2025-04-14T03:00:00.000000000,3.4450000000000003,3.121,0.0,0.0,0.3241366036104778,0.0
274835,2025-04-14T04:00:00.000000000,3.701,3.372,0.0,0.0,0.0,0.0
274835,2025-04-14T05:00:00.000000000,3.884,3.495,0.0,0.0,0.3241366036104778,0.0
274835,2025-04-14T06:00:00.000000000,3.412,2.8150000000000004,0.0,0.0,0.06095878259582222,0.0
274835,2025-04-14T07:00:00.000000000,2.024,1.442,0.0,0.0,0.2631778210146556,0.0
274835,2025-04-14T08:00:00.000000000,1.193,0.851,0.0,0.0,0.3241366036104778,0.0
274835,2025-04-14T09:00:00.000000000,0.739,0.478,0.0,0.0,0.3352733042770222,0.0
274835,2025-04-14T10:00:00.000000000,0.464,0.20700000000000002,0.0,0.0,0.3241366036104778,0.0
274835,2025-04-14T11:00:00.000000000,0.28700000000000003,0.004,0.0,0.027,0.32384353254030557,0.0
274835,2025-04-14T12:00:00.000000000,0.345,0.0,0.0,0.09,0.0,0.0
274835,2025-04-14T13:00:00.000000000,0.522,0.0,0.0,0.134,0.32384353254030557,0.0
274835,2025-04-14T14:00:00.000000000,0.9369999999999999,0.0,0.0,0.185,0.32706731431220004,0.0
274835,2025-04-14T15:00:00.000000000,0.8699999999999999,0.025,0.0,0.171,0.36311505594338334,0.0
274835,2025-04-14T16:00:00.000000000,1.077,0.27199999999999996,0.0,0.003,2.459745491955461,0.0
274835,2025-04-14T17:00:00.000000000,1.315,0.461,0.0,0.0,2.459745491955461,0.0
274835,2025-04-14T18:00:00.000000000,1.693,0.7669999999999999,0.0,0.0,2.482898106499067,0.0
274835,2025-04-14T19:00:00.000000000,2.128,1.1059999999999999,0.0,0.0,2.459745491955461,0.0
274835,2025-04-14T20:00:00.000000000,1.589,1.218,0.0,0.0,1.6684536024904613,0.0
274835,2025-04-14T21:00:00.000000000,1.587,1.281,0.0,0.0,0.32384353254030557,0.0
274835,2025-04-14T22:00:00.000000000,1.668,1.383,0.0,0.0,0.0,0.0
274835,2025-04-14T23:00:00.000000000,1.707,1.435,0.0,0.0,0.32384353254030557,0.0
274835,2025-04-15T00:00:00.000000000,1.721,1.451,0.0,0.0,0.3238435325403055,0.0
274835,2025-04-15T01:00:00.000000000,1.698,1.4289999999999998,0.0,0.0,0.0,0.0
274835,2025-04-15T02:00:00.000000000,1.706,1.438,0.0,0.0,0.3241366036104778,0.0
274835,2025-04-15T03:00:00.000000000,1.694,1.427,0.0,0.0,0.0,0.0
274835,2025-04-15T04:00:00.000000000,1.6789999999999998,1.396,0.0,0.0,1.0160774002870945,0.0
274835,2025-04-15T05:00:00.000000000,1.831,1.383,0.0,0.0,1.0817253200056722,0.0
274835,2025-04-15T06:00:00.000000000,1.7750000000000001,1.226,0.0,0.0,0.0,0.0
274835,2025-04-15T07:00:00.000000000,1.4920000000000002,0.9159999999999999,0.0,0.0,0.3241366036104778,0.0
274835,2025-04-15T08:00:00.000000000,1.103,0.53,0.0,0.0,0.32384353254030557,0.0
274835,2025-04-15T09:00:00.000000000,0.5619999999999999,0.224,0.0,0.0,0.6822694513609333,0.0
274835,2025-04-15T10:00:00.000000000,0.291,0.031,0.0,0.004,0.3352733042770222,0.0
274835,2025-04-15T11:00:00.000000000,0.303,0.0,0.0,0.04699999999999999,0.32706731431220004,0.0
274835,2025-04-15T12:00:00.000000000,0.308,0.0,0.0,0.052,0.32384353254030557,0.0
274835,2025-04-15T13:00:00.000000000,0.315,0.0,0.0,0.06,0.0,0.0
274835,2025-04-15T14:00:00.000000000,0.328,0.0,0.0,0.074,0.32384353254030557,0.0
274835,2025-04-15T15:00:00.000000000,0.646,0.0,0.0,0.116,1.3800716694409945,0.0
274835,2025-04-15T16:00:00.000000000,0.668,0.002,0.0,0.024999999999999998,0.0,0.0
274835,2025-04-15T17:00:00.000000000,0.7909999999999999,0.026000000000000002,0.0,0.035,1.3800716694409945,0.0
274835,2025-04-15T18:00:00.000000000,0.601,0.21200000000000002,0.0,0.0,0.0,0.0
274835,2025-04-15T19:00:00.000000000,1.195,0.33499999999999996,0.0,0.0,0.5166842967136277,0.0
274835,2025-04-15T20:00:00.000000000,1.372,0.45799999999999996,0.0,0.0,0.5011515299945,0.0
274835,2025-04-15T21:00:00.000000000,1.156,0.5940000000000001,0.0,0.0,0.7300400357990056,0.0
274835,2025-04-15T22:00:00.000000000,0.9219999999999999,0.638,0.0,0.0,0.32384353254030557,0.0
274835,2025-04-15T23:00:00.000000000,0.921,0.649,0.0,0.0,0.0,0.0
274835,2025-04-16T00:00:00.000000000,0.928,0.659,0.0,0.0,0.32384353254030557,0.0
274835,2025-04-16T01:00:00.000000000,0.945,0.678,0.0,0.0,0.32384353254030557,0.0
274835,2025-04-16T02:00:00.000000000,0.971,0.7049999999999998,0.0,0.0,0.0,0.0
274835,2025-04-16T03:00:00.000000000,0.999,0.732,0.0,0.0,0.32384353254030557,0.0
274835,2025-04-16T04:00:00.000000000,1.085,0.821,0.0,0.0,0.0,0.0
274835,2025-04-16T05:00:00.000000000,1.153,0.889,0.0,0.0,0.32384353254030557,0.0
274835,2025-04-16T06:00:00.000000000,1.369,0.879,0.0,0.0,1.7613571317350556,0.0
274835,2025-04-16T07:00:00.000000000,1.345,0.772,0.0,0.0,1.590789768894822,0.0
274835,2025-04-16T08:00:00.000000000,1.1179999999999999,0.546,0.0,0.0,1.449236442001639,0.0
274835,2025-04-16T09:00:00.000000000,0.8499999999999999,0.289,0.0,0.0,0.6948715073783389,0.0
274835,2025-04-16T10:00:00.000000000,0.669,0.11900000000000001,0.0,0.0,1.5078506560360834,0.0
274835,2025-04-16T11:00:00.000000000,0.5760000000000001,0.009,0.0,0.02,1.1511831636364889,0.0
274835,2025-04-16T12:00:00.000000000,0.384,0.0,0.0,0.055,0.32384353254030557,0.0
274835,2025-04-16T13:00:00.000000000,0.298,0.0,0.0,0.044000000000000004,0.0,0.0
274835,2025-04-16T14:00:00.000000000,0.503,0.006,0.0,0.021,0.32384353254030557,0.0
274835,2025-04-16T15:00:00.000000000,0.7559999999999999,0.187,0.0,0.0,0.0,0.0
274835,2025-04-16T16:00:00.000000000,1.202,0.56,0.0,0.0,0.32384353254030557,0.0
274835,2025-04-16T17:00:00.000000000,1.4249999999999998,0.7309999999999999,0.0,0.0,0.24530048573415,0.0
274835,2025-04-16T18:00:00.000000000,1.683,0.914,0.0,0.0,0.07854304680615556,0.0
274835,2025-04-16T19:00:00.000000000,1.9509999999999998,1.088,0.0,0.0,0.32384353254030557,0.0
274835,2025-04-16T20:00:00.000000000,2.015,1.097,0.0,0.0,0.7171449087114279,0.0
274835,2025-04-16T21:00:00.000000000,1.9249999999999998,1.158,0.0,0.0,0.3352733042770222,0.0
274835,2025-04-16T22:00:00.000000000,1.576,1.188,0.0,0.0,0.3469961470839111,0.0
274835,2025-04-16T23:00:00.000000000,1.478,1.2049999999999998,0.0,0.0,0.32384353254030557,0.0
274835,2025-04-17T00:00:00.000000000,1.495,1.225,0.0,0.0,0.0,0.0
274835,2025-04-17T01:00:00.000000000,1.508,1.239,0.0,0.0,0.32384353254030557,0.0
274835,2025-04-17T02:00:00.000000000,1.516,1.248,0.0,0.0,0.0,0.0
274835,2025-04-17T03:00:00.000000000,1.5499999999999998,1.282,0.0,0.0,0.3241366036104778,0.0
274835,2025-04-17T04:00:00.000000000,1.619,1.355,0.0,0.0,0.3241366036104778,0.0
274835,2025-04-17T05:00:00.000000000,1.696,1.432,0.0,0.0,0.0,0.0
274835,2025-04-17T06:00:00.000000000,1.667,1.4009999999999998,0.0,0.0,0.3241366036104778,0.0
274835,2025-04-17T07:00:00.000000000,1.558,1.292,0.0,0.0,0.0,0.0
274835,2025-04-17T08:00:00.000000000,1.5300000000000002,1.0350000000000001,0.0,0.0,0.3241366036104778,0.0
274835,2025-04-17T09:00:00.000000000,1.2919999999999998,0.73,0.0,0.0,0.3241366036104778,0.0
274835,2025-04-17T10:00:00.000000000,1.066,0.516,0.0,0.0,0.0,0.0
274835,2025-04-17T11:00:00.000000000,0.942,0.395,0.0,0.0,0.32384353254030557,0.0
274835,2025-04-17T12:00:00.000000000,0.921,0.376,0.0,0.0,0.32384353254030557,0.0
274835,2025-04-17T13:00:00.000000000,0.957,0.415,0.0,0.0,0.0,0.0
274835,2025-04-17T14:00:00.000000000,0.9289999999999999,0.38000000000000006,0.0,0.0,1.101361081707211,0.0
274835,2025-04-17T15:00:00.000000000,0.91,0.33999999999999997,0.0,0.0,0.26405703422517224,0.0
274835,2025-04-17T16:00:00.000000000,1.274,0.6320000000000001,0.0,0.0,0.41938470141645,0.0
274835,2025-04-17T17:00:00.000000000,1.595,0.901,0.0,0.0,0.32384353254030557,0.0
274835,2025-04-17T18:00:00.000000000,1.926,1.157,0.0,0.0,0.3469961470839111,0.0
274835,2025-04-17T19:00:00.000000000,2.268,1.4,0.0,0.0,0.32384353254030557,0.0
274835,2025-04-17T20:00:00.000000000,2.666,1.733,0.0,0.0,0.33146338036478334,0.0
274835,2025-04-17T21:00:00.000000000,2.904,2.11,0.0,0.0,0.0,0.0
274835,2025-04-17T22:00:00.000000000,2.6420000000000003,2.145,0.0,0.0,0.3352733042770222,0.0
274835,2025-04-17T23:00:00.000000000,2.4130000000000003,2.113,0.0,0.0,0.3241366036104778,0.0
274835,2025-04-18T00:00:00.000000000,2.4690000000000003,2.169,0.0,0.0,0.0,0.0
274835,2025-04-18T01:00:00.000000000,2.4690000000000003,2.172,0.0,0.0,0.32384353254030557,0.0
274835,2025-04-18T02:00:00.000000000,2.464,2.1670000000000003,0.0,0.0,0.3241366036104778,0.0
274835,2025-04-18T03:00:00.000000000,2.498,2.196,0.0,0.0,0.0,0.0
274835,2025-04-18T04:00:00.000000000,2.496,2.149,0.0,0.0,0.3241366036104778,0.0
274835,2025-04-18T05:00:00.000000000,2.322,1.8639999999999999,0.0,0.0,0.0,0.0
274835,2025-04-18T06:00:00.000000000,2.101,1.5530000000000002,0.0,0.0,0.6840278777819666,0.0
274835,2025-04-18T07:00:00.000000000,1.9129999999999998,1.414,0.0,0.0,0.24588662787449445,0.0
274835,2025-04-18T08:00:00.000000000,1.62,1.3550000000000002,0.0,0.0,0.7605194270969167,0.0
274835,2025-04-18T09:00:00.000000000,1.478,1.217,0.0,0.0,0.3241366036104778,0.0
274835,2025-04-18T10:00:00.000000000,1.292,1.0350000000000001,0.0,0.0,0.0,0.0
274835,2025-04-18T11:00:00.000000000,1.245,0.986,0.0,0.0,0.3241366036104778,0.0
274835,2025-04-18T12:00:00.000000000,1.371,0.9349999999999999,0.0,0.0,1.056228136900689,0.0
274835,2025-04-18T13:00:00.000000000,1.553,1.0110000000000001,0.0,0.0,0.3241366036104778,0.0
274835,2025-04-18T14:00:00.000000000,1.659,1.109,0.0,0.0,0.3241366036104778,0.0
274835,2025-04-18T15:00:00.000000000,1.528,1.194,0.0,0.0,0.0,0.0
274835,2025-04-18T16:00:00.000000000,1.731,1.347,0.0,0.0,1.0708816904093,0.0
274835,2025-04-18T17:00:00.000000000,2.115,1.42,0.0,0.0,0.6705466085540444,0.0
274835,2025-04-18T18:00:00.000000000,2.283,1.513,0.0,0.0,0.0,0.0
274835,2025-04-18T19:00:00.000000000,2.491,1.622,0.0,0.0,0.3241366036104778,0.0
274835,2025-04-18T20:00:00.000000000,2.612,1.686,0.0,0.0,0.0,0.0
274835,2025-04-18T21:00:00.000000000,2.585,1.808,0.0,0.0,0.6594099078875,0.0
274835,2025-04-18T22:00:00.000000000,2.3569999999999998,1.84,0.0,0.0,0.0,0.0
274835,2025-04-18T23:00:00.000000000,2.1630000000000003,1.8780000000000001,0.0,0.0,0.3241366036104778,0.0
274835,2025-04-19T00:00:00.000000000,2.182,1.9009999999999998,0.0,0.0,0.0,0.0
274835,2025-04-19T01:00:00.000000000,2.194,1.912,0.0,0.0,0.3241366036104778,0.0
274835,2025-04-19T02:00:00.000000000,2.197,1.9149999999999998,0.0,0.0,0.3241366036104778,0.0
274835,2025-04-19T03:00:00.000000000,2.188,1.908,0.0,0.0,0.0,0.0
274835,2025-04-19T04:00:00.000000000,2.148,1.872,0.0,0.0,0.3241366036104778,0.0
274835,2025-04-19T05:00:00.000000000,2.091,1.8190000000000002,0.0,0.0,0.3241366036104778,0.0
274835,2025-04-19T06:00:00.000000000,2.072,1.796,0.0,0.0,0.0,0.0
274835,2025-04-19T07:00:00.000000000,1.984,1.7089999999999999,0.0,0.0,0.3241366036104778,0.0
274835,2025-04-19T08:00:00.000000000,1.948,1.678,0.0,0.0,0.0,0.0
274835,2025-04-19T09:00:00.000000000,2.1430000000000002,1.6520000000000001,0.0,0.0,0.3241366036104778,0.0
274835,2025-04-19T10:00:00.000000000,2.0610000000000004,1.507,0.0,0.0,1.2092112355305888,0.0
274835,2025-04-19T11:00:00.000000000,1.9060000000000001,1.357,0.0,0.0,1.023111105971228,0.0
274835,2025-04-19T12:00:00.000000000,1.9050000000000002,1.246,0.0,0.0,0.3341010199963333,0.0
274835,2025-04-19T13:00:00.000000000,1.892,1.2449999999999999,0.0,0.0,0.39828358436405,0.0
274835,2025-04-19T14:00:00.000000000,2.188,1.485,0.0,0.0,2.3533606934829447,0.0
274835,2025-04-19T15:00:00.000000000,1.825,1.254,0.0,0.0,0.7092319898167778,0.0
274835,2025-04-19T16:00:00.000000000,2.0020000000000002,1.3599999999999999,0.0,0.0,0.32413660361047775,0.0
274835,2025-04-19T17:00:00.000000000,1.969,1.379,0.0,0.0,0.3352733042770222,0.0
274835,2025-04-19T18:00:00.000000000,1.7169999999999999,1.429,0.0,0.0,0.3241366036104778,0.0
274835,2025-04-19T19:00:00.000000000,1.894,1.434,0.0,0.0,1.2519996117757333,0.0
274835,2025-04-19T20:00:00.000000000,2.327,1.39,0.0,0.0,1.2103835198112778,0.0
274835,2025-04-19T21:00:00.000000000,2.232,1.4649999999999999,0.0,0.0,0.679045669589039,0.0
274835,2025-04-19T22:00:00.000000000,2.0,1.4929999999999999,0.0,0.0,0.0,0.0
274835,2025-04-19T23:00:00.000000000,1.928,1.611,0.0,0.0,0.3241366036104778,0.0
274835,2025-04-20T00:00:00.000000000,1.9649999999999999,1.688,0.0,0.0,0.3241366036104778,0.0
274835,2025-04-20T01:00:00.000000000,1.9369999999999998,1.662,0.0,0.0,0.0,0.0
274835,2025-04-20T02:00:00.000000000,1.949,1.674,0.0,0.0,0.3241366036104778,0.0
274835,2025-04-20T03:00:00.000000000,1.929,1.656,0.0,0.0,0.0,0.0
274835,2025-04-20T04:00:00.000000000,1.959,1.688,0.0,0.0,0.3241366036104778,0.0
274835,2025-04-20T05:00:00.000000000,1.952,1.6809999999999998,0.0,0.0,0.3241366036104778,0.0
274835,2025-04-20T06:00:00.000000000,1.838,1.571,0.0,0.0,0.0,0.0
274835,2025-04-20T07:00:00.000000000,1.904,1.405,0.0,0.0,0.3241366036104778,0.0
274835,2025-04-20T08:00:00.000000000,1.8059999999999998,1.232,0.0,0.0,0.3241366036104778,0.0
274835,2025-04-20T09:00:00.000000000,1.513,0.95,0.0,0.0,0.0,0.0
274835,2025-04-20T10:00:00.000000000,1.108,0.5559999999999999,0.0,0.0,0.3241366036104778,0.0
274835,2025-04-20T11:00:00.000000000,0.741,0.194,0.0,0.0,0.7065943501852278,0.0
274835,2025-04-20T12:00:00.000000000,0.5800000000000001,0.003,0.0,0.033,0.3352733042770222,0.0
274835,2025-04-20T13:00:00.000000000,0.569,0.0,0.0,0.10099999999999999,0.3469961470839111,0.0
274835,2025-04-20T14:00:00.000000000,0.775,0.0,0.0,0.226,2.446264222727539,0.0
274835,2025-04-20T15:00:00.000000000,0.7770000000000001,0.008,0.0,0.199,0.3241366036104778,0.0
274835,2025-04-20T16:00:00.000000000,0.82,0.037000000000000005,0.0,0.14200000000000002,0.2441282014534611,0.0
274835,2025-04-20T17:00:00.000000000,0.837,0.040999999999999995,0.0,0.10300000000000001,0.07971533108684445,0.0
274835,2025-04-20T18:00:00.000000000,0.928,0.089,0.0,0.038,1.3912083701075388,0.0
274835,2025-04-20T19:00:00.000000000,1.314,0.45199999999999996,0.0,0.0,0.32384353254030557,0.0
274835,2025-04-20T20:00:00.000000000,1.733,0.815,0.0,0.0,0.7760521938160445,0.0
274835,2025-04-20T21:00:00.000000000,1.822,1.056,0.0,0.0,0.3241366036104778,0.0
274835,2025-04-20T22:00:00.000000000,1.6700000000000002,1.162,0.0,0.0,1.3557467706167001,0.0
274835,2025-04-20T23:00:00.000000000,1.5819999999999999,1.2169999999999999,0.0,0.0,1.5541558851232944,0.0
274835,2025-04-21T00:00:00.000000000,1.5290000000000001,1.242,0.0,0.0,0.0,0.0
274835,2025-04-21T01:00:00.000000000,1.5470000000000002,1.278,0.0,0.0,1.167009001425789,0.0
274835,2025-04-21T02:00:00.000000000,1.5590000000000002,1.292,0.0,0.0,0.0,0.0
274835,2025-04-21T03:00:00.000000000,1.5690000000000002,1.303,0.0,0.0,0.3241366036104778,0.0
274835,2025-04-21T04:00:00.000000000,1.5830000000000002,1.316,0.0,0.0,0.0,0.0
274835,2025-04-21T05:00:00.000000000,1.6010000000000002,1.334,0.0,0.0,0.3241366036104778,0.0
274835,2025-04-21T06:00:00.000000000,1.5890000000000002,1.32,0.0,0.0,0.3241366036104778,0.0
274835,2025-04-21T07:00:00.000000000,1.738,1.237,0.0,0.0,0.0,0.0
274835,2025-04-21T08:00:00.000000000,1.72,1.1469999999999998,0.0,0.0,0.3241366036104778,0.0
274835,2025-04-21T09:00:00.000000000,1.436,1.0950000000000002,0.0,0.0,0.0,0.0
274835,2025-04-21T10:00:00.000000000,1.3030000000000002,1.045,0.0,0.0,0.3241366036104778,0.0
274835,2025-04-21T11:00:00.000000000,1.2269999999999999,0.971,0.0,0.0,0.6939922941678222,0.0
274835,2025-04-21T12:00:00.000000000,1.163,0.906,0.0,0.0,0.3241366036104778,0.0
274835,2025-04-21T13:00:00.000000000,1.19,0.934,0.0,0.0,0.3241366036104778,0.0
274835,2025-04-21T14:00:00.000000000,1.2950000000000002,1.038,0.0,0.0,0.0,0.0
274835,2025-04-21T15:00:00.000000000,1.435,1.173,0.0,0.0,0.3241366036104778,0.0
274835,2025-04-21T16:00:00.000000000,1.619,1.323,0.0,0.0,0.3241366036104778,0.0
274835,2025-04-21T17:00:00.000000000,1.6609999999999998,1.266,0.0,0.0,0.0,0.0
274835,2025-04-21T18:00:00.000000000,1.988,1.2209999999999999,0.0,0.0,0.3241366036104778,0.0
274835,2025-04-21T19:00:00.000000000,2.151,1.29,0.0,0.0,0.0,0.0
274835,2025-04-21T20:00:00.000000000,2.247,1.3310000000000002,0.0,0.0,0.3241366036104778,0.0
274835,2025-04-21T21:00:00.000000000,2.243,1.479,0.0,0.0,1.5321755548603777,0.0
274835,2025-04-21T22:00:00.000000000,1.9360000000000002,1.548,0.0,0.0,0.3469961470839111,0.0
274835,2025-04-21T23:00:00.000000000,1.8730000000000002,1.596,0.0,0.0,0.3241366036104778,0.0
274835,2025-04-22T00:00:00.000000000,1.883,1.6099999999999999,0.0,0.0,0.3241366036104778,0.0
274835,2025-04-22T01:00:00.000000000,1.896,1.6220000000000003,0.0,0.0,0.3241366036104778,0.0
274835,2025-04-22T02:00:00.000000000,1.888,1.617,0.0,0.0,0.0,0.0
274835,2025-04-22T03:00:00.000000000,1.904,1.633,0.0,0.0,0.3241366036104778,0.0
274835,2025-04-22T04:00:00.000000000,1.9289999999999998,1.657,0.0,0.0,0.0,0.0
274835,2025-04-22T05:00:00.000000000,1.964,1.532,0.0,0.0,0.3241366036104778,0.0
274835,2025-04-22T06:00:00.000000000,1.9289999999999998,1.381,0.0,0.0,0.3241366036104778,0.0
274835,2025-04-22T07:00:00.000000000,1.838,1.263,0.0,0.0,0.0,0.0
274835,2025-04-22T08:00:00.000000000,1.55,1.131,0.0,0.0,0.3241366036104778,0.0
274835,2025-04-22T09:00:00.000000000,1.2530000000000001,0.992,0.0,0.0,0.33849708604891665,0.0
274835,2025-04-22T10:00:00.000000000,1.117,0.86,0.0,0.0,0.6594099078875,0.0
274835,2025-04-22T11:00:00.000000000,1.064,0.8069999999999999,0.0,0.0,0.0,0.0
274835,2025-04-22T12:00:00.000000000,1.05,0.792,0.0,0.0,0.3241366036104778,0.0
274835,2025-04-22T13:00:00.000000000,1.074,0.817,0.0,0.0,0.3241366036104778,0.0
274835,2025-04-22T14:00:00.000000000,1.09,0.833,0.0,0.0,0.0,0.0
274835,2025-04-22T15:00:00.000000000,1.4129999999999998,0.843,0.0,0.0,0.3241366036104778,0.0
274835,2025-04-22T16:00:00.000000000,1.502,0.804,0.0,0.0,1.65907532824495,0.0
274835,2025-04-22T17:00:00.000000000,1.549,0.84,0.0,0.0,0.7763452648862167,0.0
274835,2025-04-22T18:00:00.000000000,1.672,0.836,0.0,0.0,2.457987065534428,0.0
274835,2025-04-22T19:00:00.000000000,2.004,1.143,0.0,0.0,0.33498023320685,0.0
274835,2025-04-22T20:00:00.000000000,2.105,1.19,0.0,0.0,0.69369922309765,0.0
274835,2025-04-22T21:00:00.000000000,2.035,1.271,0.0,0.0,0.3241366036104778,0.0
274835,2025-04-22T22:00:00.000000000,1.7040000000000002,1.318,0.0,0.0,0.0,0.0
274835,2025-04-22T23:00:00.000000000,1.613,1.3410000000000002,0.0,0.0,0.3241366036104778,0.0
274835,2025-04-23T00:00:00.000000000,1.64,1.369,0.0,0.0,0.3467030760137389,0.0
274835,2025-04-23T01:00:00.000000000,1.6789999999999998,1.4089999999999998,0.0,0.0,0.3241366036104778,0.0
274835,2025-04-23T02:00:00.000000000,1.7,1.432,0.0,0.0,0.0,0.0
274835,2025-04-23T03:00:00.000000000,1.712,1.445,0.0,0.0,0.3241366036104778,0.0
274835,2025-04-23T04:00:00.000000000,1.7109999999999999,1.4460000000000002,0.0,0.0,0.0,0.0
274835,2025-04-23T05:00:00.000000000,1.712,1.448,0.0,0.0,0.3241366036104778,0.0
274835,2025-04-23T06:00:00.000000000,1.8780000000000001,1.368,0.0,0.0,0.8522506720608223,0.0
274835,2025-04-23T07:00:00.000000000,1.839,1.21,0.0,0.0,1.5831699210703443,0.0
274835,2025-04-23T08:00:00.000000000,1.776,1.28,0.0,0.0,0.3241366036104778,0.0
274835,2025-04-23T09:00:00.000000000,1.706,1.219,0.0,0.0,0.3241366036104778,0.0
274835,2025-04-23T10:00:00.000000000,1.71,1.157,0.0,0.0,0.0,0.0
274835,2025-04-23T11:00:00.000000000,1.764,1.215,0.0,0.0,0.3352733042770222,0.0
274835,2025-04-23T12:00:00.000000000,1.666,1.262,0.0,0.0,0.3241366036104778,0.0
274835,2025-04-23T13:00:00.000000000,1.655,1.186,0.0,0.0,0.3241366036104778,0.0
274835,2025-04-23T14:00:00.000000000,1.613,1.0630000000000002,0.0,0.0,1.0981372999353167,0.0
274835,2025-04-23T15:00:00.000000000,1.536,0.966,0.0,0.0,0.7804482598686278,0.0
274835,2025-04-23T16:00:00.000000000,1.687,1.0430000000000001,0.0,0.0,0.24969655178673333,0.0
274835,2025-04-23T17:00:00.000000000,1.746,1.0510000000000002,0.0,0.0,0.6945784363081666,0.0
274835,2025-04-23T18:00:00.000000000,1.859,1.089,0.0,0.0,0.3467030760137389,0.0
274835,2025-04-23T19:00:00.000000000,1.991,1.128,0.0,0.0,0.3241366036104778,0.0
274835,2025-04-23T20:00:00.000000000,2.084,1.166,0.0,0.0,1.3006494094243224,0.0
274835,2025-04-23T21:00:00.000000000,1.987,1.221,0.0,0.0,1.8938252554529,0.0
274835,2025-04-23T22:00:00.000000000,1.714,1.247,0.0,0.0,0.33498023320684994,0.0
274835,2025-04-23T23:00:00.000000000,1.5790000000000002,1.306,0.0,0.0,0.0,0.0
274835,2025-04-24T00:00:00.000000000,1.6239999999999999,1.3519999999999999,0.0,0.0,0.3241366036104778,0.0
274835,2025-04-24T01:00:00.000000000,1.6889999999999998,1.42,0.0,0.0,0.3241366036104778,0.0
274835,2025-04-24T02:00:00.000000000,1.698,1.43,0.0,0.0,0.0,0.0
274835,2025-04-24T03:00:00.000000000,1.714,1.446,0.0,0.0,0.3241366036104778,0.0
274835,2025-04-24T04:00:00.000000000,1.731,1.4669999999999999,0.0,0.0,0.0,0.0
274835,2025-04-24T05:00:00.000000000,1.718,1.4549999999999998,0.0,0.0,0.3241366036104778,0.0
274835,2025-04-24T06:00:00.000000000,1.6489999999999998,1.383,0.0,0.0,0.3241366036104778,0.0
274835,2025-04-24T07:00:00.000000000,1.708,1.4409999999999998,0.0,0.0,0.0,0.0
274835,2025-04-24T08:00:00.000000000,1.8419999999999999,1.346,0.0,0.0,0.3241366036104778,0.0
274835,2025-04-24T09:00:00.000000000,1.705,1.142,0.0,0.0,0.3241366036104778,0.0
274835,2025-04-24T10:00:00.000000000,1.423,0.873,0.0,0.0,0.0,0.0
274835,2025-04-24T11:00:00.000000000,1.096,0.55,0.0,0.0,0.3241366036104778,0.0
274835,2025-04-24T12:00:00.000000000,0.8789999999999999,0.333,0.0,0.0,0.3467030760137389,0.0
274835,2025-04-24T13:00:00.000000000,0.7530000000000001,0.21299999999999997,0.0,0.0,0.3241366036104778,0.0
274835,2025-04-24T14:00:00.000000000,0.6890000000000001,0.21600000000000003,0.0,0.0,0.7329707465007278,0.0
274835,2025-04-24T15:00:00.000000000,0.5650000000000001,0.30500000000000005,0.0,0.0,0.3241366036104778,0.0
274835,2025-04-24T16:00:00.000000000,0.7899999999999999,0.496,0.0,0.0,0.04278837624514444,0.0
274835,2025-04-24T17:00:00.000000000,1.294,0.601,0.0,0.0,0.9984931360767612,0.0
274835,2025-04-24T18:00:00.000000000,1.521,0.7529999999999999,0.0,0.0,0.3241366036104778,0.0
274835,2025-04-24T19:00:00.000000000,1.757,0.894,0.0,0.0,0.0,0.0
274835,2025-04-24T20:00:00.000000000,1.9289999999999998,1.0110000000000001,0.0,0.0,0.3241366036104778,0.0
274835,2025-04-24T21:00:00.000000000,1.8900000000000001,1.123,0.0,0.0,0.3241366036104778,0.0
274835,2025-04-24T22:00:00.000000000,1.6680000000000001,1.161,0.0,0.0,0.0,0.0
274835,2025-04-24T23:00:00.000000000,1.647,1.22,0.0,0.0,0.46686221478435,0.0
274835,2025-04-25T00:00:00.000000000,2.103,1.629,0.0,0.0,2.4638484869378723,0.0
274835,2025-04-25T01:00:00.000000000,1.676,1.37,0.0,0.0,1.0178358267081278,0.0
274835,2025-04-25T02:00:00.000000000,1.694,1.426,0.0,0.0,0.7194894772728055,0.0
274835,2025-04-25T03:00:00.000000000,1.787,1.5150000000000001,0.0,0.0,0.3241366036104778,0.0
274835,2025-04-25T04:00:00.000000000,1.828,1.56,0.0,0.0,0.3241366036104778,0.0
274835,2025-04-25T05:00:00.000000000,1.763,1.499,0.0,0.0,0.0,0.0
274835,2025-04-25T06:00:00.000000000,1.801,1.31,0.0,0.0,0.6901823702555834,0.0
274835,2025-04-25T07:00:00.000000000,1.6669999999999998,1.093,0.0,0.0,1.4764920515276554,0.0
274835,2025-04-25T08:00:00.000000000,1.385,0.812,0.0,0.0,0.0,0.0
274835,2025-04-25T09:00:00.000000000,1.104,0.543,0.0,0.0,0.3241366036104778,0.0
274835,2025-04-25T10:00:00.000000000,1.008,0.45699999999999996,0.0,0.0,0.681683309220589,0.0
274835,2025-04-25T11:00:00.000000000,0.8809999999999999,0.406,0.0,0.0,0.3387901571190889,0.0
274835,2025-04-25T12:00:00.000000000,0.826,0.35400000000000004,0.0,0.0,0.3241366036104778,0.0
274835,2025-04-25T13:00:00.000000000,0.713,0.243,0.0,0.0,0.3241366036104778,0.0
274835,2025-04-25T14:00:00.000000000,0.41600000000000004,0.162,0.0,0.0,0.3241366036104778,0.0
274835,2025-04-25T15:00:00.000000000,0.506,0.245,0.0,0.0,0.34641000494356666,0.0
274835,2025-04-25T16:00:00.000000000,0.85,0.557,0.0,0.0,0.32384353254030557,0.0
274835,2025-04-25T17:00:00.000000000,1.0350000000000001,0.7479999999999999,0.0,0.0,0.35901206096097227,0.0
274835,2025-04-25T18:00:00.000000000,1.6,1.062,0.0,0.0,0.6740634613961111,0.0
274835,2025-04-25T19:00:00.000000000,2.2439999999999998,1.3780000000000001,0.0,0.0,1.09989572635635,0.0
274835,2025-04-25T20:00:00.000000000,2.294,1.375,0.0,0.0,0.0,0.0
274835,2025-04-25T21:00:00.000000000,2.251,1.4809999999999999,0.0,0.0,0.3241366036104778,0.0
274835,2025-04-25T22:00:00.000000000,2.279,1.7600000000000002,0.0,0.0,0.0,0.0
274835,2025-04-25T23:00:00.000000000,2.7769999999999997,2.373,0.0,0.0,1.0565212079708612,0.0
274835,2025-04-26T00:00:00.000000000,2.8859999999999997,2.542,0.0,0.0,0.34201393889098336,0.0
274835,2025-04-26T01:00:00.000000000,2.8539999999999996,2.541,0.0,0.0,0.3241366036104778,0.0
274835,2025-04-26T02:00:00.000000000,2.851,2.539,0.0,0.0,0.33498023320685,0.0
274835,2025-04-26T03:00:00.000000000,2.992,2.677,0.0,0.0,0.3241366036104778,0.0
274835,2025-04-26T04:00:00.000000000,3.229,2.911,0.0,0.0,0.0,0.0
274835,2025-04-26T05:00:00.000000000,3.5660000000000003,3.236,0.0,0.0,0.3241366036104778,0.0
274835,2025-04-26T06:00:00.000000000,3.6710000000000003,3.3360000000000003,0.0,0.0,0.3241366036104778,0.0
274835,2025-04-26T07:00:00.000000000,3.341,3.0149999999999997,0.0,0.0,0.0,0.0
274835,2025-04-26T08:00:00.000000000,3.225,2.904,0.0,0.0,0.3241366036104778,0.0
274835,2025-04-26T09:00:00.000000000,3.364,2.8240000000000003,0.0,0.0,0.0,0.0
274835,2025-04-26T10:00:00.000000000,3.114,2.66,0.0,0.0,0.3241366036104778,0.0
274835,2025-04-26T11:00:00.000000000,3.186,2.44,0.0,0.0,0.3273603853823722,0.0
274835,2025-04-26T12:00:00.000000000,3.4579999999999997,2.771,0.0,0.0,1.507264513895739,0.0
274835,2025-04-26T13:00:00.000000000,3.586,2.876,0.0,0.0,2.157003076467556,0.0
274835,2025-04-26T14:00:00.000000000,3.0,2.408,0.0,0.0,0.6737703903259389,0.0
274835,2025-04-26T15:00:00.000000000,3.1980000000000004,2.5810000000000004,0.0,0.0,0.33673865962788335,0.0
274835,2025-04-26T16:00:00.000000000,3.546,2.847,0.0,0.0,0.6558930550454334,0.0
274835,2025-04-26T17:00:00.000000000,3.421,2.676,0.0,0.0,0.3241366036104778,0.0
274835,2025-04-26T18:00:00.000000000,3.4,2.584,0.0,0.0,0.0,0.0
274835,2025-04-26T19:00:00.000000000,3.44,2.532,0.0,0.0,0.3241366036104778,0.0
274835,2025-04-26T20:00:00.000000000,3.432,2.4699999999999998,0.0,0.0,0.6482732072209556,0.0
274835,2025-04-26T21:00:00.000000000,3.0730000000000004,2.713,0.0,0.0,0.3467030760137389,0.0
274835,2025-04-26T22:00:00.000000000,3.076,2.735,0.0,0.0,0.3241366036104778,0.0
274835,2025-04-26T23:00:00.000000000,3.0309999999999997,2.707,0.0,0.0,0.0,0.0
274835,2025-04-27T00:00:00.000000000,3.091,2.768,0.0,0.0,0.3241366036104778,0.0
274835,2025-04-27T01:00:00.000000000,3.0060000000000002,2.689,0.0,0.0,0.3241366036104778,0.0
274835,2025-04-27T02:00:00.000000000,3.0709999999999997,2.7510000000000003,0.0,0.0,0.0,0.0
274835,2025-04-27T03:00:00.000000000,3.1700000000000004,2.848,0.0,0.0,0.3241366036104778,0.0
274835,2025-04-27T04:00:00.000000000,3.1630000000000003,2.843,0.0,0.0,0.3241366036104778,0.0
274835,2025-04-27T05:00:00.000000000,3.129,2.811,0.0,0.0,0.0,0.0
274835,2025-04-27T06:00:00.000000000,3.085,2.694,0.0,0.0,0.32442967468065,0.0
274835,2025-04-27T07:00:00.000000000,2.949,2.337,0.0,0.0,0.0,0.0
274835,2025-04-27T08:00:00.000000000,2.092,1.661,0.0,0.0,0.32442967468065,0.0
274835,2025-04-27T09:00:00.000000000,1.428,1.167,0.0,0.0,0.3241366036104778,0.0
274835,2025-04-27T10:00:00.000000000,1.162,0.9049999999999999,0.0,0.0,0.0,0.0
274835,2025-04-27T11:00:00.000000000,1.008,0.7510000000000001,0.0,0.0,0.3241366036104778,0.0
274835,2025-04-27T12:00:00.000000000,0.9249999999999999,0.669,0.0,0.0,0.3241366036104778,0.0
274835,2025-04-27T13:00:00.000000000,0.831,0.575,0.0,0.0,0.29629485194411664,0.0
274835,2025-04-27T14:00:00.000000000,0.933,0.45499999999999996,0.0,0.0,0.02784175166636111,0.0
274835,2025-04-27T15:00:00.000000000,0.903,0.335,0.0,0.0,0.3241366036104778,0.0
274835,2025-04-27T16:00:00.000000000,1.0350000000000001,0.39299999999999996,0.0,0.0,0.0,0.0
274835,2025-04-27T17:00:00.000000000,1.108,0.41400000000000003,0.0,0.0,0.3241366036104778,0.0
274835,2025-04-27T18:00:00.000000000,1.414,0.647,0.0,0.0,0.7218340458341834,0.0
274835,2025-04-27T19:00:00.000000000,1.8119999999999998,0.9480000000000001,0.0,0.0,1.5371577630533055,0.0
274835,2025-04-27T20:00:00.000000000,2.214,1.2919999999999998,0.0,0.0,0.6901823702555834,0.0
274835,2025-04-27T21:00:00.000000000,2.8930000000000002,2.095,0.0,0.0,0.7341430307814166,0.0
274835,2025-04-27T22:00:00.000000000,3.032,2.482,0.0,0.0,0.0,0.0
274835,2025-04-27T23:00:00.000000000,3.164,2.746,0.0,0.0,0.3241366036104778,0.0
274835,2025-04-28T00:00:00.000000000,3.314,2.9480000000000004,0.0,0.0,0.3241366036104778,0.0
274835,2025-04-28T01:00:00.000000000,3.396,3.0540000000000003,0.0,0.0,0.0,0.0
274835,2025-04-28T02:00:00.000000000,3.411,3.0780000000000003,0.0,0.0,0.3241366036104778,0.0
274835,2025-04-28T03:00:00.000000000,3.316,2.988,0.0,0.0,0.0,0.0
274835,2025-04-28T04:00:00.000000000,3.2699999999999996,2.944,0.0,0.0,0.3241366036104778,0.0
274835,2025-04-28T05:00:00.000000000,2.6799999999999997,2.377,0.0,0.0,1.1086878584615167,0.0
274835,2025-04-28T06:00:00.000000000,1.764,1.495,0.0,0.0,0.3241366036104778,0.0
274835,2025-04-28T07:00:00.000000000,1.489,1.221,0.0,0.0,0.0,0.0
274835,2025-04-28T08:00:00.000000000,1.187,0.923,0.0,0.0,0.3241366036104778,0.0
274835,2025-04-28T09:00:00.000000000,0.8219999999999998,0.5619999999999999,0.0,0.0,0.0,0.0
274835,2025-04-28T10:00:00.000000000,0.619,0.36200000000000004,0.0,0.0,0.3241366036104778,0.0
274835,2025-04-28T11:00:00.000000000,0.7239999999999999,0.21300000000000002,0.0,0.0,1.3803647405111668,0.0
274835,2025-04-28T12:00:00.000000000,0.871,0.32599999999999996,0.0,0.0,0.0,0.0
274835,2025-04-28T13:00:00.000000000,0.649,0.393,0.0,0.0,0.3241366036104778,0.0
274835,2025-04-28T14:00:00.000000000,0.798,0.25,0.0,0.0,0.0,0.0
274835,2025-04-28T15:00:00.000000000,0.645,0.15500000000000003,0.0,0.0,1.1283236201630555,0.0
274835,2025-04-28T16:00:00.000000000,0.6040000000000001,0.31,0.0,0.0,0.3241366036104778,0.0
274835,2025-04-28T17:00:00.000000000,0.7979999999999999,0.407,0.0,0.0,0.15796530682282778,0.0
274835,2025-04-28T18:00:00.000000000,1.29,0.506,0.0,0.0,1.3871053751251279,0.0
274835,2025-04-28T19:00:00.000000000,1.6189999999999998,0.681,0.0,0.0,0.5281140684503445,0.0
274835,2025-04-28T20:00:00.000000000,1.9769999999999999,0.959,0.0,0.0,0.43579668134609445,0.0
274835,2025-04-28T21:00:00.000000000,2.328,1.5110000000000001,0.0,0.0,2.3190713782727945,0.0
274835,2025-04-28T22:00:00.000000000,1.574,1.288,0.0,0.0,0.6831486645714501,0.0
274835,2025-04-28T23:00:00.000000000,2.086,1.7950000000000002,0.0,0.0,0.0,0.0
274835,2025-04-29T00:00:00.000000000,2.7670000000000003,2.4560000000000004,0.0,0.0,0.3241366036104778,0.0
274835,2025-04-29T01:00:00.000000000,3.071,2.751,0.0,0.0,0.3241366036104778,0.0
274835,2025-04-29T02:00:00.000000000,3.332,3.0060000000000002,0.0,0.0,0.3376178728384,0.0
274835,2025-04-29T03:00:00.000000000,3.5570000000000004,3.2200000000000006,0.0,0.0,1.5233834227552112,0.0
274835,2025-04-29T04:00:00.000000000,3.6610000000000005,3.291,0.0,0.0,0.0,0.0
274835,2025-04-29T05:00:00.000000000,3.557,3.1519999999999997,0.0,0.0,0.8522506720608223,0.0
274835,2025-04-29T06:00:00.000000000,2.266,1.634,0.0,0.0,0.8522506720608223,0.0
274835,2025-04-29T07:00:00.000000000,2.084,1.304,0.0,0.0,0.6769941720978333,0.0
274835,2025-04-29T08:00:00.000000000,1.6589999999999998,0.983,0.0,0.0,0.3625289138030389,0.0
274835,2025-04-29T09:00:00.000000000,1.698,0.98,0.0,0.0,2.902575878985689,0.0
274835,2025-04-29T10:00:00.000000000,0.839,0.582,0.0,0.0,0.3346871621366778,0.0
274835,2025-04-29T11:00:00.000000000,0.766,0.509,0.0,0.0,0.7725353409739778,0.0
274835,2025-04-29T12:00:00.000000000,0.622,0.366,0.0,0.0,0.3241366036104778,0.0
274835,2025-04-29T13:00:00.000000000,0.35700000000000004,0.101,0.0,0.0,0.3241366036104778,0.0
274835,2025-04-29T14:00:00.000000000,0.32199999999999995,0.0,0.0,0.066,0.3241366036104778,0.0
274835,2025-04-29T15:00:00.000000000,0.39899999999999997,0.0,0.0,0.14,0.0,0.0
274835,2025-04-29T16:00:00.000000000,0.419,0.0,0.0,0.126,0.32384353254030557,0.0
274835,2025-04-29T17:00:00.000000000,0.48300000000000004,0.0,0.0,0.09000000000000001,0.0,0.0
274835,2025-04-29T18:00:00.000000000,0.895,0.11900000000000001,0.0,0.011,0.32384353254030557,0.0
274835,2025-04-29T19:00:00.000000000,1.407,0.5469999999999999,0.0,0.0,0.3376178728384,0.0
274835,2025-04-29T20:00:00.000000000,1.838,1.2319999999999998,0.0,0.0,0.35989127417148886,0.0
274835,2025-04-29T21:00:00.000000000,2.25,1.9219999999999997,0.0,0.0,0.3241366036104778,0.0
274835,2025-04-29T22:00:00.000000000,2.629,2.307,0.0,0.0,0.3241366036104778,0.0
274835,2025-04-29T23:00:00.000000000,2.8609999999999998,2.544,0.0,0.0,0.0,0.0
274835,2025-04-30T00:00:00.000000000,2.933,2.6170000000000004,0.0,0.0,0.3241366036104778,0.0
274835,2025-04-30T01:00:00.000000000,3.015,2.696,0.0,0.0,0.3241366036104778,0.0
274835,2025-04-30T02:00:00.000000000,3.133,2.812,0.0,0.0,0.0,0.0
274835,2025-04-30T03:00:00.000000000,3.229,2.907,0.0,0.0,0.3241366036104778,0.0
274835,2025-04-30T04:00:00.000000000,2.3609999999999998,2.076,0.0,0.0,0.0,0.0
274835,2025-04-30T05:00:00.000000000,1.7750000000000001,1.456,0.0,0.0,0.3241366036104778,0.0
274835,2025-04-30T06:00:00.000000000,1.798,1.254,0.0,0.0,0.3241366036104778,0.0
274835,2025-04-30T07:00:00.000000000,1.4669999999999999,0.8939999999999999,0.0,0.0,0.0,0.0
274835,2025-04-30T08:00:00.000000000,0.802,0.538,0.0,0.0,0.32384353254030557,0.0
274835,2025-04-30T09:00:00.000000000,0.535,0.27499999999999997,0.0,0.0,0.0,0.0
274835,2025-04-30T10:00:00.000000000,0.481,0.07,0.0,0.007,0.3241366036104778,0.0
274835,2025-04-30T11:00:00.000000000,0.655,0.0,0.0,0.10900000000000001,0.33468716213667776,0.0
274835,2025-04-30T12:00:00.000000000,0.756,0.0,0.0,0.211,0.0,0.0
274835,2025-04-30T13:00:00.000000000,0.736,0.0,0.0,0.266,0.32384353254030557,0.0
274835,2025-04-30T14:00:00.000000000,0.75,0.0,0.0,0.31000000000000005,1.3800716694409945,0.0
274835,2025-04-30T15:00:00.000000000,0.853,0.0,0.0,0.28300000000000003,0.32384353254030557,0.0
274835,2025-04-30T16:00:00.000000000,0.884,0.0,0.0,0.242,0.3294118828735778,0.0
274835,2025-04-30T17:00:00.000000000,0.875,0.0,0.0,0.18100000000000002,0.0,0.0
274835,2025-04-30T18:00:00.000000000,0.354,0.036,0.0,0.032,1.0386438726903555,0.0
274835,2025-04-30T19:00:00.000000000,0.647,0.353,0.0,0.0,0.3713210459082055,0.0
274835,2025-04-30T20:00:00.000000000,1.082,0.7809999999999999,0.0,0.0,1.4805950465100666,0.0
274835,2025-04-30T21:00:00.000000000,1.436,1.127,0.0,0.0,0.33468716213667776,0.0
274835,2025-04-30T22:00:00.000000000,1.635,1.347,0.0,0.0,0.32384353254030557,0.0
274835,2025-04-30T23:00:00.000000000,2.2359999999999998,1.907,0.0,0.0,0.0,0.0
274835,2025-05-01T00:00:00.000000000,2.644,2.302,0.0,0.0,0.32413660361047775,0.0
274835,2025-05-01T01:00:00.000000000,3.0520000000000005,2.725,0.0,0.0,0.0,0.0
274835,2025-05-01T02:00:00.000000000,3.295,2.9739999999999998,0.0,0.0,0.3241366036104778,0.0
274835,2025-05-01T03:00:00.000000000,3.578,3.25,0.0,0.0,0.3241366036104778,0.0
274835,2025-05-01T04:00:00.000000000,3.7809999999999997,3.452,0.0,0.0,0.3584259188206278,0.0
274835,2025-05-01T05:00:00.000000000,3.6330000000000005,3.154,0.0,0.0,0.3241366036104778,0.0
274835,2025-05-01T06:00:00.000000000,2.407,1.831,0.0,0.0,2.1112839895206887,0.0
274835,2025-05-01T07:00:00.000000000,1.677,1.1139999999999999,0.0,0.0,0.3241366036104778,0.0
274835,2025-05-01T08:00:00.000000000,1.202,0.651,0.0,0.0,0.3241366036104778,0.0
274835,2025-05-01T09:00:00.000000000,0.796,0.253,0.0,0.0,0.0,0.0
274835,2025-05-01T10:00:00.000000000,0.587,0.041,0.0,0.013000000000000001,0.8141514329384334,0.0
274835,2025-05-01T11:00:00.000000000,0.626,0.0,0.0,0.097,0.9284491503056,0.0
274835,2025-05-01T12:00:00.000000000,0.687,0.0,0.0,0.15900000000000003,0.0,0.0
274835,2025-05-01T13:00:00.000000000,0.7129999999999999,0.0,0.0,0.191,0.32384353254030557,0.0
274835,2025-05-01T14:00:00.000000000,0.726,0.0,0.0,0.196,0.32384353254030557,0.0
274835,2025-05-01T15:00:00.000000000,0.6699999999999999,0.0,0.0,0.195,0.0,0.0
274835,2025-05-01T16:00:00.000000000,0.403,0.0,0.0,0.11,0.32384353254030557,0.0
274835,2025-05-01T17:00:00.000000000,0.423,0.0,0.0,0.033999999999999996,0.0,0.0
274835,2025-05-01T18:00:00.000000000,0.952,0.109,0.0,0.0,0.3343940910665056,0.0
274835,2025-05-01T19:00:00.000000000,1.503,0.583,0.0,0.0,2.4875872436218223,0.0
274835,2025-05-01T20:00:00.000000000,1.873,0.847,0.0,0.0,2.459745491955461,0.0
274835,2025-05-01T21:00:00.000000000,1.751,0.893,0.0,0.0,1.3882776594058168,0.0
274835,2025-05-01T22:00:00.000000000,1.267,0.8,0.0,0.0,0.32384353254030557,0.0
274835,2025-05-01T23:00:00.000000000,1.1110000000000002,0.838,0.0,0.0,0.0,0.0
274835,2025-05-02T00:00:00.000000000,1.108,0.838,0.0,0.0,0.32384353254030557,0.0
274835,2025-05-02T01:00:00.000000000,1.0910000000000002,0.8240000000000001,0.0,0.0,0.35813284775045556,0.0
274835,2025-05-02T02:00:00.000000000,1.0750000000000002,0.81,0.0,0.0,0.32384353254030557,0.0
274835,2025-05-02T03:00:00.000000000,1.1030000000000002,0.837,0.0,0.0,0.0,0.0
274835,2025-05-02T04:00:00.000000000,1.142,0.879,0.0,0.0,0.32384353254030557,0.0
274835,2025-05-02T05:00:00.000000000,1.158,0.894,0.0,0.0,0.32384353254030557,0.0
274835,2025-05-02T06:00:00.000000000,1.142,0.877,0.0,0.0,0.0,0.0
274835,2025-05-02T07:00:00.000000000,1.29,0.8010000000000002,0.0,0.0,0.32384353254030557,0.0
274835,2025-05-02T08:00:00.000000000,1.332,0.778,0.0,0.0,1.0582796343918943,0.0
274835,2025-05-02T09:00:00.000000000,1.293,0.75,0.0,0.0,0.6755288167469722,0.0
274835,2025-05-02T10:00:00.000000000,1.254,0.72,0.0,0.0,1.098430371005489,0.0
274835,2025-05-02T11:00:00.000000000,1.18,0.652,0.0,0.0,0.0,0.0
274835,2025-05-02T12:00:00.000000000,1.114,0.5870000000000001,0.0,0.0,0.6802179538697277,0.0
274835,2025-05-02T13:00:00.000000000,1.051,0.661,0.0,0.0,0.0,0.0
274835,2025-05-02T14:00:00.000000000,0.9249999999999999,0.668,0.0,0.0,1.0319032380763944,0.0
274835,2025-05-02T15:00:00.000000000,0.849,0.37,0.0,0.0,0.3343940910665056,0.0
274835,2025-05-02T16:00:00.000000000,0.679,0.055999999999999994,0.0,0.01,1.5673440832810446,0.0
274835,2025-05-02T17:00:00.000000000,0.7769999999999999,0.0,0.0,0.128,0.0,0.0
274835,2025-05-02T18:00:00.000000000,0.7789999999999999,0.0,0.0,0.07800000000000001,0.32384353254030557,0.0
274835,2025-05-02T19:00:00.000000000,0.988,0.202,0.0,0.0,0.6687881821330112,0.0
274835,2025-05-02T20:00:00.000000000,1.4929999999999999,0.627,0.0,0.0,0.0,0.0
274835,2025-05-02T21:00:00.000000000,1.775,1.023,0.0,0.0,0.32384353254030557,0.0
274835,2025-05-02T22:00:00.000000000,2.298,1.8889999999999998,0.0,0.0,0.0,0.0
274835,2025-05-02T23:00:00.000000000,2.645,2.335,0.0,0.0,0.32384353254030557,0.0
274835,2025-05-03T00:00:00.000000000,2.935,2.6189999999999998,0.0,0.0,0.0,0.0
274835,2025-05-03T01:00:00.000000000,3.1420000000000003,2.8209999999999997,0.0,0.0,0.32384353254030557,0.0
274835,2025-05-03T02:00:00.000000000,3.3600000000000003,3.0330000000000004,0.0,0.0,0.3241366036104778,0.0
274835,2025-05-03T03:00:00.000000000,3.4939999999999998,3.1670000000000003,0.0,0.0,0.0,0.0
274835,2025-05-03T04:00:00.000000000,3.728,3.396,0.0,0.0,0.3241366036104778,0.0
274835,2025-05-03T05:00:00.000000000,3.42,3.098,0.0,0.0,0.0,0.0
274835,2025-05-03T06:00:00.000000000,2.14,1.859,0.0,0.0,0.3241366036104778,0.0
274835,2025-05-03T07:00:00.000000000,1.7269999999999999,1.239,0.0,0.0,0.3241366036104778,0.0
274835,2025-05-03T08:00:00.000000000,1.344,0.789,0.0,0.0,0.0,0.0
274835,2025-05-03T09:00:00.000000000,0.76,0.22000000000000003,0.0,0.0,0.32384353254030557,0.0
274835,2025-05-03T10:00:00.000000000,0.6220000000000001,0.0,0.0,0.091,0.0,0.0
274835,2025-05-03T11:00:00.000000000,0.819,0.0,0.0,0.28900000000000003,0.32384353254030557,0.0
274835,2025-05-03T12:00:00.000000000,0.95,0.0,0.0,0.423,1.4791296911592056,0.0
274835,2025-05-03T13:00:00.000000000,0.8600000000000001,0.0,0.0,0.46900000000000003,0.3458238628032222,0.0
274835,2025-05-03T14:00:00.000000000,0.7329999999999999,0.0,0.0,0.477,0.32384353254030557,0.0
274835,2025-05-03T15:00:00.000000000,0.861,0.0,0.0,0.454,0.0,0.0
274835,2025-05-03T16:00:00.000000000,0.983,0.0,0.0,0.36800000000000005,1.0937412338827333,0.0
274835,2025-05-03T17:00:00.000000000,0.805,0.0,0.0,0.247,0.0,0.0
274835,2025-05-03T18:00:00.000000000,0.36,0.015,0.0,0.060000000000000005,0.3235504614701334,0.0
274835,2025-05-03T19:00:00.000000000,0.621,0.32699999999999996,0.0,0.0,0.3343940910665056,0.0
274835,2025-05-03T20:00:00.000000000,1.015,0.712,0.0,0.0,0.32384353254030557,0.0
274835,2025-05-03T21:00:00.000000000,1.317,1.009,0.0,0.0,0.0,0.0
274835,2025-05-03T22:00:00.000000000,1.4419999999999997,1.1540000000000001,0.0,0.0,0.32384353254030557,0.0
274835,2025-05-03T23:00:00.000000000,1.598,1.2710000000000001,0.0,0.0,1.2238647890392,0.0
274835,2025-05-04T00:00:00.000000000,1.635,1.327,0.0,0.0,0.14008797154232222,0.0
274835,2025-05-04T01:00:00.000000000,1.668,1.388,0.0,0.0,0.1834624899278111,0.0
274835,2025-05-04T02:00:00.000000000,1.7029999999999998,1.433,0.0,0.0,0.32384353254030557,0.0
274835,2025-05-04T03:00:00.000000000,1.692,1.425,0.0,0.0,0.0,0.0
274835,2025-05-04T04:00:00.000000000,1.718,1.385,0.0,0.0,0.85195760099065,0.0
274835,2025-05-04T05:00:00.000000000,1.4900000000000002,0.899,0.0,0.0,5.185013373486955,0.0
274835,2025-05-04T06:00:00.000000000,1.187,0.438,0.0,0.0,4.523845039178422,0.0
274835,2025-05-04T07:00:00.000000000,0.8659999999999999,0.118,0.0,0.005,2.8826470462139784,0.0
274835,2025-05-04T08:00:00.000000000,0.7869999999999999,0.218,0.0,0.0,2.804690141548167,0.0
274835,2025-05-04T09:00:00.000000000,0.756,0.0,0.0,0.054,2.4937417360954393,0.0
274835,2025-05-04T10:00:00.000000000,0.882,0.0,0.0,0.188,2.4702960504816613,0.0
274835,2025-05-04T11:00:00.000000000,0.898,0.0,0.0,0.344,0.6547207707647444,0.0
274835,2025-05-04T12:00:00.000000000,0.92,0.0,0.0,0.393,0.32384353254030557,0.0
274835,2025-05-04T13:00:00.000000000,0.934,0.0,0.0,0.41,0.32355046147013333,0.0
274835,2025-05-04T14:00:00.000000000,0.96,0.0,0.0,0.43,0.33791094390857224,0.0
274835,2025-05-04T15:00:00.000000000,0.9369999999999999,0.0,0.0,0.387,1.5907897688948223,0.0
274835,2025-05-04T16:00:00.000000000,0.8019999999999999,0.0,0.0,0.271,0.0,0.0
274835,2025-05-04T17:00:00.000000000,0.7969999999999999,0.0,0.0,0.148,0.3235504614701334,0.0
274835,2025-05-04T18:00:00.000000000,0.5619999999999999,0.067,0.0,0.009,0.3341010199963333,0.0
274835,2025-05-04T19:00:00.000000000,0.959,0.068,0.0,0.01,3.498096293575644,0.0
274835,2025-05-04T20:00:00.000000000,1.334,0.45399999999999996,0.0,0.0,0.4522086612757389,0.0
274835,2025-05-04T21:00:00.000000000,1.165,0.7130000000000001,0.0,0.0,0.3235504614701334,0.0
274835,2025-05-04T22:00:00.000000000,1.094,0.808,0.0,0.0,0.0,0.0
274835,2025-05-04T23:00:00.000000000,1.116,0.842,0.0,0.0,0.32384353254030557,0.0
274835,2025-05-05T00:00:00.000000000,1.1280000000000001,0.857,0.0,0.0,0.32384353254030557,0.0
274835,2025-05-05T01:00:00.000000000,1.1349999999999998,0.866,0.0,0.0,0.0,0.0
274835,2025-05-05T02:00:00.000000000,1.128,0.862,0.0,0.0,0.32384353254030557,0.0
274835,2025-05-05T03:00:00.000000000,1.1269999999999998,0.862,0.0,0.0,0.0,0.0
274835,2025-05-05T04:00:00.000000000,1.1289999999999998,0.864,0.0,0.0,0.32384353254030557,0.0
274835,2025-05-05T05:00:00.000000000,1.114,0.848,0.0,0.0,0.0,0.0
274835,2025-05-05T06:00:00.000000000,1.046,0.778,0.0,0.0,0.6840278777819667,0.0
274835,2025-05-05T07:00:00.000000000,1.195,0.634,0.0,0.0,0.7915849605351722,0.0
274835,2025-05-05T08:00:00.000000000,1.026,0.471,0.0,0.0,1.1353573258471887,0.0
274835,2025-05-05T09:00:00.000000000,0.752,0.21,0.0,0.0,0.0,0.0
274835,2025-05-05T10:00:00.000000000,0.5930000000000001,0.007,0.0,0.053000000000000005,0.32384353254030557,0.0
274835,2025-05-05T11:00:00.000000000,0.617,0.0,0.0,0.29300000000000004,0.7986186662193056,0.0
274835,2025-05-05T12:00:00.000000000,0.8049999999999999,0.0,0.0,0.549,0.7247647565359056,0.0
274835,2025-05-05T13:00:00.000000000,0.991,0.0,0.0,0.7329999999999999,0.3341010199963333,0.0
274835,2025-05-05T14:00:00.000000000,1.0070000000000001,0.0,0.0,0.7509999999999999,0.0,0.0
274835,2025-05-05T15:00:00.000000000,1.58,0.0,0.0,0.952,2.43454137992065,0.0
274835,2025-05-05T16:00:00.000000000,1.431,0.0,0.0,0.815,0.0,0.0
274835,2025-05-05T17:00:00.000000000,1.343,0.0,0.0,0.6920000000000001,0.3235504614701334,0.0
274835,2025-05-05T18:00:00.000000000,1.2189999999999999,0.0,0.0,0.518,0.3452377206628778,0.0
274835,2025-05-05T19:00:00.000000000,1.124,0.0,0.0,0.339,0.3235504614701334,0.0
274835,2025-05-05T20:00:00.000000000,1.0590000000000002,0.0,0.0,0.19799999999999998,0.3341010199963333,0.0
274835,2025-05-05T21:00:00.000000000,0.819,0.0,0.0,0.072,0.7077666344659167,0.0
274835,2025-05-05T22:00:00.000000000,0.538,0.028,0.0,0.008,0.0,0.0
274835,2025-05-05T23:00:00.000000000,0.561,0.196,0.0,0.0,0.3341010199963333,0.0
274835,2025-05-06T00:00:00.000000000,0.679,0.373,0.0,0.0,0.3235504614701334,0.0
274835,2025-05-06T01:00:00.000000000,0.8079999999999999,0.531,0.0,0.0,0.0,0.0
274835,2025-05-06T02:00:00.000000000,0.894,0.629,0.0,0.0,0.3235504614701334,0.0
274835,2025-05-06T03:00:00.000000000,0.95,0.683,0.0,0.0,0.0,0.0
274835,2025-05-06T04:00:00.000000000,0.949,0.685,0.0,0.0,0.3341010199963333,0.0
274835,2025-05-06T05:00:00.000000000,0.8360000000000001,0.5700000000000001,0.0,0.0,0.3235504614701334,0.0
274835,2025-05-06T06:00:00.000000000,0.6920000000000001,0.42399999999999993,0.0,0.0,0.0,0.0
274835,2025-05-06T07:00:00.000000000,0.44799999999999995,0.182,0.0,0.0,0.3235504614701334,0.0
274835,2025-05-06T08:00:00.000000000,0.29900000000000004,0.011,0.0,0.024,0.0,0.0
274835,2025-05-06T09:00:00.000000000,0.411,0.0,0.0,0.15100000000000002,0.3235504614701334,0.0
274835,2025-05-06T10:00:00.000000000,0.541,0.0,0.0,0.28400000000000003,0.0,0.0
274835,2025-05-06T11:00:00.000000000,0.673,0.0,0.0,0.417,0.3235504614701334,0.0
274835,2025-05-06T12:00:00.000000000,0.805,0.0,0.0,0.482,1.1494247372154556,0.0
274835,2025-05-06T13:00:00.000000000,1.0230000000000001,0.0,0.0,0.499,1.1429771736716667,0.0
274835,2025-05-06T14:00:00.000000000,0.9259999999999999,0.0,0.0,0.397,0.7030774973431612,0.0
274835,2025-05-06T15:00:00.000000000,0.817,0.0,0.0,0.268,0.6799248827995557,0.0
274835,2025-05-06T16:00:00.000000000,0.834,0.0,0.0,0.221,0.7977394530087889,0.0
274835,2025-05-06T17:00:00.000000000,0.9289999999999999,0.0,0.0,0.279,0.3235504614701334,0.0
274835,2025-05-06T18:00:00.000000000,0.9259999999999999,0.0,0.0,0.22599999999999998,0.0,0.0
274835,2025-05-06T19:00:00.000000000,0.887,0.0,0.0,0.102,0.33996244139977777,0.0
274835,2025-05-06T20:00:00.000000000,0.888,0.016,0.0,0.011,0.6898892991854112,0.0
274835,2025-05-06T21:00:00.000000000,0.95,0.202,0.0,0.0,1.0269210298834666,0.0
274835,2025-05-06T22:00:00.000000000,0.79,0.367,0.0,0.0,0.0,0.0
274835,2025-05-06T23:00:00.000000000,0.8119999999999999,0.542,0.0,0.0,0.3341010199963333,0.0
274835,2025-05-07T00:00:00.000000000,0.9309999999999999,0.6619999999999999,0.0,0.0,0.0,0.0
274835,2025-05-07T01:00:00.000000000,1.03,0.762,0.0,0.0,0.3235504614701334,0.0
274835,2025-05-07T02:00:00.000000000,1.09,0.823,0.0,0.0,0.3235504614701334,0.0
274835,2025-05-07T03:00:00.000000000,1.109,0.842,0.0,0.0,0.0,0.0
274835,2025-05-07T04:00:00.000000000,1.1070000000000002,0.844,0.0,0.0,0.3235504614701334,0.0
274835,2025-05-07T05:00:00.000000000,1.0190000000000001,0.756,0.0,0.0,0.0,0.0
274835,2025-05-07T06:00:00.000000000,0.8520000000000001,0.588,0.0,0.0,0.3235504614701334,0.0
274835,2025-05-07T07:00:00.000000000,0.589,0.251,0.0,0.0,0.0,0.0
274835,2025-05-07T08:00:00.000000000,0.47200000000000003,0.0,0.0,0.064,0.3235504614701334,0.0
274835,2025-05-07T09:00:00.000000000,0.869,0.0,0.0,0.327,0.0,0.0
274835,2025-05-07T10:00:00.000000000,1.159,0.0,0.0,0.627,0.3235504614701334,0.0
274835,2025-05-07T11:00:00.000000000,1.501,0.0,0.0,1.031,0.7968602397982721,0.0
274835,2025-05-07T12:00:00.000000000,2.003,0.0,0.0,1.456,0.7315053911498666,0.0
274835,2025-05-07T13:00:00.000000000,2.25,0.0,0.0,1.701,1.5523974587022613,0.0
274835,2025-05-07T14:00:00.000000000,2.4219999999999997,0.0,0.0,1.863,1.1374088233383945,0.0
274835,2025-05-07T15:00:00.000000000,2.447,0.0,0.0,1.869,0.34318622317167224,0.0
274835,2025-05-07T16:00:00.000000000,1.839,0.0,0.0,1.525,0.3335148778559889,0.0
274835,2025-05-07T17:00:00.000000000,1.368,0.0,0.0,1.0710000000000002,0.3446515785225333,0.0
274835,2025-05-07T18:00:00.000000000,1.555,0.0,0.0,0.8130000000000001,1.37948552730065,0.0
274835,2025-05-07T19:00:00.000000000,1.276,0.0,0.0,0.488,0.3232573903999611,0.0
274835,2025-05-07T20:00:00.000000000,1.187,0.0,0.0,0.323,0.0,0.0
274835,2025-05-07T21:00:00.000000000,0.857,0.0,0.0,0.206,0.3232573903999611,0.0
274835,2025-05-07T22:00:00.000000000,0.385,0.0,0.0,0.10099999999999999,0.3232573903999611,0.0
274835,2025-05-07T23:00:00.000000000,0.312,0.0,0.0,0.04,0.0,0.0
274835,2025-05-08T00:00:00.000000000,0.271,0.0,0.0,0.003,0.3232573903999611,0.0
274835,2025-05-08T01:00:00.000000000,0.281,0.015,0.0,0.0,0.0,0.0
274835,2025-05-08T02:00:00.000000000,0.312,0.045,0.0,0.0,0.3232573903999611,0.0
274835,2025-05-08T03:00:00.000000000,0.378,0.11399999999999999,0.0,0.0,0.0,0.0
274835,2025-05-08T04:00:00.000000000,0.46799999999999997,0.207,0.0,0.0,0.32325739039996115,0.0
274835,2025-05-08T05:00:00.000000000,0.41700000000000004,0.157,0.0,0.0,0.0,0.0
274835,2025-05-08T06:00:00.000000000,0.738,0.015,0.0,0.16899999999999998,2.43454137992065,0.0
274835,2025-05-08T07:00:00.000000000,1.082,0.0,0.0,0.42700000000000005,2.7900365880395555,0.0
274835,2025-05-08T08:00:00.000000000,1.514,0.0,0.0,0.8049999999999999,4.847102429578383,0.0
274835,2025-05-08T09:00:00.000000000,1.964,0.0,0.0,1.254,4.8734788258938835,0.0
274835,2025-05-08T10:00:00.000000000,1.783,0.0,0.0,1.2309999999999999,0.8396486160434167,0.0
274835,2025-05-08T11:00:00.000000000,2.112,0.0,0.0,1.5619999999999998,0.7754660516756999,0.0
274835,2025-05-08T12:00:00.000000000,2.0260000000000002,0.0,0.0,1.608,0.3446515785225333,0.0
274835,2025-05-08T13:00:00.000000000,1.889,0.0,0.0,1.348,0.3232573903999611,0.0
274835,2025-05-08T14:00:00.000000000,1.376,0.0,0.0,0.8430000000000001,0.3446515785225333,0.0
274835,2025-05-08T15:00:00.000000000,0.8520000000000001,0.0,0.0,0.522,0.3232573903999611,0.0
274835,2025-05-08T16:00:00.000000000,0.997,0.0,0.0,0.42000000000000004,1.4008797154232222,0.0
274835,2025-05-08T17:00:00.000000000,0.9339999999999999,0.0,0.0,0.28600000000000003,0.3232573903999611,0.0
274835,2025-05-08T18:00:00.000000000,0.878,0.0,0.0,0.17500000000000002,0.3364455885577111,0.0
274835,2025-05-08T19:00:00.000000000,0.842,0.0,0.0,0.05500000000000001,0.0,0.0
274835,2025-05-08T20:00:00.000000000,0.901,0.035,0.0,0.003,0.6465147807999222,0.0
274835,2025-05-08T21:00:00.000000000,0.658,0.20700000000000002,0.0,0.0,0.0,0.0
274835,2025-05-08T22:00:00.000000000,0.621,0.33699999999999997,0.0,0.0,0.3338079489261611,0.0
274835,2025-05-08T23:00:00.000000000,0.7110000000000001,0.44,0.0,0.0,0.3338079489261611,0.0
274835,2025-05-09T00:00:00.000000000,0.766,0.497,0.0,0.0,0.0,0.0
274835,2025-05-09T01:00:00.000000000,0.807,0.539,0.0,0.0,0.3232573903999611,0.0
274835,2025-05-09T02:00:00.000000000,0.836,0.5690000000000001,0.0,0.0,0.0,0.0
274835,2025-05-09T03:00:00.000000000,0.847,0.582,0.0,0.0,0.3232573903999611,0.0
274835,2025-05-09T04:00:00.000000000,0.866,0.605,0.0,0.0,0.0,0.0
274835,2025-05-09T05:00:00.000000000,0.7989999999999999,0.537,0.0,0.0,0.3232573903999611,0.0
274835,2025-05-09T06:00:00.000000000,0.831,0.34800000000000003,0.0,0.0,0.0,0.0
274835,2025-05-09T07:00:00.000000000,0.6689999999999999,0.18400000000000002,0.0,0.0,0.3232573903999611,0.0
274835,2025-05-09T08:00:00.000000000,0.32800000000000007,0.015,0.0,0.051000000000000004,0.0,0.0
274835,2025-05-09T09:00:00.000000000,0.85,0.0,0.0,0.38,0.3232573903999611,0.0
274835,2025-05-09T10:00:00.000000000,1.2610000000000001,0.0,0.0,0.727,0.7953948844474111,0.0
274835,2025-05-09T11:00:00.000000000,1.659,0.0,0.0,1.121,0.3446515785225333,0.0
274835,2025-05-09T12:00:00.000000000,1.9800000000000002,0.0,0.0,1.435,0.3335148778559889,0.0
274835,2025-05-09T13:00:00.000000000,2.3609999999999998,0.0,0.0,1.812,0.0,0.0
274835,2025-05-09T14:00:00.000000000,3.12,0.0,0.0,2.4749999999999996,2.43454137992065,0.0
274835,2025-05-09T15:00:00.000000000,2.258,0.0,0.0,1.682,0.8238227782541165,0.0
274835,2025-05-09T16:00:00.000000000,1.501,0.0,0.0,0.8599999999999999,0.5281140684503445,0.0
274835,2025-05-09T17:00:00.000000000,1.162,0.0,0.0,0.493,0.8724725759027057,0.0
274835,2025-05-09T18:00:00.000000000,0.899,0.0,0.0,0.196,0.3229643193297889,0.0
274835,2025-05-09T19:00:00.000000000,0.927,0.132,0.0,0.006,0.0,0.0
274835,2025-05-09T20:00:00.000000000,1.309,0.443,0.0,0.0,0.3335148778559889,0.0
274835,2025-05-09T21:00:00.000000000,1.46,0.7089999999999999,0.0,0.0,0.3335148778559889,0.0
274835,2025-05-09T22:00:00.000000000,1.31,0.883,0.0,0.0,0.3232573903999611,0.0
274835,2025-05-09T23:00:00.000000000,1.272,0.999,0.0,0.0,0.0,0.0
274835,2025-05-10T00:00:00.000000000,1.322,1.054,0.0,0.0,0.3232573903999611,0.0
274835,2025-05-10T01:00:00.000000000,1.372,1.104,0.0,0.0,0.0,0.0
274835,2025-05-10T02:00:00.000000000,1.408,1.14,0.0,0.0,0.3232573903999611,0.0
274835,2025-05-10T03:00:00.000000000,1.412,1.145,0.0,0.0,0.0,0.0
274835,2025-05-10T04:00:00.000000000,1.4209999999999998,1.158,0.0,0.0,0.3235504614701334,0.0
274835,2025-05-10T05:00:00.000000000,1.338,1.076,0.0,0.0,0.0,0.0
274835,2025-05-10T06:00:00.000000000,1.352,1.014,0.0,0.0,1.0708816904093,0.0
274835,2025-05-10T07:00:00.000000000,1.5299999999999998,0.97,0.0,0.0,1.1532346611276945,0.0
274835,2025-05-10T08:00:00.000000000,1.4929999999999999,0.938,0.0,0.0,0.7153864822903945,0.0
274835,2025-05-10T09:00:00.000000000,1.3800000000000001,0.8380000000000001,0.0,0.0,0.3232573903999611,0.0
274835,2025-05-10T10:00:00.000000000,1.263,0.73,0.0,0.0,0.0,0.0
274835,2025-05-10T11:00:00.000000000,1.246,0.7169999999999999,0.0,0.0,1.11044628488255,0.0
274835,2025-05-10T12:00:00.000000000,1.464,0.783,0.0,0.0,0.3323425935753,0.0
274835,2025-05-10T13:00:00.000000000,1.69,1.075,0.0,0.0,1.8914806868915224,0.0
274835,2025-05-10T14:00:00.000000000,1.974,1.294,0.0,0.0,2.6549308246901613,0.0
274835,2025-05-10T15:00:00.000000000,1.545,0.9229999999999999,0.0,0.0,2.434834450990822,0.0
274835,2025-05-10T16:00:00.000000000,1.767,1.1509999999999998,0.0,0.0,0.0,0.0
274835,2025-05-10T17:00:00.000000000,1.701,1.0499999999999998,0.0,0.0,0.3338079489261611,0.0
274835,2025-05-10T18:00:00.000000000,1.7249999999999999,1.021,0.0,0.0,0.3449446495927056,0.0
274835,2025-05-10T19:00:00.000000000,1.834,1.045,0.0,0.0,0.3235504614701334,0.0
274835,2025-05-10T20:00:00.000000000,1.763,1.0270000000000001,0.0,0.0,0.0,0.0
274835,2025-05-10T21:00:00.000000000,1.722,1.068,0.0,0.0,1.5424330423164054,0.0
274835,2025-05-10T22:00:00.000000000,1.395,1.108,0.0,0.0,0.0,0.0
274835,2025-05-10T23:00:00.000000000,1.424,1.1509999999999998,0.0,0.0,0.3235504614701334,0.0
274835,2025-05-11T00:00:00.000000000,1.4309999999999998,1.16,0.0,0.0,0.3235504614701334,0.0
274835,2025-05-11T01:00:00.000000000,1.4749999999999999,1.205,0.0,0.0,0.0,0.0
274835,2025-05-11T02:00:00.000000000,1.484,1.216,0.0,0.0,0.3235504614701334,0.0
274835,2025-05-11T03:00:00.000000000,1.489,1.222,0.0,0.0,0.0,0.0
274835,2025-05-11T04:00:00.000000000,1.498,1.234,0.0,0.0,0.3235504614701334,0.0
274835,2025-05-11T05:00:00.000000000,1.446,1.182,0.0,0.0,0.0,0.0
274835,2025-05-11T06:00:00.000000000,1.604,1.121,0.0,0.0,0.3235504614701334,0.0
274835,2025-05-11T07:00:00.000000000,1.6440000000000001,1.0830000000000002,0.0,0.0,1.1825417681449168,0.0
274835,2025-05-11T08:00:00.000000000,1.5300000000000002,0.976,0.0,0.0,0.685786304203,0.0
274835,2025-05-11T09:00:00.000000000,1.306,0.764,0.0,0.0,0.69369922309765,0.0
274835,2025-05-11T10:00:00.000000000,0.965,0.433,0.0,0.0,0.8393555449732444,0.0
274835,2025-05-11T11:00:00.000000000,0.49600000000000005,0.17099999999999999,0.0,0.0,0.3338079489261611,0.0
274835,2025-05-11T12:00:00.000000000,0.29500000000000004,0.004,0.0,0.036000000000000004,0.6796318117293834,0.0
274835,2025-05-11T13:00:00.000000000,0.36,0.0,0.0,0.104,0.0,0.0
274835,2025-05-11T14:00:00.000000000,0.647,0.0,0.0,0.118,0.3338079489261611,0.0
274835,2025-05-11T15:00:00.000000000,0.6819999999999999,0.0,0.0,0.115,0.8516645299204778,0.0
274835,2025-05-11T16:00:00.000000000,0.7170000000000001,0.0,0.0,0.08499999999999999,0.5281140684503445,0.0
274835,2025-05-11T17:00:00.000000000,0.7390000000000001,0.0,0.0,0.089,0.3449446495927056,0.0
274835,2025-05-11T18:00:00.000000000,0.7709999999999999,0.0,0.0,0.06999999999999999,0.3446515785225333,0.0
274835,2025-05-11T19:00:00.000000000,0.874,0.086,0.0,0.0,0.3235504614701334,0.0
274835,2025-05-11T20:00:00.000000000,1.249,0.384,0.0,0.0,0.3338079489261611,0.0
274835,2025-05-11T21:00:00.000000000,1.488,0.735,0.0,0.0,0.0,0.0
274835,2025-05-11T22:00:00.000000000,1.4049999999999998,1.018,0.0,0.0,0.3235504614701334,0.0
274835,2025-05-11T23:00:00.000000000,1.4969999999999999,1.224,0.0,0.0,0.0,0.0
274835,2025-05-12T00:00:00.000000000,1.631,1.359,0.0,0.0,0.7127488426588444,0.0
274835,2025-05-12T01:00:00.000000000,1.728,1.459,0.0,0.0,0.0,0.0
274835,2025-05-12T02:00:00.000000000,2.0700000000000003,1.7890000000000001,0.0,0.0,0.3235504614701334,0.0
274835,2025-05-12T03:00:00.000000000,2.9299999999999997,2.608,0.0,0.0,1.056521207970861,0.0
274835,2025-05-12T04:00:00.000000000,3.0709999999999997,2.7010000000000005,0.0,0.0,0.6998537155712667,0.0
274835,2025-05-12T05:00:00.000000000,2.452,1.988,0.0,0.0,2.0356716534162556,0.0
274835,2025-05-12T06:00:00.000000000,1.6400000000000001,1.04,0.0,0.0,0.6048986888354666,0.0
274835,2025-05-12T07:00:00.000000000,1.105,0.441,0.0,0.0,0.8510783877801333,0.0
274835,2025-05-12T08:00:00.000000000,0.77,0.097,0.0,0.052000000000000005,1.589031342473789,0.0
274835,2025-05-12T09:00:00.000000000,0.598,0.0,0.0,0.265,0.732091533290211,0.0
274835,2025-05-12T10:00:00.000000000,0.704,0.0,0.0,0.446,0.0,0.0
274835,2025-05-12T11:00:00.000000000,0.8010000000000002,0.0,0.0,0.543,0.3338079489261611,0.0
274835,2025-05-12T12:00:00.000000000,0.812,0.0,0.0,0.555,0.3235504614701334,0.0
274835,2025-05-12T13:00:00.000000000,0.746,0.0,0.0,0.489,0.3235504614701334,0.0
274835,2025-05-12T14:00:00.000000000,0.633,0.0,0.0,0.37700000000000006,0.0,0.0
274835,2025-05-12T15:00:00.000000000,0.524,0.0,0.0,0.264,0.3235504614701334,0.0
274835,2025-05-12T16:00:00.000000000,0.451,0.0,0.0,0.158,0.0,0.0
274835,2025-05-12T17:00:00.000000000,0.54,0.0,0.0,0.142,0.8516645299204778,0.0
274835,2025-05-12T18:00:00.000000000,0.9989999999999999,0.0,0.0,0.204,2.7141311808649498,0.0
274835,2025-05-12T19:00:00.000000000,0.8089999999999999,0.008,0.0,0.017,0.3235504614701334,0.0
274835,2025-05-12T20:00:00.000000000,1.006,0.145,0.0,0.0,0.0,0.0
274835,2025-05-12T21:00:00.000000000,1.092,0.34299999999999997,0.0,0.0,0.6802179538697279,0.0
274835,2025-05-12T22:00:00.000000000,0.977,0.473,0.0,0.0,0.0,0.0
274835,2025-05-12T23:00:00.000000000,0.9029999999999999,0.5900000000000001,0.0,0.0,0.3235504614701334,0.0
274835,2025-05-13T00:00:00.000000000,0.981,0.7129999999999999,0.0,0.0,0.0,0.0
274835,2025-05-13T01:00:00.000000000,1.1320000000000001,0.864,0.0,0.0,0.3235504614701334,0.0
274835,2025-05-13T02:00:00.000000000,1.2570000000000001,0.991,0.0,0.0,0.3235504614701334,0.0
274835,2025-05-13T03:00:00.000000000,1.347,1.082,0.0,0.0,0.0,0.0
274835,2025-05-13T04:00:00.000000000,1.346,1.08,0.0,0.0,0.32355046147013333,0.0
274835,2025-05-13T05:00:00.000000000,1.2770000000000001,1.009,0.0,0.0,0.0,0.0
274835,2025-05-13T06:00:00.000000000,1.182,0.9139999999999999,0.0,0.0,0.3235504614701334,0.0
274835,2025-05-13T07:00:00.000000000,1.0550000000000002,0.788,0.0,0.0,0.33703173069805553,0.0
274835,2025-05-13T08:00:00.000000000,1.141,0.66,0.0,0.0,1.5157635749307334,0.0
274835,2025-05-13T09:00:00.000000000,0.997,0.45399999999999996,0.0,0.0,0.3387901571190889,0.0
274835,2025-05-13T10:00:00.000000000,0.778,0.313,0.0,0.0,0.3235504614701334,0.0
274835,2025-05-13T11:00:00.000000000,0.511,0.255,0.0,0.0,0.3235504614701334,0.0
274835,2025-05-13T12:00:00.000000000,0.47,0.214,0.0,0.0,0.3446515785225333,0.0
274835,2025-05-13T13:00:00.000000000,0.477,0.221,0.0,0.0,0.3446515785225333,0.0
274835,2025-05-13T14:00:00.000000000,0.593,0.199,0.0,0.0,0.3235504614701334,0.0
274835,2025-05-13T15:00:00.000000000,0.772,0.222,0.0,0.0,0.0,0.0
274835,2025-05-13T16:00:00.000000000,0.971,0.356,0.0,0.0,0.3235504614701334,0.0
274835,2025-05-13T17:00:00.000000000,1.021,0.371,0.0,0.0,0.0,0.0
274835,2025-05-13T18:00:00.000000000,1.17,0.469,0.0,0.0,0.6901823702555834,0.0
274835,2025-05-13T19:00:00.000000000,1.38,0.594,0.0,0.0,1.0462637205148333,0.0
274835,2025-05-13T20:00:00.000000000,1.52,0.658,0.0,0.0,0.3338079489261611,0.0
274835,2025-05-13T21:00:00.000000000,1.4969999999999999,0.7470000000000001,0.0,0.0,0.33732480176822777,0.0
274835,2025-05-13T22:00:00.000000000,1.2719999999999998,0.808,0.0,0.0,0.7640362799389833,0.0
274835,2025-05-13T23:00:00.000000000,1.157,0.884,0.0,0.0,0.0,0.0
274835,2025-05-14T00:00:00.000000000,1.186,0.917,0.0,0.0,0.3235504614701334,0.0
274835,2025-05-14T01:00:00.000000000,1.214,0.946,0.0,0.0,0.3235504614701334,0.0
274835,2025-05-14T02:00:00.000000000,1.225,0.957,0.0,0.0,0.0,0.0
274835,2025-05-14T03:00:00.000000000,1.2389999999999999,0.966,0.0,0.0,0.3235504614701334,0.0
274835,2025-05-14T04:00:00.000000000,1.292,0.977,0.0,0.0,0.0,0.0
274835,2025-05-14T05:00:00.000000000,1.285,0.8480000000000001,0.0,0.0,0.32355046147013333,0.0
274835,2025-05-14T06:00:00.000000000,1.201,0.666,0.0,0.0,0.0,0.0
274835,2025-05-14T07:00:00.000000000,1.0150000000000001,0.45499999999999996,0.0,0.0,0.6784595274486944,0.0
274835,2025-05-14T08:00:00.000000000,0.7130000000000001,0.162,0.0,0.0,0.3235504614701334,0.0
274835,2025-05-14T09:00:00.000000000,0.6260000000000001,0.0,0.0,0.08399999999999999,0.0,0.0
274835,2025-05-14T10:00:00.000000000,0.854,0.0,0.0,0.321,0.3235504614701334,0.0
274835,2025-05-14T11:00:00.000000000,1.101,0.0,0.0,0.5710000000000001,0.3446515785225333,0.0
274835,2025-05-14T12:00:00.000000000,1.323,0.0,0.0,0.7909999999999999,0.0,0.0
274835,2025-05-14T13:00:00.000000000,1.492,0.0,0.0,0.957,0.6799248827995557,0.0
274835,2025-05-14T14:00:00.000000000,1.736,0.0,0.0,1.189,0.0,0.0
274835,2025-05-14T15:00:00.000000000,1.9089999999999998,0.0,0.0,1.337,0.3232573903999611,0.0
274835,2025-05-14T16:00:00.000000000,1.817,0.0,0.0,1.185,0.0,0.0
274835,2025-05-14T17:00:00.000000000,1.465,0.0,0.0,0.8099999999999999,0.3232573903999611,0.0
274835,2025-05-14T18:00:00.000000000,1.335,0.0,0.0,0.469,0.3267742432420278,0.0
274835,2025-05-14T19:00:00.000000000,1.075,0.0,0.0,0.194,1.3079761861786277,0.0
274835,2025-05-14T20:00:00.000000000,1.1079999999999999,0.08299999999999999,0.0,0.0,2.4729336901132113,0.0
274835,2025-05-14T21:00:00.000000000,1.143,0.28200000000000003,0.0,0.0,1.8047316501205444,0.0
274835,2025-05-14T22:00:00.000000000,0.792,0.367,0.0,0.0,0.32618810110168334,0.0
274835,2025-05-14T23:00:00.000000000,0.818,0.548,0.0,0.0,0.34435850745236113,0.0
274835,2025-05-15T00:00:00.000000000,0.964,0.696,0.0,0.0,0.3235504614701334,0.0
274835,2025-05-15T01:00:00.000000000,1.072,0.8039999999999999,0.0,0.0,0.0,0.0
274835,2025-05-15T02:00:00.000000000,1.167,0.901,0.0,0.0,0.3235504614701334,0.0
274835,2025-05-15T03:00:00.000000000,1.262,0.994,0.0,0.0,0.0,0.0
274835,2025-05-15T04:00:00.000000000,1.347,1.084,0.0,0.0,0.32355046147013333,0.0
274835,2025-05-15T05:00:00.000000000,1.2890000000000001,1.026,0.0,0.0,0.0,0.0
274835,2025-05-15T06:00:00.000000000,1.003,0.7380000000000001,0.0,0.0,0.3235504614701334,0.0
274835,2025-05-15T07:00:00.000000000,0.639,0.375,0.0,0.0,0.0,0.0
274835,2025-05-15T08:00:00.000000000,0.445,0.06799999999999999,0.0,0.026,0.8516645299204778,0.0
274835,2025-05-15T09:00:00.000000000,0.5609999999999999,0.0,0.0,0.17600000000000002,1.5831699210703443,0.0
274835,2025-05-15T10:00:00.000000000,0.515,0.0,0.0,0.259,0.3235504614701334,0.0
274835,2025-05-15T11:00:00.000000000,0.845,0.0,0.0,0.453,0.0,0.0
274835,2025-05-15T12:00:00.000000000,0.9490000000000001,0.0,0.0,0.557,0.6790456695890389,0.0
274835,2025-05-15T13:00:00.000000000,1.02,0.0,0.0,0.562,0.0,0.0
274835,2025-05-15T14:00:00.000000000,1.036,0.0,0.0,0.504,0.3232573903999611,0.0
274835,2025-05-15T15:00:00.000000000,0.947,0.0,0.0,0.399,1.5670510122108723,0.0
274835,2025-05-15T16:00:00.000000000,0.98,0.0,0.0,0.366,0.32325739039996115,0.0
274835,2025-05-15T17:00:00.000000000,0.962,0.0,0.0,0.312,0.34435850745236113,0.0
274835,2025-05-15T18:00:00.000000000,0.76,0.0,0.0,0.16599999999999998,0.34435850745236113,0.0
274835,2025-05-15T19:00:00.000000000,0.358,0.056,0.0,0.008,0.3232573903999611,0.0
274835,2025-05-15T20:00:00.000000000,0.6960000000000001,0.395,0.0,0.0,1.6567307596835723,0.0
274835,2025-05-15T21:00:00.000000000,1.515,0.7629999999999999,0.0,0.0,1.0782084671636056,0.0
274835,2025-05-15T22:00:00.000000000,1.4680000000000002,1.002,0.0,0.0,0.6664436135716334,0.0
274835,2025-05-15T23:00:00.000000000,1.3570000000000002,1.085,0.0,0.0,0.0,0.0
274835,2025-05-16T00:00:00.000000000,1.4209999999999998,1.151,0.0,0.0,0.3235504614701334,0.0
274835,2025-05-16T01:00:00.000000000,1.49,1.221,0.0,0.0,0.0,0.0
274835,2025-05-16T02:00:00.000000000,1.56,1.2930000000000001,0.0,0.0,0.3235504614701334,0.0
274835,2025-05-16T03:00:00.000000000,1.655,1.388,0.0,0.0,0.0,0.0
274835,2025-05-16T04:00:00.000000000,2.416,2.123,0.0,0.0,0.3235504614701334,0.0
274835,2025-05-16T05:00:00.000000000,2.132,1.698,0.0,0.0,0.0,0.0
274835,2025-05-16T06:00:00.000000000,1.543,1.006,0.0,0.0,0.32355046147013333,0.0
274835,2025-05-16T07:00:00.000000000,1.049,0.49000000000000005,0.0,0.0,0.0,0.0
274835,2025-05-16T08:00:00.000000000,0.634,0.07200000000000001,0.0,0.009,0.3235504614701334,0.0
274835,2025-05-16T09:00:00.000000000,0.675,0.0,0.0,0.134,0.0,0.0
274835,2025-05-16T10:00:00.000000000,0.8009999999999999,0.0,0.0,0.27,0.3235504614701334,0.0
274835,2025-05-16T11:00:00.000000000,0.9580000000000001,0.0,0.0,0.39099999999999996,1.37948552730065,0.0
274835,2025-05-16T12:00:00.000000000,0.903,0.0,0.0,0.375,0.0,0.0
274835,2025-05-16T13:00:00.000000000,0.93,0.0,0.0,0.40599999999999997,0.3232573903999611,0.0
274835,2025-05-16T14:00:00.000000000,0.9349999999999999,0.0,0.0,0.404,0.4079549296797333,0.0
274835,2025-05-16T15:00:00.000000000,0.9369999999999999,0.0,0.0,0.387,0.6406533593964778,0.0
274835,2025-05-16T16:00:00.000000000,1.076,0.0,0.0,0.40499999999999997,2.027172592381261,0.0
274835,2025-05-16T17:00:00.000000000,1.0350000000000001,0.0,0.0,0.36900000000000005,0.7757591227458722,0.0
274835,2025-05-16T18:00:00.000000000,0.9329999999999999,0.0,0.0,0.231,0.3335148778559889,0.0
274835,2025-05-16T19:00:00.000000000,0.843,0.0,0.0,0.055,0.0,0.0
274835,2025-05-16T20:00:00.000000000,1.048,0.184,0.0,0.0,0.3232573903999611,0.0
274835,2025-05-16T21:00:00.000000000,0.987,0.536,0.0,0.0,0.3335148778559889,0.0
274835,2025-05-16T22:00:00.000000000,1.064,0.777,0.0,0.0,0.0,0.0
274835,2025-05-16T23:00:00.000000000,1.216,0.9440000000000001,0.0,0.0,0.3232573903999611,0.0
274835,2025-05-17T00:00:00.000000000,1.315,1.0470000000000002,0.0,0.0,0.3235504614701334,0.0
274835,2025-05-17T01:00:00.000000000,1.324,1.056,0.0,0.0,0.0,0.0
274835,2025-05-17T02:00:00.000000000,1.311,1.044,0.0,0.0,0.3235504614701334,0.0
274835,2025-05-17T03:00:00.000000000,1.331,1.06,0.0,0.0,0.0,0.0
274835,2025-05-17T04:00:00.000000000,1.3699999999999999,1.056,0.0,0.0,0.3235504614701334,0.0
274835,2025-05-17T05:00:00.000000000,1.4309999999999998,0.994,0.0,0.0,0.0,0.0
274835,2025-05-17T06:00:00.000000000,1.279,0.7440000000000001,0.0,0.0,0.3235504614701334,0.0
274835,2025-05-17T07:00:00.000000000,0.99,0.431,0.0,0.0,0.6919407966766167,0.0
274835,2025-05-17T08:00:00.000000000,0.651,0.09499999999999999,0.0,0.002,0.0,0.0
274835,2025-05-17T09:00:00.000000000,0.6699999999999999,0.0,0.0,0.128,0.3235504614701334,0.0
274835,2025-05-17T10:00:00.000000000,0.791,0.0,0.0,0.327,0.0,0.0
274835,2025-05-17T11:00:00.000000000,0.7270000000000001,0.0,0.0,0.47,0.7625709245881221,0.0
274835,2025-05-17T12:00:00.000000000,1.064,0.0,0.0,0.5860000000000001,0.8513714588503056,0.0
274835,2025-05-17T13:00:00.000000000,1.294,0.0,0.0,0.674,2.7141311808649498,0.0
274835,2025-05-17T14:00:00.000000000,1.02,0.0,0.0,0.488,0.3335148778559889,0.0
274835,2025-05-17T15:00:00.000000000,1.0870000000000002,0.0,0.0,0.537,0.7619847824477778,0.0
274835,2025-05-17T16:00:00.000000000,1.164,0.0,0.0,0.548,1.0603311318831001,0.0
274835,2025-05-17T17:00:00.000000000,1.021,0.0,0.0,0.46399999999999997,0.3232573903999611,0.0
274835,2025-05-17T18:00:00.000000000,1.149,0.0,0.0,0.37399999999999994,2.1112839895206887,0.0
274835,2025-05-17T19:00:00.000000000,0.894,0.0,0.0,0.10600000000000001,0.3232573903999611,0.0
274835,2025-05-17T20:00:00.000000000,0.9369999999999999,0.069,0.0,0.004,0.0,0.0
274835,2025-05-17T21:00:00.000000000,1.08,0.328,0.0,0.0,0.3232573903999611,0.0
274835,2025-05-17T22:00:00.000000000,1.008,0.502,0.0,0.0,0.0,0.0
274835,2025-05-17T23:00:00.000000000,0.959,0.613,0.0,0.0,0.3232573903999611,0.0
274835,2025-05-18T00:00:00.000000000,0.917,0.647,0.0,0.0,0.0,0.0
274835,2025-05-18T01:00:00.000000000,0.903,0.634,0.0,0.0,0.3232573903999611,0.0
274835,2025-05-18T02:00:00.000000000,0.907,0.642,0.0,0.0,0.3232573903999611,0.0
274835,2025-05-18T03:00:00.000000000,0.929,0.662,0.0,0.0,0.0,0.0
274835,2025-05-18T04:00:00.000000000,0.921,0.657,0.0,0.0,0.3232573903999611,0.0
274835,2025-05-18T05:00:00.000000000,0.878,0.616,0.0,0.0,0.0,0.0
274835,2025-05-18T06:00:00.000000000,0.762,0.498,0.0,0.0,0.3235504614701334,0.0
274835,2025-05-18T07:00:00.000000000,0.588,0.323,0.0,0.0,0.0,0.0
274835,2025-05-18T08:00:00.000000000,0.5810000000000001,0.10300000000000001,0.0,0.0,0.3232573903999611,0.0
274835,2025-05-18T09:00:00.000000000,0.5830000000000001,0.0,0.0,0.042,0.0,0.0
274835,2025-05-18T10:00:00.000000000,0.666,0.0,0.0,0.135,0.3232573903999611,0.0
274835,2025-05-18T11:00:00.000000000,0.7359999999999999,0.0,0.0,0.189,0.5281140684503445,0.0
274835,2025-05-18T12:00:00.000000000,0.638,0.0,0.0,0.26,1.916391727856161,0.0
274835,2025-05-18T13:00:00.000000000,0.437,0.0,0.0,0.18100000000000002,0.3232573903999611,0.0
274835,2025-05-18T14:00:00.000000000,0.427,0.0,0.0,0.17099999999999999,0.3232573903999611,0.0
274835,2025-05-18T15:00:00.000000000,0.42,0.0,0.0,0.16,0.3232573903999611,0.0
274835,2025-05-18T16:00:00.000000000,0.431,0.0,0.0,0.138,0.0,0.0
274835,2025-05-18T17:00:00.000000000,0.605,0.0,0.0,0.131,0.3232573903999611,0.0
274835,2025-05-18T18:00:00.000000000,0.754,0.0,0.0,0.053000000000000005,0.0,0.0
274835,2025-05-18T19:00:00.000000000,0.868,0.079,0.0,0.0,0.32325739039996115,0.0
274835,2025-05-18T20:00:00.000000000,1.046,0.183,0.0,0.0,0.33673865962788335,0.0
274835,2025-05-18T21:00:00.000000000,0.9530000000000001,0.30100000000000005,0.0,0.0,0.3552021370487333,0.0
274835,2025-05-18T22:00:00.000000000,0.692,0.407,0.0,0.0,0.3440654363821889,0.0
274835,2025-05-18T23:00:00.000000000,0.704,0.433,0.0,0.0,0.3440654363821889,0.0
274835,2025-05-19T00:00:00.000000000,0.74,0.472,0.0,0.0,0.3232573903999611,0.0
274835,2025-05-19T01:00:00.000000000,0.744,0.478,0.0,0.0,0.3232573903999611,0.0
274835,2025-05-19T02:00:00.000000000,0.708,0.443,0.0,0.0,0.0,0.0
274835,2025-05-19T03:00:00.000000000,0.7409999999999999,0.474,0.0,0.0,0.3232573903999611,0.0
274835,2025-05-19T04:00:00.000000000,0.883,0.618,0.0,0.0,0.0,0.0
274835,2025-05-19T05:00:00.000000000,1.025,0.76,0.0,0.0,0.3235504614701334,0.0
274835,2025-05-19T06:00:00.000000000,1.254,0.987,0.0,0.0,0.0,0.0
274835,2025-05-19T07:00:00.000000000,1.4269999999999998,1.159,0.0,0.0,0.7039567105536779,0.0
274835,2025-05-19T08:00:00.000000000,1.471,1.205,0.0,0.0,0.3235504614701334,0.0
274835,2025-05-19T09:00:00.000000000,1.422,1.161,0.0,0.0,0.0,0.0
274835,2025-05-19T10:00:00.000000000,1.385,1.127,0.0,0.0,0.32325739039996115,0.0
274835,2025-05-19T11:00:00.000000000,1.4939999999999998,1.169,0.0,0.0,0.0,0.0
274835,2025-05-19T12:00:00.000000000,1.359,1.103,0.0,0.0,0.3235504614701334,0.0
274835,2025-05-19T13:00:00.000000000,1.246,0.989,0.0,0.0,0.3235504614701334,0.0
274835,2025-05-19T14:00:00.000000000,1.2109999999999999,0.955,0.0,0.0,0.0,0.0
274835,2025-05-19T15:00:00.000000000,1.238,0.976,0.0,0.0,0.3235504614701334,0.0
274835,2025-05-19T16:00:00.000000000,1.4260000000000002,1.1309999999999998,0.0,0.0,0.0,0.0
274835,2025-05-19T17:00:00.000000000,1.5139999999999998,1.1159999999999999,0.0,0.0,0.8516645299204779,0.0
274835,2025-05-19T18:00:00.000000000,1.617,0.788,0.0,0.0,3.769480104555122,0.0
274835,2025-05-19T19:00:00.000000000,1.9060000000000001,1.118,0.0,0.0,0.7168518376412556,0.0
274835,2025-05-19T20:00:00.000000000,2.0589999999999997,1.195,0.0,0.0,0.3235504614701334,0.0
274835,2025-05-19T21:00:00.000000000,1.756,1.3050000000000002,0.0,0.0,1.1306681887244332,0.0
274835,2025-05-19T22:00:00.000000000,1.586,1.3,0.0,0.0,0.0,0.0
274835,2025-05-19T23:00:00.000000000,1.5770000000000002,1.304,0.0,0.0,0.3235504614701334,0.0
274835,2025-05-20T00:00:00.000000000,1.56,1.2890000000000001,0.0,0.0,0.34435850745236113,0.0
274835,2025-05-20T01:00:00.000000000,1.546,1.2770000000000001,0.0,0.0,0.3235504614701334,0.0
274835,2025-05-20T02:00:00.000000000,1.539,1.272,0.0,0.0,0.3235504614701334,0.0
274835,2025-05-20T03:00:00.000000000,1.4929999999999999,1.228,0.0,0.0,0.0,0.0
274835,2025-05-20T04:00:00.000000000,1.484,1.2189999999999999,0.0,0.0,0.3235504614701334,0.0
274835,2025-05-20T05:00:00.000000000,1.503,1.184,0.0,0.0,0.35021992885580555,0.0
274835,2025-05-20T06:00:00.000000000,1.69,1.15,0.0,0.0,1.4029312129144278,0.0
274835,2025-05-20T07:00:00.000000000,1.4669999999999999,1.126,0.0,0.0,0.7124557715886723,0.0
274835,2025-05-20T08:00:00.000000000,1.161,0.897,0.0,0.0,0.0,0.0
274835,2025-05-20T09:00:00.000000000,0.831,0.5,0.0,0.0,0.3235504614701334,0.0
274835,2025-05-20T10:00:00.000000000,0.729,0.159,0.0,0.009,0.8516645299204778,0.0
274835,2025-05-20T11:00:00.000000000,0.7210000000000001,0.018,0.0,0.015,0.5281140684503445,0.0
274835,2025-05-20T12:00:00.000000000,0.8140000000000001,0.292,0.0,0.0,2.069081755415889,0.0
274835,2025-05-20T13:00:00.000000000,0.7170000000000001,0.301,0.0,0.0,2.459452420885289,0.0
274835,2025-05-20T14:00:00.000000000,0.802,0.386,0.0,0.0,2.8592013606002,0.0
274835,2025-05-20T15:00:00.000000000,0.877,0.36599999999999994,0.0,0.0,2.1209553348363723,0.0
274835,2025-05-20T16:00:00.000000000,0.952,0.34,0.0,0.0,0.0,0.0
274835,2025-05-20T17:00:00.000000000,1.0750000000000002,0.426,0.0,0.0,0.3235504614701334,0.0
274835,2025-05-20T18:00:00.000000000,1.254,0.553,0.0,0.0,0.0,0.0
274835,2025-05-20T19:00:00.000000000,1.48,0.6930000000000001,0.0,0.0,0.3335148778559889,0.0
274835,2025-05-20T20:00:00.000000000,1.68,0.818,0.0,0.0,0.3335148778559889,0.0
274835,2025-05-20T21:00:00.000000000,1.694,0.944,0.0,0.0,0.32413660361047775,0.0
274835,2025-05-20T22:00:00.000000000,1.4929999999999999,0.987,0.0,0.0,0.0,0.0
274835,2025-05-20T23:00:00.000000000,1.368,1.0550000000000002,0.0,0.0,0.3235504614701334,0.0
274835,2025-05-21T00:00:00.000000000,1.371,1.1,0.0,0.0,0.7898265341141388,0.0
274835,2025-05-21T01:00:00.000000000,1.387,1.1190000000000002,0.0,0.0,0.3335148778559889,0.0
274835,2025-05-21T02:00:00.000000000,1.4,1.133,0.0,0.0,0.0,0.0
274835,2025-05-21T03:00:00.000000000,1.41,1.144,0.0,0.0,0.3235504614701334,0.0
274835,2025-05-21T04:00:00.000000000,1.444,1.131,0.0,0.0,0.0,0.0
274835,2025-05-21T05:00:00.000000000,1.522,1.085,0.0,0.0,0.6799248827995557,0.0
274835,2025-05-21T06:00:00.000000000,1.553,1.017,0.0,0.0,0.7203686904833222,0.0
274835,2025-05-21T07:00:00.000000000,1.448,0.8889999999999999,0.0,0.0,0.32384353254030557,0.0
274835,2025-05-21T08:00:00.000000000,1.197,0.644,0.0,0.0,0.3235504614701334,0.0
274835,2025-05-21T09:00:00.000000000,0.8799999999999999,0.338,0.0,0.0,0.34435850745236113,0.0
274835,2025-05-21T10:00:00.000000000,0.738,0.095,0.0,0.0,0.6893031570450667,0.0
274835,2025-05-21T11:00:00.000000000,0.641,0.024,0.0,0.01,0.8279257732365277,0.0
274835,2025-05-21T12:00:00.000000000,0.584,0.0,0.0,0.058,0.32999802501392217,0.0
274835,2025-05-21T13:00:00.000000000,0.594,0.0,0.0,0.07200000000000001,0.32765345645254446,0.0
274835,2025-05-21T14:00:00.000000000,0.581,0.0,0.0,0.052,0.3279465275227167,0.0
274835,2025-05-21T15:00:00.000000000,0.569,0.0,0.0,0.022000000000000002,0.3335148778559889,0.0
274835,2025-05-21T16:00:00.000000000,0.46699999999999997,0.097,0.0,0.004,0.0,0.0
274835,2025-05-21T17:00:00.000000000,0.37,0.084,0.0,0.0,0.3440654363821889,0.0
274835,2025-05-21T18:00:00.000000000,0.637,0.135,0.0,0.0,0.3235504614701334,0.0
274835,2025-05-21T19:00:00.000000000,1.07,0.28200000000000003,0.0,0.0,0.3235504614701334,0.0
274835,2025-05-21T20:00:00.000000000,1.3880000000000001,0.524,0.0,0.0,0.0,0.0
274835,2025-05-21T21:00:00.000000000,1.484,0.732,0.0,0.0,0.3235504614701334,0.0
274835,2025-05-21T22:00:00.000000000,1.295,0.828,0.0,0.0,0.3440654363821889,0.0
274835,2025-05-21T23:00:00.000000000,1.2009999999999998,0.93,0.0,0.0,0.3235504614701334,0.0
274835,2025-05-22T00:00:00.000000000,1.2469999999999999,0.978,0.0,0.0,0.0,0.0
274835,2025-05-22T01:00:00.000000000,1.278,1.01,0.0,0.0,0.3235504614701334,0.0
274835,2025-05-22T02:00:00.000000000,1.298,1.03,0.0,0.0,0.0,0.0
274835,2025-05-22T03:00:00.000000000,1.311,1.044,0.0,0.0,0.3235504614701334,0.0
274835,2025-05-22T04:00:00.000000000,1.324,1.045,0.0,0.0,0.0,0.0
274835,2025-05-22T05:00:00.000000000,1.389,0.953,0.0,0.0,0.3235504614701334,0.0
274835,2025-05-22T06:00:00.000000000,1.343,0.808,0.0,0.0,0.0,0.0
274835,2025-05-22T07:00:00.000000000,1.142,0.581,0.0,0.0,0.6793387406592112,0.0
274835,2025-05-22T08:00:00.000000000,0.8979999999999999,0.346,0.0,0.0,1.1980745348640445,0.0
274835,2025-05-22T09:00:00.000000000,0.501,0.17,0.0,0.0,0.3335148778559889,0.0
274835,2025-05-22T10:00:00.000000000,0.5640000000000001,0.032,0.0,0.0,0.0,0.0
274835,2025-05-22T11:00:00.000000000,0.53,0.0,0.0,0.003,0.3235504614701334,0.0
274835,2025-05-22T12:00:00.000000000,0.545,0.0,0.0,0.019,0.3235504614701334,0.0
274835,2025-05-22T13:00:00.000000000,0.567,0.0,0.0,0.045,0.0,0.0
274835,2025-05-22T14:00:00.000000000,0.6199999999999999,0.0,0.0,0.07200000000000001,0.8566467381134056,0.0
274835,2025-05-22T15:00:00.000000000,0.621,0.0,0.0,0.055999999999999994,0.8616289463063334,0.0
274835,2025-05-22T16:00:00.000000000,0.7190000000000001,0.10500000000000001,0.0,0.002,0.3235504614701334,0.0
274835,2025-05-22T17:00:00.000000000,0.7849999999999999,0.134,0.0,0.0,0.0,0.0
274835,2025-05-22T18:00:00.000000000,0.943,0.24,0.0,0.0,0.3235504614701334,0.0
274835,2025-05-22T19:00:00.000000000,1.216,0.428,0.0,0.0,0.3235504614701334,0.0
274835,2025-05-22T20:00:00.000000000,1.487,0.623,0.0,0.0,0.0,0.0
274835,2025-05-22T21:00:00.000000000,1.563,0.8109999999999999,0.0,0.0,0.6643921160804278,0.0
274835,2025-05-22T22:00:00.000000000,1.361,0.895,0.0,0.0,0.0,0.0
274835,2025-05-22T23:00:00.000000000,1.256,0.982,0.0,0.0,0.3335148778559889,0.0
274835,2025-05-23T00:00:00.000000000,1.28,1.0110000000000001,0.0,0.0,0.3235504614701334,0.0
274835,2025-05-23T01:00:00.000000000,1.32,1.0510000000000002,0.0,0.0,0.0,0.0
274835,2025-05-23T02:00:00.000000000,1.318,1.05,0.0,0.0,0.3235504614701334,0.0
274835,2025-05-23T03:00:00.000000000,1.344,1.08,0.0,0.0,0.0,0.0
274835,2025-05-23T04:00:00.000000000,1.346,1.082,0.0,0.0,0.3235504614701334,0.0
274835,2025-05-23T05:00:00.000000000,1.286,1.0230000000000001,0.0,0.0,0.20251210948900555,0.0
274835,2025-05-23T06:00:00.000000000,1.182,0.9159999999999999,0.0,0.0,0.12103835198112778,0.0
274835,2025-05-23T07:00:00.000000000,1.169,0.8300000000000001,0.0,0.0,0.6693743242733555,0.0
274835,2025-05-23T08:00:00.000000000,1.1280000000000001,0.574,0.0,0.0,0.7965671687281001,0.0
274835,2025-05-23T09:00:00.000000000,0.7830000000000001,0.24200000000000002,0.0,0.0,0.0,0.0
274835,2025-05-23T10:00:00.000000000,0.5760000000000001,0.022,0.0,0.024,0.3235504614701334,0.0
274835,2025-05-23T11:00:00.000000000,0.7,0.0,0.0,0.171,0.3440654363821889,0.0
274835,2025-05-23T12:00:00.000000000,0.816,0.0,0.0,0.28900000000000003,0.6875447306240333,0.0
274835,2025-05-23T13:00:00.000000000,0.864,0.0,0.0,0.33999999999999997,0.0,0.0
274835,2025-05-23T14:00:00.000000000,0.871,0.0,0.0,0.341,0.3235504614701334,0.0
274835,2025-05-23T15:00:00.000000000,0.9949999999999999,0.0,0.0,0.374,2.4785020404464833,0.0
274835,2025-05-23T16:00:00.000000000,0.6729999999999999,0.0,0.0,0.22299999999999998,0.6667366846418056,0.0
274835,2025-05-23T17:00:00.000000000,0.815,0.0,0.0,0.165,0.3552021370487333,0.0
274835,2025-05-23T18:00:00.000000000,0.328,0.008,0.0,0.034,0.3235504614701334,0.0
274835,2025-05-23T19:00:00.000000000,0.79,0.10900000000000001,0.0,0.0,0.3235504614701334,0.0
274835,2025-05-23T20:00:00.000000000,1.154,0.28800000000000003,0.0,0.0,0.0,0.0
274835,2025-05-23T21:00:00.000000000,1.258,0.507,0.0,0.0,0.3235504614701334,0.0
274835,2025-05-23T22:00:00.000000000,1.036,0.6499999999999999,0.0,0.0,0.3235504614701334,0.0
274835,2025-05-23T23:00:00.000000000,1.0230000000000001,0.7529999999999999,0.0,0.0,0.0,0.0
274835,2025-05-24T00:00:00.000000000,1.0590000000000002,0.7910000000000001,0.0,0.0,0.3235504614701334,0.0
274835,2025-05-24T01:00:00.000000000,1.088,0.82,0.0,0.0,0.0,0.0
274835,2025-05-24T02:00:00.000000000,1.1030000000000002,0.837,0.0,0.0,0.3235504614701334,0.0
274835,2025-05-24T03:00:00.000000000,1.114,0.848,0.0,0.0,0.0,0.0
274835,2025-05-24T04:00:00.000000000,1.1110000000000002,0.846,0.0,0.0,0.3235504614701334,0.0
274835,2025-05-24T05:00:00.000000000,1.08,0.817,0.0,0.0,0.0,0.0
274835,2025-05-24T06:00:00.000000000,1.2080000000000002,0.726,0.0,0.0,0.32355046147013333,0.0
274835,2025-05-24T07:00:00.000000000,1.214,0.654,0.0,0.0,0.0,0.0
274835,2025-05-24T08:00:00.000000000,1.1929999999999998,0.641,0.0,0.0,0.3235504614701334,0.0
274835,2025-05-24T09:00:00.000000000,0.973,0.64,0.0,0.0,0.3235504614701334,0.0
274835,2025-05-24T10:00:00.000000000,0.891,0.634,0.0,0.0,0.0,0.0
274835,2025-05-24T11:00:00.000000000,0.986,0.525,0.0,0.0,0.3335148778559889,0.0
274835,2025-05-24T12:00:00.000000000,0.843,0.315,0.0,0.0,0.0,0.0
274835,2025-05-24T13:00:00.000000000,0.7610000000000001,0.238,0.0,0.0,0.3235504614701334,0.0
274835,2025-05-24T14:00:00.000000000,0.619,0.08199999999999999,0.0,0.008,0.3235504614701334,0.0
274835,2025-05-24T15:00:00.000000000,0.6910000000000001,0.0,0.0,0.143,0.3235504614701334,0.0
274835,2025-05-24T16:00:00.000000000,0.915,0.0,0.0,0.30200000000000005,0.3235504614701334,0.0
274835,2025-05-24T17:00:00.000000000,0.975,0.0,0.0,0.324,0.0,0.0
274835,2025-05-24T18:00:00.000000000,0.813,0.0,0.0,0.219,0.32618810110168334,0.0
274835,2025-05-24T19:00:00.000000000,0.34299999999999997,0.018,0.0,0.032,0.3332218067858167,0.0
274835,2025-05-24T20:00:00.000000000,0.514,0.21300000000000002,0.0,0.0,0.3235504614701334,0.0
274835,2025-05-24T21:00:00.000000000,0.816,0.508,0.0,0.0,0.3235504614701334,0.0
274835,2025-05-24T22:00:00.000000000,0.962,0.6759999999999999,0.0,0.0,0.3235504614701334,0.0
274835,2025-05-24T23:00:00.000000000,1.042,0.7709999999999999,0.0,0.0,0.0,0.0
274835,2025-05-25T00:00:00.000000000,1.133,0.864,0.0,0.0,0.3235504614701334,0.0
274835,2025-05-25T01:00:00.000000000,1.206,0.938,0.0,0.0,0.0,0.0
274835,2025-05-25T02:00:00.000000000,1.1929999999999998,0.926,0.0,0.0,0.3235504614701334,0.0
274835,2025-05-25T03:00:00.000000000,1.202,0.936,0.0,0.0,0.0,0.0
274835,2025-05-25T04:00:00.000000000,1.174,0.9099999999999999,0.0,0.0,0.3235504614701334,0.0
274835,2025-05-25T05:00:00.000000000,0.998,0.735,0.0,0.0,0.0,0.0
274835,2025-05-25T06:00:00.000000000,0.8280000000000001,0.5640000000000001,0.0,0.0,0.3235504614701334,0.0
274835,2025-05-25T07:00:00.000000000,0.7610000000000001,0.496,0.0,0.0,0.0,0.0
274835,2025-05-25T08:00:00.000000000,0.523,0.261,0.0,0.0,0.3235504614701334,0.0
274835,2025-05-25T09:00:00.000000000,0.338,0.0,0.0,0.078,0.06945784363081667,0.0
274835,2025-05-25T10:00:00.000000000,0.7709999999999999,0.0,0.0,0.30800000000000005,0.2540926178393167,0.0
274835,2025-05-25T11:00:00.000000000,1.0,0.0,0.0,0.43399999999999994,1.3797785983708224,0.0
274835,2025-05-25T12:00:00.000000000,0.907,0.0,0.0,0.38,0.0,0.0
274835,2025-05-25T13:00:00.000000000,0.998,0.0,0.0,0.475,0.3232573903999611,0.0
274835,2025-05-25T14:00:00.000000000,1.138,0.0,0.0,0.605,0.0,0.0
274835,2025-05-25T15:00:00.000000000,1.235,0.0,0.0,0.6859999999999999,0.3332218067858167,0.0
274835,2025-05-25T16:00:00.000000000,1.291,0.0,0.0,0.678,0.3232573903999611,0.0
274835,2025-05-25T17:00:00.000000000,1.2189999999999999,0.0,0.0,0.568,1.5345201234217556,0.0
274835,2025-05-25T18:00:00.000000000,1.105,0.0,0.0,0.40199999999999997,1.035420090918461,0.0
274835,2025-05-25T19:00:00.000000000,0.989,0.0,0.0,0.19999999999999998,0.0,0.0
274835,2025-05-25T20:00:00.000000000,0.9269999999999999,0.0,0.0,0.064,0.3232573903999611,0.0
274835,2025-05-25T21:00:00.000000000,0.854,0.10500000000000001,0.0,0.0,0.0,0.0
274835,2025-05-25T22:00:00.000000000,0.742,0.316,0.0,0.0,0.3232573903999611,0.0
274835,2025-05-25T23:00:00.000000000,0.7869999999999999,0.516,0.0,0.0,0.0,0.0
274835,2025-05-26T00:00:00.000000000,0.9369999999999999,0.669,0.0,0.0,0.3232573903999611,0.0
274835,2025-05-26T01:00:00.000000000,1.065,0.7970000000000002,0.0,0.0,0.0,0.0
274835,2025-05-26T02:00:00.000000000,1.084,0.818,0.0,0.0,0.3235504614701334,0.0
274835,2025-05-26T03:00:00.000000000,1.0910000000000002,0.827,0.0,0.0,0.0,0.0
274835,2025-05-26T04:00:00.000000000,1.1320000000000001,0.867,0.0,0.0,0.3235504614701334,0.0
274835,2025-05-26T05:00:00.000000000,1.038,0.77,0.0,0.0,0.3235504614701334,0.0
274835,2025-05-26T06:00:00.000000000,0.784,0.518,0.0,0.0,0.0,0.0
274835,2025-05-26T07:00:00.000000000,0.446,0.18,0.0,0.0,0.3235504614701334,0.0
274835,2025-05-26T08:00:00.000000000,0.31500000000000006,0.0,0.0,0.054,0.0,0.0
274835,2025-05-26T09:00:00.000000000,0.46399999999999997,0.0,0.0,0.204,0.3232573903999611,0.0
274835,2025-05-26T10:00:00.000000000,0.817,0.0,0.0,0.353,0.0,0.0
274835,2025-05-26T11:00:00.000000000,1.009,0.0,0.0,0.48,0.3232573903999611,0.0
274835,2025-05-26T12:00:00.000000000,0.952,0.0,0.0,0.559,0.0,0.0
274835,2025-05-26T13:00:00.000000000,0.9420000000000001,0.0,0.0,0.683,0.3232573903999611,0.0
274835,2025-05-26T14:00:00.000000000,1.2229999999999999,0.0,0.0,0.956,0.0,0.0
274835,2025-05-26T15:00:00.000000000,1.596,0.0,0.0,1.0350000000000001,1.035127019848289,0.0
274835,2025-05-26T16:00:00.000000000,1.4669999999999999,0.0,0.0,0.847,1.1702327831976833,0.0
274835,2025-05-26T17:00:00.000000000,1.2730000000000001,0.0,0.0,0.622,0.0,0.0
274835,2025-05-26T18:00:00.000000000,1.238,0.0,0.0,0.5,1.37948552730065,0.0
274835,2025-05-26T19:00:00.000000000,1.038,0.0,0.0,0.253,1.0453845073043166,0.0
274835,2025-05-26T20:00:00.000000000,0.948,0.0,0.0,0.086,1.1163077062859945,0.0
274835,2025-05-26T21:00:00.000000000,0.665,0.11,0.0,0.006,0.3232573903999611,0.0
274835,2025-05-26T22:00:00.000000000,0.641,0.356,0.0,0.0,0.3232573903999611,0.0
274835,2025-05-26T23:00:00.000000000,0.822,0.55,0.0,0.0,0.0,0.0
274835,2025-05-27T00:00:00.000000000,0.965,0.6950000000000001,0.0,0.0,0.3232573903999611,0.0
274835,2025-05-27T01:00:00.000000000,1.074,0.8059999999999999,0.0,0.0,0.0,0.0
274835,2025-05-27T02:00:00.000000000,1.152,0.885,0.0,0.0,0.3232573903999611,0.0
274835,2025-05-27T03:00:00.000000000,1.222,0.957,0.0,0.0,0.0,0.0
274835,2025-05-27T04:00:00.000000000,1.256,0.99,0.0,0.0,0.3232573903999611,0.0
274835,2025-05-27T05:00:00.000000000,1.284,0.8599999999999999,0.0,0.0,1.1599752957416554,0.0
274835,2025-05-27T06:00:00.000000000,1.0,0.462,0.0,0.0,0.34728921815408337,0.0
274835,2025-05-27T07:00:00.000000000,0.637,0.045,0.0,0.031,0.6810971670802445,0.0
274835,2025-05-27T08:00:00.000000000,0.7829999999999999,0.0,0.0,0.22999999999999998,1.0421607255324221,0.0
274835,2025-05-27T09:00:00.000000000,0.981,0.0,0.0,0.438,0.3329287357156444,0.0
274835,2025-05-27T10:00:00.000000000,1.111,0.0,0.0,0.5770000000000001,0.68842394383455,0.0
274835,2025-05-27T11:00:00.000000000,0.972,0.0,0.0,0.646,0.3434792942418444,0.0
274835,2025-05-27T12:00:00.000000000,0.9339999999999999,0.0,0.0,0.6759999999999999,0.6872516595538611,0.0
274835,2025-05-27T13:00:00.000000000,0.979,0.0,0.0,0.7209999999999999,0.3329287357156444,0.0
274835,2025-05-27T14:00:00.000000000,0.902,0.0,0.0,0.646,0.3232573903999611,0.0
274835,2025-05-27T15:00:00.000000000,0.812,0.0,0.0,0.552,0.0,0.0
274835,2025-05-27T16:00:00.000000000,0.7349999999999999,0.0,0.0,0.44099999999999995,0.3232573903999611,0.0
274835,2025-05-27T17:00:00.000000000,0.782,0.0,0.0,0.4,0.0,0.0
274835,2025-05-27T18:00:00.000000000,1.044,0.0,0.0,0.343,0.3229643193297889,0.0
274835,2025-05-27T19:00:00.000000000,0.977,0.0,0.0,0.192,0.0,0.0
274835,2025-05-27T20:00:00.000000000,0.9219999999999999,0.0,0.0,0.060000000000000005,0.6910615834661,0.0
274835,2025-05-27T21:00:00.000000000,0.8210000000000001,0.069,0.0,0.004,0.0,0.0
274835,2025-05-27T22:00:00.000000000,0.659,0.196,0.0,0.0,0.3232573903999611,0.0
274835,2025-05-27T23:00:00.000000000,0.5740000000000001,0.30300000000000005,0.0,0.0,0.0,0.0
274835,2025-05-28T00:00:00.000000000,0.669,0.40099999999999997,0.0,0.0,0.3232573903999611,0.0
274835,2025-05-28T01:00:00.000000000,0.7529999999999999,0.486,0.0,0.0,0.0,0.0
274835,2025-05-28T02:00:00.000000000,0.854,0.5890000000000001,0.0,0.0,0.3232573903999611,0.0
274835,2025-05-28T03:00:00.000000000,0.9359999999999999,0.671,0.0,0.0,0.0,0.0
274835,2025-05-28T04:00:00.000000000,1.017,0.7549999999999999,0.0,0.0,0.3232573903999611,0.0
274835,2025-05-28T05:00:00.000000000,1.088,0.668,0.0,0.0,1.0392300148307,0.0
274835,2025-05-28T06:00:00.000000000,0.8399999999999999,0.30500000000000005,0.0,0.0,0.7696046302722556,0.0
274835,2025-05-28T07:00:00.000000000,0.613,0.009,0.0,0.044,0.7528995792724389,0.0
274835,2025-05-28T08:00:00.000000000,0.7350000000000001,0.0,0.0,0.183,1.154113874338211,0.0
274835,2025-05-28T09:00:00.000000000,0.819,0.0,0.0,0.276,0.3232573903999611,0.0
274835,2025-05-28T10:00:00.000000000,0.838,0.0,0.0,0.306,0.34318622317167224,0.0
274835,2025-05-28T11:00:00.000000000,0.87,0.0,0.0,0.33899999999999997,0.0,0.0
274835,2025-05-28T12:00:00.000000000,0.9249999999999999,0.0,0.0,0.39699999999999996,0.6895962281152388,0.0
274835,2025-05-28T13:00:00.000000000,0.967,0.0,0.0,0.443,0.0,0.0
274835,2025-05-28T14:00:00.000000000,0.958,0.0,0.0,0.429,0.34318622317167224,0.0
274835,2025-05-28T15:00:00.000000000,0.975,0.0,0.0,0.426,0.3232573903999611,0.0
274835,2025-05-28T16:00:00.000000000,1.008,0.0,0.0,0.394,0.3423070099611556,0.0
274835,2025-05-28T17:00:00.000000000,0.929,0.0,0.0,0.37200000000000005,0.3232573903999611,0.0
274835,2025-05-28T18:00:00.000000000,0.86,0.0,0.0,0.265,0.3232573903999611,0.0
274835,2025-05-28T19:00:00.000000000,0.649,0.0,0.0,0.098,0.0,0.0
274835,2025-05-28T20:00:00.000000000,0.906,0.033,0.0,0.009000000000000001,0.3329287357156444,0.0
274835,2025-05-28T21:00:00.000000000,1.005,0.255,0.0,0.0,0.3232573903999611,0.0
274835,2025-05-28T22:00:00.000000000,0.823,0.438,0.0,0.0,0.36575269557493334,0.0
274835,2025-05-28T23:00:00.000000000,0.911,0.6400000000000001,0.0,0.0,1.079966893584639,0.0
274835,2025-05-29T00:00:00.000000000,1.1219999999999999,0.854,0.0,0.0,0.0,0.0
274835,2025-05-29T01:00:00.000000000,1.3050000000000002,1.037,0.0,0.0,0.3232573903999611,0.0
274835,2025-05-29T02:00:00.000000000,1.452,1.185,0.0,0.0,0.0,0.0
274835,2025-05-29T03:00:00.000000000,1.553,1.287,0.0,0.0,0.3232573903999611,0.0
274835,2025-05-29T04:00:00.000000000,1.561,1.296,0.0,0.0,0.0,0.0
274835,2025-05-29T05:00:00.000000000,1.375,1.112,0.0,0.0,0.3232573903999611,0.0
274835,2025-05-29T06:00:00.000000000,1.01,0.7470000000000001,0.0,0.0,0.0,0.0
274835,2025-05-29T07:00:00.000000000,0.685,0.347,0.0,0.0,0.3232573903999611,0.0
274835,2025-05-29T08:00:00.000000000,0.621,0.067,0.0,0.002,0.0,0.0
274835,2025-05-29T09:00:00.000000000,0.387,0.0,0.0,0.056,0.3232573903999611,0.0
274835,2025-05-29T10:00:00.000000000,0.7649999999999999,0.0,0.0,0.197,1.056228136900689,0.0
274835,2025-05-29T11:00:00.000000000,0.71,0.0,0.0,0.182,0.3329287357156444,0.0
274835,2025-05-29T12:00:00.000000000,0.666,0.0,0.0,0.139,0.3329287357156444,0.0
274835,2025-05-29T13:00:00.000000000,0.609,0.0,0.0,0.08600000000000001,0.3543229238382167,0.0
274835,2025-05-29T14:00:00.000000000,0.498,0.0,0.0,0.035,0.0,0.0
274835,2025-05-29T15:00:00.000000000,0.577,0.0,0.0,0.03,0.6664436135716334,0.0
274835,2025-05-29T16:00:00.000000000,0.6729999999999999,0.053000000000000005,0.0,0.006,0.0,0.0
274835,2025-05-29T17:00:00.000000000,0.679,0.018,0.0,0.012,0.3329287357156444,0.0
274835,2025-05-29T18:00:00.000000000,0.746,0.044,0.0,0.0,0.3329287357156444,0.0
274835,2025-05-29T19:00:00.000000000,0.98,0.193,0.0,0.0,0.0,0.0
274835,2025-05-29T20:00:00.000000000,1.266,0.40399999999999997,0.0,0.0,1.4032242839846,0.0
274835,2025-05-29T21:00:00.000000000,1.384,0.631,0.0,0.0,0.0,0.0
274835,2025-05-29T22:00:00.000000000,1.312,0.8059999999999999,0.0,0.0,0.3232573903999611,0.0
274835,2025-05-29T23:00:00.000000000,1.349,1.001,0.0,0.0,0.0,0.0
274835,2025-05-30T00:00:00.000000000,1.456,1.186,0.0,0.0,0.32970495394375,0.0
274835,2025-05-30T01:00:00.000000000,1.5350000000000001,1.266,0.0,0.0,0.3235504614701334,0.0
274835,2025-05-30T02:00:00.000000000,1.516,1.248,0.0,0.0,0.0,0.0
274835,2025-05-30T03:00:00.000000000,1.501,1.235,0.0,0.0,0.3235504614701334,0.0
274835,2025-05-30T04:00:00.000000000,1.501,1.237,0.0,0.0,0.0,0.0
274835,2025-05-30T05:00:00.000000000,1.369,1.1059999999999999,0.0,0.0,0.3235504614701334,0.0
274835,2025-05-30T06:00:00.000000000,1.15,0.8859999999999999,0.0,0.0,0.33556637534719447,0.0
274835,2025-05-30T07:00:00.000000000,1.157,0.67,0.0,0.0,1.0834837464267055,0.0
274835,2025-05-30T08:00:00.000000000,0.979,0.42599999999999993,0.0,0.0,0.3235504614701334,0.0
274835,2025-05-30T09:00:00.000000000,0.77,0.22799999999999998,0.0,0.0,0.0,0.0
274835,2025-05-30T10:00:00.000000000,0.626,0.095,0.0,0.0,2.0204319577673,0.0
274835,2025-05-30T11:00:00.000000000,0.5990000000000001,0.0,0.0,0.07100000000000001,1.154113874338211,0.0
274835,2025-05-30T12:00:00.000000000,0.8019999999999999,0.0,0.0,0.276,0.3660457666451056,0.0
274835,2025-05-30T13:00:00.000000000,0.7129999999999999,0.0,0.0,0.456,0.3232573903999611,0.0
274835,2025-05-30T14:00:00.000000000,0.95,0.0,0.0,0.6240000000000001,0.23680142469915558,0.0
274835,2025-05-30T15:00:00.000000000,1.254,0.0,0.0,0.7649999999999999,0.44048581846885,0.0
274835,2025-05-30T16:00:00.000000000,1.328,0.0,0.0,0.7080000000000001,0.3232573903999611,0.0
274835,2025-05-30T17:00:00.000000000,1.077,0.0,0.0,0.52,0.0,0.0
274835,2025-05-30T18:00:00.000000000,0.621,0.0,0.0,0.336,0.3232573903999611,0.0
274835,2025-05-30T19:00:00.000000000,0.9289999999999999,0.011,0.0,0.129,0.34318622317167224,0.0
274835,2025-05-30T20:00:00.000000000,0.6619999999999999,0.233,0.0,0.0,0.3232573903999611,0.0
274835,2025-05-30T21:00:00.000000000,0.9670000000000001,0.66,0.0,0.0,0.0,0.0
274835,2025-05-30T22:00:00.000000000,1.238,0.952,0.0,0.0,0.32325739039996115,0.0
274835,2025-05-30T23:00:00.000000000,1.448,1.176,0.0,0.0,0.35402985276804444,0.0
274835,2025-05-31T00:00:00.000000000,1.7839999999999998,1.505,0.0,0.0,0.3232573903999611,0.0
274835,2025-05-31T01:00:00.000000000,1.867,1.589,0.0,0.0,0.0,0.0
274835,2025-05-31T02:00:00.000000000,1.672,1.403,0.0,0.0,0.32325739039996115,0.0
274835,2025-05-31T03:00:00.000000000,1.684,1.4169999999999998,0.0,0.0,0.0,0.0
274835,2025-05-31T04:00:00.000000000,1.867,1.597,0.0,0.0,0.3235504614701334,0.0
274835,2025-05-31T05:00:00.000000000,1.787,1.464,0.0,0.0,0.0,0.0
274835,2025-05-31T06:00:00.000000000,1.523,0.987,0.0,0.0,0.3235504614701334,0.0
274835,2025-05-31T07:00:00.000000000,1.176,0.616,0.0,0.0,0.0,0.0
274835,2025-05-31T08:00:00.000000000,0.7240000000000001,0.17099999999999999,0.0,0.0,0.3235504614701334,0.0
274835,2025-05-31T09:00:00.000000000,0.663,0.0,0.0,0.121,0.3329287357156444,0.0
274835,2025-05-31T10:00:00.000000000,0.872,0.0,0.0,0.342,0.671425821764561,0.0
274835,2025-05-31T11:00:00.000000000,1.037,0.0,0.0,0.507,0.7086458476764333,0.0
274835,2025-05-31T12:00:00.000000000,1.179,0.0,0.0,0.6499999999999999,0.0,0.0
274835,2025-05-31T13:00:00.000000000,1.4339999999999997,0.0,0.0,0.9,0.32325739039996115,0.0
274835,2025-05-31T14:00:00.000000000,1.649,0.0,0.0,1.101,0.0,0.0
274835,2025-05-31T15:00:00.000000000,1.7730000000000001,0.0,0.0,1.2029999999999998,0.3232573903999611,0.0
274835,2025-05-31T16:00:00.000000000,1.718,0.0,0.0,1.086,1.9260630731718447,0.0
274835,2025-05-31T17:00:00.000000000,1.5699999999999998,0.0,0.0,0.9079999999999999,0.7089389187466055,0.0
274835,2025-05-31T18:00:00.000000000,1.0739999999999998,0.0,0.0,0.584,0.3229643193297889,0.0
274835,2025-05-31T19:00:00.000000000,0.601,0.0,0.0,0.305,0.0,0.0
274835,2025-05-31T20:00:00.000000000,0.399,0.0,0.0,0.099,0.3232573903999611,0.0
274835,2025-05-31T21:00:00.000000000,0.416,0.107,0.0,0.003,0.6887170149047223,0.0
274835,2025-05-31T22:00:00.000000000,0.5920000000000001,0.30700000000000005,0.0,0.0,0.0,0.0
274835,2025-05-31T23:00:00.000000000,0.7429999999999999,0.474,0.0,0.0,0.3232573903999611,0.0
274835,2025-06-01T00:00:00.000000000,0.842,0.5780000000000001,0.0,0.0,0.0,0.0
274835,2025-06-01T01:00:00.000000000,0.872,0.607,0.0,0.0,0.3232573903999611,0.0
274835,2025-06-01T02:00:00.000000000,0.856,0.599,0.0,0.0,0.0,0.0
274835,2025-06-01T03:00:00.000000000,0.861,0.598,0.0,0.0,0.3232573903999611,0.0
274835,2025-06-01T04:00:00.000000000,0.86,0.599,0.0,0.0,0.0,0.0
274835,2025-06-01T05:00:00.000000000,0.855,0.596,0.0,0.0,0.3232573903999611,0.0
274835,2025-06-01T06:00:00.000000000,0.9,0.638,0.0,0.0,0.3232573903999611,0.0
274835,2025-06-01T07:00:00.000000000,1.017,0.614,0.0,0.0,0.5281140684503445,0.0
274835,2025-06-01T08:00:00.000000000,1.134,0.6160000000000001,0.0,0.0,0.8513714588503056,0.0
274835,2025-06-01T09:00:00.000000000,1.196,0.71,0.0,0.0,0.0,0.0
274835,2025-06-01T10:00:00.000000000,1.223,0.7450000000000001,0.0,0.0,0.3232573903999611,0.0
274835,2025-06-01T11:00:00.000000000,1.202,0.726,0.0,0.0,0.0,0.0
274835,2025-06-01T12:00:00.000000000,1.218,0.746,0.0,0.0,0.3232573903999611,0.0
274835,2025-06-01T13:00:00.000000000,1.263,0.794,0.0,0.0,0.7555372189039888,0.0
274835,2025-06-01T14:00:00.000000000,1.237,0.7440000000000001,0.0,0.0,0.8938667640252778,0.0
274835,2025-06-01T15:00:00.000000000,1.202,0.694,0.0,0.0,0.8513714588503056,0.0
274835,2025-06-01T16:00:00.000000000,1.279,0.7310000000000001,0.0,0.0,0.0,0.0
274835,2025-06-01T17:00:00.000000000,1.219,0.644,0.0,0.0,0.3329287357156444,0.0
274835,2025-06-01T18:00:00.000000000,1.199,0.584,0.0,0.0,0.3232573903999611,0.0
274835,2025-06-01T19:00:00.000000000,1.2790000000000001,0.59,0.0,0.0,0.3232573903999611,0.0
274835,2025-06-01T20:00:00.000000000,1.335,0.57,0.0,0.0,0.34318622317167224,0.0
274835,2025-06-01T21:00:00.000000000,1.298,0.613,0.0,0.0,0.3232573903999611,0.0
274835,2025-06-01T22:00:00.000000000,1.145,0.681,0.0,0.0,0.0,0.0
274835,2025-06-01T23:00:00.000000000,1.1019999999999999,0.772,0.0,0.0,0.3329287357156444,0.0
274835,2025-06-02T00:00:00.000000000,1.104,0.829,0.0,0.0,0.0,0.0
274835,2025-06-02T01:00:00.000000000,1.1460000000000001,0.881,0.0,0.0,0.3235504614701334,0.0
274835,2025-06-02T02:00:00.000000000,1.208,0.944,0.0,0.0,0.0,0.0
274835,2025-06-02T03:00:00.000000000,1.269,1.006,0.0,0.0,0.3235504614701334,0.0
274835,2025-06-02T04:00:00.000000000,1.322,1.0590000000000002,0.0,0.0,0.3235504614701334,0.0
274835,2025-06-02T05:00:00.000000000,1.223,0.959,0.0,0.0,0.0,0.0
274835,2025-06-02T06:00:00.000000000,0.988,0.7230000000000001,0.0,0.0,0.3235504614701334,0.0
274835,2025-06-02T07:00:00.000000000,0.684,0.33999999999999997,0.0,0.0,0.5281140684503445,0.0
274835,2025-06-02T08:00:00.000000000,0.5509999999999999,0.026000000000000002,0.0,0.009000000000000001,1.2215202204778222,0.0
274835,2025-06-02T09:00:00.000000000,0.6000000000000001,0.0,0.0,0.112,1.4855772547029942,0.0
274835,2025-06-02T10:00:00.000000000,0.687,0.0,0.0,0.264,0.0,0.0
274835,2025-06-02T11:00:00.000000000,0.6459999999999999,0.0,0.0,0.38999999999999996,0.3232573903999611,0.0
274835,2025-06-02T12:00:00.000000000,0.732,0.0,0.0,0.475,0.0,0.0
274835,2025-06-02T13:00:00.000000000,0.7810000000000001,0.0,0.0,0.523,0.32325739039996115,0.0
274835,2025-06-02T14:00:00.000000000,0.903,0.0,0.0,0.591,0.17056736284023333,0.0
274835,2025-06-02T15:00:00.000000000,1.089,0.0,0.0,0.598,1.0864144571284278,0.0
274835,2025-06-02T16:00:00.000000000,1.0170000000000001,0.0,0.0,0.534,0.34846150243477225,0.0
274835,2025-06-02T17:00:00.000000000,0.711,0.0,0.0,0.42500000000000004,0.3232573903999611,0.0
274835,2025-06-02T18:00:00.000000000,0.9149999999999999,0.0,0.0,0.303,0.6966299337993722,0.0
274835,2025-06-02T19:00:00.000000000,0.804,0.0,0.0,0.118,1.6057363934736055,0.0
274835,2025-06-02T20:00:00.000000000,0.705,0.065,0.0,0.0,0.8179613568506722,0.0
274835,2025-06-02T21:00:00.000000000,0.664,0.366,0.0,0.0,0.3232573903999611,0.0
274835,2025-06-02T22:00:00.000000000,0.818,0.539,0.0,0.0,0.3232573903999611,0.0
274835,2025-06-02T23:00:00.000000000,0.926,0.6579999999999999,0.0,0.0,0.3329287357156444,0.0
274835,2025-06-03T00:00:00.000000000,1.034,0.7669999999999999,0.0,0.0,0.0,0.0
274835,2025-06-03T01:00:00.000000000,1.157,0.891,0.0,0.0,0.3232573903999611,0.0
274835,2025-06-03T02:00:00.000000000,1.323,1.0590000000000002,0.0,0.0,0.0,0.0
274835,2025-06-03T03:00:00.000000000,1.4649999999999999,1.2009999999999998,0.0,0.0,0.3232573903999611,0.0
274835,2025-06-03T04:00:00.000000000,1.5739999999999998,1.3110000000000002,0.0,0.0,0.0,0.0
274835,2025-06-03T05:00:00.000000000,1.45,1.185,0.0,0.0,0.3232573903999611,0.0
274835,2025-06-03T06:00:00.000000000,1.052,0.787,0.0,0.0,0.0,0.0
274835,2025-06-03T07:00:00.000000000,0.594,0.33,0.0,0.0,0.3232573903999611,0.0
274835,2025-06-03T08:00:00.000000000,0.316,0.026000000000000002,0.0,0.027999999999999997,0.0,0.0
274835,2025-06-03T09:00:00.000000000,0.451,0.0,0.0,0.193,0.3232573903999611,0.0
274835,2025-06-03T10:00:00.000000000,0.6110000000000001,0.0,0.0,0.355,0.0,0.0
274835,2025-06-03T11:00:00.000000000,0.738,0.0,0.0,0.48,0.3232573903999611,0.0
274835,2025-06-03T12:00:00.000000000,0.813,0.0,0.0,0.557,0.0,0.0
274835,2025-06-03T13:00:00.000000000,0.827,0.0,0.0,0.571,0.3232573903999611,0.0
274835,2025-06-03T14:00:00.000000000,0.7330000000000001,0.0,0.0,0.477,0.0,0.0
274835,2025-06-03T15:00:00.000000000,0.7769999999999999,0.0,0.0,0.343,0.3232573903999611,0.0
274835,2025-06-03T16:00:00.000000000,0.835,0.0,0.0,0.269,0.5281140684503445,0.0
274835,2025-06-03T17:00:00.000000000,0.798,0.0,0.0,0.207,0.8513714588503056,0.0
274835,2025-06-03T18:00:00.000000000,0.7030000000000001,0.0,0.0,0.09,0.3428931521015,0.0
274835,2025-06-03T19:00:00.000000000,0.708,0.009000000000000001,0.0,0.013999999999999999,0.35344371062769997,0.0
274835,2025-06-03T20:00:00.000000000,0.862,0.098,0.0,0.0,0.32325739039996115,0.0
274835,2025-06-03T21:00:00.000000000,0.829,0.23399999999999999,0.0,0.0,0.0,0.0
274835,2025-06-03T22:00:00.000000000,0.634,0.355,0.0,0.0,0.7133349847991888,0.0
274835,2025-06-03T23:00:00.000000000,0.6679999999999999,0.399,0.0,0.0,0.3062592683299722,0.0
274835,2025-06-04T00:00:00.000000000,0.734,0.46799999999999997,0.0,0.0,0.0,0.0
274835,2025-06-04T01:00:00.000000000,0.802,0.538,0.0,0.0,0.3232573903999611,0.0
274835,2025-06-04T02:00:00.000000000,0.839,0.5750000000000001,0.0,0.0,0.12162449412147222,0.0
274835,2025-06-04T03:00:00.000000000,0.886,0.623,0.0,0.0,0.20163289627848888,0.0
274835,2025-06-04T04:00:00.000000000,0.935,0.675,0.0,0.0,0.3232573903999611,0.0
274835,2025-06-04T05:00:00.000000000,1.034,0.6020000000000001,0.0,0.0,1.056228136900689,0.0
274835,2025-06-04T06:00:00.000000000,1.036,0.672,0.0,0.0,0.3232573903999611,0.0
274835,2025-06-04T07:00:00.000000000,1.056,0.608,0.0,0.0,0.0,0.0
274835,2025-06-04T08:00:00.000000000,0.952,0.45299999999999996,0.0,0.0,0.3428931521015,0.0
274835,2025-06-04T09:00:00.000000000,0.736,0.25,0.0,0.0,0.3232573903999611,0.0
274835,2025-06-04T10:00:00.000000000,0.575,0.097,0.0,0.0,0.0,0.0
274835,2025-06-04T11:00:00.000000000,0.51,0.036,0.0,0.0,0.7101112030272945,0.0
274835,2025-06-04T12:00:00.000000000,0.674,0.009,0.0,0.098,3.1229653237551998,0.0
274835,2025-06-04T13:00:00.000000000,0.666,0.019,0.0,0.092,2.887043112266561,0.0
274835,2025-06-04T14:00:00.000000000,0.45999999999999996,0.15200000000000002,0.0,0.0,0.0,0.0
274835,2025-06-04T15:00:00.000000000,0.472,0.213,0.0,0.0,0.3232573903999611,0.0
274835,2025-06-04T16:00:00.000000000,0.685,0.32699999999999996,0.0,0.0,0.3428931521015,0.0
274835,2025-06-04T17:00:00.000000000,0.881,0.306,0.0,0.0,0.36516655343458887,0.0
274835,2025-06-04T18:00:00.000000000,0.962,0.348,0.0,0.0,0.3232573903999611,0.0
274835,2025-06-04T19:00:00.000000000,1.155,0.465,0.0,0.0,0.0,0.0
274835,2025-06-04T20:00:00.000000000,1.327,0.56,0.0,0.0,0.3232573903999611,0.0
274835,2025-06-04T21:00:00.000000000,1.3590000000000002,0.6739999999999999,0.0,0.0,0.3232573903999611,0.0
274835,2025-06-04T22:00:00.000000000,1.191,0.728,0.0,0.0,0.3329287357156444,0.0
274835,2025-06-04T23:00:00.000000000,1.1239999999999999,0.7939999999999999,0.0,0.0,0.0,0.0
274835,2025-06-05T00:00:00.000000000,1.144,0.868,0.0,0.0,0.3235504614701334,0.0
274835,2025-06-05T01:00:00.000000000,1.158,0.893,0.0,0.0,0.0,0.0
274835,2025-06-05T02:00:00.000000000,1.13,0.866,0.0,0.0,0.3235504614701334,0.0
274835,2025-06-05T03:00:00.000000000,1.1400000000000001,0.876,0.0,0.0,0.1834624899278111,0.0
274835,2025-06-05T04:00:00.000000000,1.1480000000000001,0.887,0.0,0.0,0.14008797154232222,0.0
274835,2025-06-05T05:00:00.000000000,1.0710000000000002,0.81,0.0,0.0,0.3235504614701334,0.0
274835,2025-06-05T06:00:00.000000000,1.146,0.6639999999999999,0.0,0.0,1.056228136900689,0.0
274835,2025-06-05T07:00:00.000000000,1.192,0.6819999999999999,0.0,0.0,0.3235504614701334,0.0
274835,2025-06-05T08:00:00.000000000,0.9810000000000001,0.5409999999999999,0.0,0.0,0.0,0.0
274835,2025-06-05T09:00:00.000000000,0.606,0.34700000000000003,0.0,0.0,0.3235504614701334,0.0
274835,2025-06-05T10:00:00.000000000,0.5750000000000001,0.154,0.0,0.0,0.0,0.0
274835,2025-06-05T11:00:00.000000000,0.527,0.054,0.0,0.0,0.5544904647658445,0.0
274835,2025-06-05T12:00:00.000000000,0.481,0.008,0.0,0.001,0.1263136312442278,0.0
274835,2025-06-05T13:00:00.000000000,0.488,0.0,0.0,0.02,0.3232573903999611,0.0
274835,2025-06-05T14:00:00.000000000,0.523,0.0,0.0,0.048999999999999995,0.0,0.0
274835,2025-06-05T15:00:00.000000000,0.537,0.0,0.0,0.048,0.33263566464547223,0.0
274835,2025-06-05T16:00:00.000000000,0.657,0.111,0.0,0.0,0.3329287357156444,0.0
274835,2025-06-05T17:00:00.000000000,0.742,0.16799999999999998,0.0,0.0,0.3352733042770222,0.0
274835,2025-06-05T18:00:00.000000000,0.888,0.274,0.0,0.0,1.6268375105260056,0.0
274835,2025-06-05T19:00:00.000000000,1.049,0.359,0.0,0.0,0.8033078033420612,0.0
274835,2025-06-05T20:00:00.000000000,1.169,0.402,0.0,0.0,1.1233414119701277,0.0
274835,2025-06-05T21:00:00.000000000,1.139,0.45499999999999996,0.0,0.0,0.3232573903999611,0.0
274835,2025-06-05T22:00:00.000000000,0.949,0.515,0.0,0.0,0.0,0.0
274835,2025-06-05T23:00:00.000000000,0.841,0.5730000000000001,0.0,0.0,0.3235504614701334,0.0
274835,2025-06-06T00:00:00.000000000,0.866,0.601,0.0,0.0,0.3235504614701334,0.0
274835,2025-06-06T01:00:00.000000000,0.868,0.62,0.0,0.0,0.0,0.0
274835,2025-06-06T02:00:00.000000000,0.909,0.652,0.0,0.0,0.3235504614701334,0.0
274835,2025-06-06T03:00:00.000000000,0.969,0.7069999999999999,0.0,0.0,0.0,0.0
274835,2025-06-06T04:00:00.000000000,1.0350000000000001,0.7749999999999999,0.0,0.0,0.32355046147013333,0.0
274835,2025-06-06T05:00:00.000000000,0.953,0.6930000000000001,0.0,0.0,0.0,0.0
274835,2025-06-06T06:00:00.000000000,0.7410000000000001,0.48,0.0,0.0,0.3235504614701334,0.0
274835,2025-06-06T07:00:00.000000000,0.717,0.332,0.0,0.0,0.0,0.0
274835,2025-06-06T08:00:00.000000000,0.521,0.144,0.0,0.0,0.3235504614701334,0.0
274835,2025-06-06T09:00:00.000000000,0.612,0.0,0.0,0.125,0.0,0.0
274835,2025-06-06T10:00:00.000000000,0.851,0.0,0.0,0.373,0.3232573903999611,0.0
274835,2025-06-06T11:00:00.000000000,1.071,0.0,0.0,0.5960000000000001,0.0,0.0
274835,2025-06-06T12:00:00.000000000,1.4489999999999998,0.0,0.0,0.935,1.4615454269488724,0.0
274835,2025-06-06T13:00:00.000000000,1.411,0.0,0.0,1.038,0.5782292214497944,0.0
274835,2025-06-06T14:00:00.000000000,1.5610000000000002,0.0,0.0,1.235,0.0,0.0
274835,2025-06-06T15:00:00.000000000,1.8590000000000002,0.0,0.0,1.349,0.3469961470839111,0.0
274835,2025-06-06T16:00:00.000000000,1.8050000000000002,0.0,0.0,1.2389999999999999,1.135650396917361,0.0
274835,2025-06-06T17:00:00.000000000,1.433,0.0,0.0,0.99,0.3229643193297889,0.0
274835,2025-06-06T18:00:00.000000000,1.086,0.0,0.0,0.642,0.3531506395575278,0.0
274835,2025-06-06T19:00:00.000000000,1.087,0.0,0.0,0.39899999999999997,0.34230700996115554,0.0
274835,2025-06-06T20:00:00.000000000,0.963,0.0,0.0,0.19699999999999998,0.3232573903999611,0.0
274835,2025-06-06T21:00:00.000000000,0.47,0.015,0.0,0.033,0.0,0.0
274835,2025-06-06T22:00:00.000000000,0.456,0.175,0.0,0.0,0.32296431932978886,0.0
274835,2025-06-06T23:00:00.000000000,0.6479999999999999,0.38,0.0,0.0,0.0,0.0
274835,2025-06-07T00:00:00.000000000,0.8079999999999999,0.543,0.0,0.0,0.3232573903999611,0.0
274835,2025-06-07T01:00:00.000000000,0.9329999999999999,0.6679999999999999,0.0,0.0,0.0,0.0
274835,2025-06-07T02:00:00.000000000,0.996,0.732,0.0,0.0,0.3232573903999611,0.0
274835,2025-06-07T03:00:00.000000000,1.012,0.75,0.0,0.0,0.0,0.0
274835,2025-06-07T04:00:00.000000000,1.0070000000000001,0.746,0.0,0.0,0.3232573903999611,0.0
274835,2025-06-07T05:00:00.000000000,0.9169999999999999,0.657,0.0,0.0,0.0,0.0
274835,2025-06-07T06:00:00.000000000,0.7420000000000001,0.479,0.0,0.0,0.3232573903999611,0.0
274835,2025-06-07T07:00:00.000000000,0.59,0.26399999999999996,0.0,0.0,0.6875447306240334,0.0
274835,2025-06-07T08:00:00.000000000,0.54,0.020999999999999998,0.0,0.023,0.0,0.0
274835,2025-06-07T09:00:00.000000000,0.391,0.0,0.0,0.133,0.3232573903999611,0.0
274835,2025-06-07T10:00:00.000000000,0.433,0.0,0.0,0.178,0.0,0.0
274835,2025-06-07T11:00:00.000000000,0.5720000000000001,0.0,0.0,0.155,1.147080168654078,0.0
274835,2025-06-07T12:00:00.000000000,0.607,0.0,0.0,0.135,0.6819763802907611,0.0
274835,2025-06-07T13:00:00.000000000,0.583,0.0,0.0,0.11599999999999999,0.3519783552768389,0.0
274835,2025-06-07T14:00:00.000000000,0.56,0.0,0.0,0.08700000000000001,1.5541558851232944,0.0
274835,2025-06-07T15:00:00.000000000,0.573,0.0,0.0,0.084,0.6849070909924833,0.0
274835,2025-06-07T16:00:00.000000000,0.585,0.0,0.0,0.038,0.3426000810313278,0.0
274835,2025-06-07T17:00:00.000000000,0.516,0.0,0.0,0.017,0.6969230048695445,0.0
274835,2025-06-07T18:00:00.000000000,0.40399999999999997,0.123,0.0,0.0,0.3426000810313278,0.0
274835,2025-06-07T19:00:00.000000000,0.883,0.281,0.0,0.0,0.0,0.0
274835,2025-06-07T20:00:00.000000000,1.1429999999999998,0.376,0.0,0.0,0.3232573903999611,0.0
274835,2025-06-07T21:00:00.000000000,0.7939999999999999,0.493,0.0,0.0,0.3232573903999611,0.0
274835,2025-06-07T22:00:00.000000000,0.8,0.519,0.0,0.0,0.0,0.0
274835,2025-06-07T23:00:00.000000000,0.817,0.549,0.0,0.0,0.3232573903999611,0.0
274835,2025-06-08T00:00:00.000000000,0.866,0.6,0.0,0.0,0.0,0.0
274835,2025-06-08T01:00:00.000000000,0.913,0.648,0.0,0.0,0.3232573903999611,0.0
274835,2025-06-08T02:00:00.000000000,0.927,0.664,0.0,0.0,0.0,0.0
274835,2025-06-08T03:00:00.000000000,0.982,0.7209999999999999,0.0,0.0,0.3232573903999611,0.0
274835,2025-06-08T04:00:00.000000000,1.041,0.7810000000000001,0.0,0.0,0.33585944641736665,0.0
274835,2025-06-08T05:00:00.000000000,1.1900000000000002,0.804,0.0,0.0,0.6872516595538611,0.0
274835,2025-06-08T06:00:00.000000000,1.269,0.7809999999999999,0.0,0.0,0.0,0.0
274835,2025-06-08T07:00:00.000000000,1.2570000000000001,0.7490000000000001,0.0,0.0,0.3232573903999611,0.0
274835,2025-06-08T08:00:00.000000000,1.126,0.627,0.0,0.0,0.0,0.0
274835,2025-06-08T09:00:00.000000000,0.9059999999999999,0.419,0.0,0.0,0.3232573903999611,0.0
274835,2025-06-08T10:00:00.000000000,0.683,0.205,0.0,0.0,0.7074735633957445,0.0
274835,2025-06-08T11:00:00.000000000,0.533,0.058,0.0,0.002,0.3232573903999611,0.0
274835,2025-06-08T12:00:00.000000000,0.496,0.0,0.0,0.079,0.3414277967506389,0.0
274835,2025-06-08T13:00:00.000000000,0.6950000000000001,0.0,0.0,0.217,0.0,0.0
274835,2025-06-08T14:00:00.000000000,0.957,0.0,0.0,0.291,0.32823959859288887,0.0
274835,2025-06-08T15:00:00.000000000,0.7410000000000001,0.0,0.0,0.16099999999999998,1.5444845398076112,0.0
274835,2025-06-08T16:00:00.000000000,0.716,0.049,0.0,0.017,1.6757803792447667,0.0
274835,2025-06-08T17:00:00.000000000,0.593,0.001,0.0,0.018,0.36458041129424446,0.0
274835,2025-06-08T18:00:00.000000000,0.586,0.057999999999999996,0.0,0.0,0.3232573903999611,0.0
274835,2025-06-08T19:00:00.000000000,0.497,0.209,0.0,0.0,0.3232573903999611,0.0
274835,2025-06-08T20:00:00.000000000,0.68,0.245,0.0,0.0,1.3888638015461612,0.0
274835,2025-06-08T21:00:00.000000000,0.9360000000000002,0.461,0.0,0.0,0.3232573903999611,0.0
274835,2025-06-08T22:00:00.000000000,0.817,0.536,0.0,0.0,0.0,0.0
274835,2025-06-08T23:00:00.000000000,0.849,0.581,0.0,0.0,0.3232573903999611,0.0
274835,2025-06-09T00:00:00.000000000,0.88,0.614,0.0,0.0,0.0,0.0
274835,2025-06-09T01:00:00.000000000,0.898,0.634,0.0,0.0,0.3232573903999611,0.0
274835,2025-06-09T02:00:00.000000000,0.915,0.652,0.0,0.0,0.0,0.0
274835,2025-06-09T03:00:00.000000000,0.931,0.67,0.0,0.0,0.3232573903999611,0.0
274835,2025-06-09T04:00:00.000000000,0.936,0.674,0.0,0.0,0.0,0.0
274835,2025-06-09T05:00:00.000000000,0.937,0.675,0.0,0.0,0.3232573903999611,0.0
274835,2025-06-09T06:00:00.000000000,1.03,0.544,0.0,0.0,1.056228136900689,0.0
274835,2025-06-09T07:00:00.000000000,0.85,0.586,0.0,0.0,0.3235504614701334,0.0
274835,2025-06-09T08:00:00.000000000,0.7749999999999999,0.512,0.0,0.0,0.0,0.0
274835,2025-06-09T09:00:00.000000000,0.654,0.396,0.0,0.0,0.3235504614701334,0.0
274835,2025-06-09T10:00:00.000000000,0.513,0.258,0.0,0.0,0.7189033351324612,0.0
274835,2025-06-09T11:00:00.000000000,0.34800000000000003,0.092,0.0,0.0,0.3232573903999611,0.0
274835,2025-06-09T12:00:00.000000000,0.31400000000000006,0.0,0.0,0.059,0.0,0.0
274835,2025-06-09T13:00:00.000000000,0.493,0.0,0.0,0.237,0.3232573903999611,0.0
274835,2025-06-09T14:00:00.000000000,0.6639999999999999,0.0,0.0,0.408,0.0,0.0
274835,2025-06-09T15:00:00.000000000,0.9219999999999999,0.0,0.0,0.486,0.3232573903999611,0.0
274835,2025-06-09T16:00:00.000000000,1.1460000000000001,0.0,0.0,0.539,1.65907532824495,0.0
274835,2025-06-09T17:00:00.000000000,1.451,0.0,0.0,0.7189999999999999,4.846809358508211,0.0
274835,2025-06-09T18:00:00.000000000,1.285,0.0,0.0,0.5549999999999999,3.3928837793838165,0.0
274835,2025-06-09T19:00:00.000000000,0.9019999999999999,0.0,0.0,0.216,0.6749426746066278,0.0
274835,2025-06-09T20:00:00.000000000,0.808,0.014,0.0,0.03,0.3426000810313278,0.0
274835,2025-06-09T21:00:00.000000000,0.9400000000000001,0.259,0.0,0.0,0.35549520811890556,0.0
274835,2025-06-09T22:00:00.000000000,0.9179999999999999,0.456,0.0,0.0,0.6837348067117944,0.0
274835,2025-06-09T23:00:00.000000000,0.865,0.535,0.0,0.0,0.3232573903999611,0.0
274835,2025-06-10T00:00:00.000000000,0.847,0.5730000000000001,0.0,0.0,0.0,0.0
274835,2025-06-10T01:00:00.000000000,0.874,0.61,0.0,0.0,0.3232573903999611,0.0
274835,2025-06-10T02:00:00.000000000,0.931,0.6679999999999999,0.0,0.0,0.0,0.0
274835,2025-06-10T03:00:00.000000000,1.0070000000000001,0.7430000000000001,0.0,0.0,0.3232573903999611,0.0
274835,2025-06-10T04:00:00.000000000,1.058,0.796,0.0,0.0,0.0,0.0
274835,2025-06-10T05:00:00.000000000,1.0830000000000002,0.6930000000000001,0.0,0.0,1.4275491828088944,0.0
274835,2025-06-10T06:00:00.000000000,0.8460000000000001,0.357,0.0,0.0,0.6849070909924834,0.0
274835,2025-06-10T07:00:00.000000000,0.575,0.048,0.0,0.018,0.0,0.0
274835,2025-06-10T08:00:00.000000000,0.6579999999999999,0.0,0.0,0.16,0.3232573903999611,0.0
274835,2025-06-10T09:00:00.000000000,0.634,0.0,0.0,0.31500000000000006,0.69897450236075,0.0
274835,2025-06-10T10:00:00.000000000,0.7249999999999999,0.0,0.0,0.46799999999999997,0.7520203660619221,0.0
274835,2025-06-10T11:00:00.000000000,0.881,0.0,0.0,0.625,0.0,0.0
274835,2025-06-10T12:00:00.000000000,1.101,0.0,0.0,0.84,0.3232573903999611,0.0
274835,2025-06-10T13:00:00.000000000,1.512,0.0,0.0,1.085,1.074984685391711,0.0
274835,2025-06-10T14:00:00.000000000,1.699,0.0,0.0,1.316,0.3343940910665056,0.0
274835,2025-06-10T15:00:00.000000000,1.9829999999999999,0.0,0.0,1.469,1.1294959044437445,0.0
274835,2025-06-10T16:00:00.000000000,1.8780000000000001,0.0,0.0,1.3110000000000002,0.35490906597856114,0.0
274835,2025-06-10T17:00:00.000000000,1.5170000000000001,0.0,0.0,1.043,1.3982420757916723,0.0
274835,2025-06-10T18:00:00.000000000,0.877,0.0,0.0,0.596,0.34201393889098336,0.0
274835,2025-06-10T19:00:00.000000000,0.636,0.0,0.0,0.35000000000000003,0.3323425935753,0.0
274835,2025-06-10T20:00:00.000000000,0.43499999999999994,0.0,0.0,0.144,0.3229643193297889,0.0
274835,2025-06-10T21:00:00.000000000,0.34299999999999997,0.027,0.0,0.018000000000000002,0.3229643193297889,0.0
274835,2025-06-10T22:00:00.000000000,0.443,0.164,0.0,0.0,0.0,0.0
274835,2025-06-10T23:00:00.000000000,0.5880000000000001,0.322,0.0,0.0,0.3232573903999611,0.0
274835,2025-06-11T00:00:00.000000000,0.748,0.483,0.0,0.0,0.0,0.0
274835,2025-06-11T01:00:00.000000000,0.868,0.603,0.0,0.0,0.3232573903999611,0.0
274835,2025-06-11T02:00:00.000000000,0.954,0.69,0.0,0.0,0.0,0.0
274835,2025-06-11T03:00:00.000000000,1.038,0.774,0.0,0.0,0.32296431932978886,0.0
274835,2025-06-11T04:00:00.000000000,1.093,0.8320000000000001,0.0,0.0,0.0,0.0
274835,2025-06-11T05:00:00.000000000,0.98,0.7190000000000001,0.0,0.0,0.3294118828735778,0.0
274835,2025-06-11T06:00:00.000000000,0.943,0.497,0.0,0.0,1.1570445850399333,0.0
274835,2025-06-11T07:00:00.000000000,0.68,0.171,0.0,0.0,0.6913546545362722,0.0
274835,2025-06-11T08:00:00.000000000,0.5890000000000001,0.0,0.0,0.091,0.3232573903999611,0.0
274835,2025-06-11T09:00:00.000000000,0.8089999999999999,0.0,0.0,0.322,0.3352733042770222,0.0
274835,2025-06-11T10:00:00.000000000,0.948,0.0,0.0,0.47,1.5828768500001722,0.0
274835,2025-06-11T11:00:00.000000000,1.002,0.0,0.0,0.526,1.2478966167933223,0.0
274835,2025-06-11T12:00:00.000000000,1.0790000000000002,0.0,0.0,0.606,0.6995606445010945,0.0
274835,2025-06-11T13:00:00.000000000,1.143,0.0,0.0,0.674,0.6849070909924834,0.0
274835,2025-06-11T14:00:00.000000000,1.088,0.0,0.0,0.614,0.8135652907980888,0.0
274835,2025-06-11T15:00:00.000000000,0.9319999999999999,0.0,0.0,0.43999999999999995,1.3264396635994777,0.0
274835,2025-06-11T16:00:00.000000000,0.841,0.0,0.0,0.292,0.8115137933068834,0.0
274835,2025-06-11T17:00:00.000000000,0.7870000000000001,0.0,0.0,0.21300000000000002,0.7933433869562055,0.0
274835,2025-06-11T18:00:00.000000000,0.7589999999999999,0.0,0.0,0.14400000000000002,0.34201393889098336,0.0
274835,2025-06-11T19:00:00.000000000,0.766,0.0,0.0,0.079,0.3229643193297889,0.0
274835,2025-06-11T20:00:00.000000000,0.7929999999999999,0.0,0.0,0.026999999999999996,0.34201393889098336,0.0
274835,2025-06-11T21:00:00.000000000,0.7530000000000001,0.068,0.0,0.0,0.0,0.0
274835,2025-06-11T22:00:00.000000000,0.5980000000000001,0.135,0.0,0.0,0.3232573903999611,0.0
274835,2025-06-11T23:00:00.000000000,0.531,0.211,0.0,0.0,1.1300820465840888,0.0
274835,2025-06-12T00:00:00.000000000,0.512,0.247,0.0,0.0,0.0,0.0
274835,2025-06-12T01:00:00.000000000,0.535,0.271,0.0,0.0,0.3232573903999611,0.0
274835,2025-06-12T02:00:00.000000000,0.553,0.29,0.0,0.0,0.0,0.0
274835,2025-06-12T03:00:00.000000000,0.5640000000000001,0.303,0.0,0.0,0.3232573903999611,0.0
274835,2025-06-12T04:00:00.000000000,0.571,0.311,0.0,0.0,0.0,0.0
274835,2025-06-12T05:00:00.000000000,0.546,0.28700000000000003,0.0,0.0,0.3232573903999611,0.0
274835,2025-06-12T06:00:00.000000000,0.473,0.21199999999999997,0.0,0.0,0.0,0.0
274835,2025-06-12T07:00:00.000000000,0.39,0.128,0.0,0.0,0.3232573903999611,0.0
274835,2025-06-12T08:00:00.000000000,0.467,0.024,0.0,0.008,0.0,0.0
274835,2025-06-12T09:00:00.000000000,0.5680000000000001,0.0,0.0,0.082,0.3232573903999611,0.0
274835,2025-06-12T10:00:00.000000000,0.649,0.0,0.0,0.172,0.3352733042770222,0.0
274835,2025-06-12T11:00:00.000000000,0.7309999999999999,0.0,0.0,0.239,0.8973836168673445,0.0
274835,2025-06-12T12:00:00.000000000,0.756,0.0,0.0,0.267,0.8604566620256444,0.0
274835,2025-06-12T13:00:00.000000000,0.681,0.0,0.0,0.21300000000000002,0.34201393889098336,0.0
274835,2025-06-12T14:00:00.000000000,0.64,0.0,0.0,0.166,0.0,0.0
274835,2025-06-12T15:00:00.000000000,0.624,0.0,0.0,0.134,0.3232573903999611,0.0
274835,2025-06-12T16:00:00.000000000,0.7509999999999999,0.0,0.0,0.168,1.37948552730065,0.0
274835,2025-06-12T17:00:00.000000000,0.7049999999999998,0.0,0.0,0.131,0.3232573903999611,0.0
274835,2025-06-12T18:00:00.000000000,0.7249999999999999,0.0,0.0,0.11199999999999999,0.3232573903999611,0.0
274835,2025-06-12T19:00:00.000000000,0.734,0.0,0.0,0.046,0.0,0.0
274835,2025-06-12T20:00:00.000000000,0.821,0.05499999999999999,0.0,0.0,0.3232573903999611,0.0
274835,2025-06-12T21:00:00.000000000,0.913,0.22999999999999998,0.0,0.0,1.1139631377246166,0.0
274835,2025-06-12T22:00:00.000000000,0.788,0.356,0.0,0.0,0.33410101999633335,0.0
274835,2025-06-12T23:00:00.000000000,0.754,0.456,0.0,0.0,0.3232573903999611,0.0
274835,2025-06-13T00:00:00.000000000,0.7729999999999999,0.496,0.0,0.0,0.0,0.0
274835,2025-06-13T01:00:00.000000000,0.756,0.492,0.0,0.0,0.3232573903999611,0.0
274835,2025-06-13T02:00:00.000000000,0.7509999999999999,0.487,0.0,0.0,0.0,0.0
274835,2025-06-13T03:00:00.000000000,0.782,0.52,0.0,0.0,0.3232573903999611,0.0
274835,2025-06-13T04:00:00.000000000,0.848,0.589,0.0,0.0,0.0,0.0
274835,2025-06-13T05:00:00.000000000,0.856,0.596,0.0,0.0,0.3232573903999611,0.0
274835,2025-06-13T06:00:00.000000000,0.81,0.548,0.0,0.0,0.0,0.0
274835,2025-06-13T07:00:00.000000000,0.693,0.21200000000000002,0.0,0.0,3.1132939784395166,0.0
274835,2025-06-13T08:00:00.000000000,0.46399999999999997,0.0,0.0,0.048,4.523845039178422,0.0
274835,2025-06-13T09:00:00.000000000,0.45799999999999996,0.07,0.0,0.052000000000000005,2.585179909989172,0.0
274835,2025-06-13T10:00:00.000000000,0.525,0.04,0.0,0.03,1.056228136900689,0.0
274835,2025-06-13T11:00:00.000000000,0.517,0.044,0.0,0.0,0.34201393889098336,0.0
274835,2025-06-13T12:00:00.000000000,0.541,0.069,0.0,0.0,0.3232573903999611,0.0
274835,2025-06-13T13:00:00.000000000,0.545,0.076,0.0,0.0,0.0,0.0
274835,2025-06-13T14:00:00.000000000,0.704,0.079,0.0,0.0,0.33996244139977777,0.0
274835,2025-06-13T15:00:00.000000000,0.796,0.21500000000000002,0.0,0.0,1.540088473755028,0.0
274835,2025-06-13T16:00:00.000000000,1.092,0.327,0.0,0.0,4.472264530828111,0.0
274835,2025-06-13T17:00:00.000000000,1.105,0.38,0.0,0.0,3.330166570366961,0.0
274835,2025-06-13T18:00:00.000000000,0.891,0.276,0.0,0.0,0.7241786143955612,0.0
274835,2025-06-13T19:00:00.000000000,1.06,0.372,0.0,0.0,0.6846140199223112,0.0
274835,2025-06-13T20:00:00.000000000,1.222,0.455,0.0,0.0,0.6558930550454334,0.0
274835,2025-06-13T21:00:00.000000000,1.222,0.537,0.0,0.0,0.0,0.0
274835,2025-06-13T22:00:00.000000000,0.952,0.584,0.0,0.0,0.3232573903999611,0.0
274835,2025-06-13T23:00:00.000000000,0.888,0.619,0.0,0.0,0.0,0.0
274835,2025-06-14T00:00:00.000000000,0.912,0.645,0.0,0.0,0.721540974764011,0.0
274835,2025-06-14T01:00:00.000000000,0.917,0.653,0.0,0.0,0.0,0.0
274835,2025-06-14T02:00:00.000000000,0.9329999999999999,0.669,0.0,0.0,0.3232573903999611,0.0
274835,2025-06-14T03:00:00.000000000,0.9450000000000001,0.683,0.0,0.0,0.0,0.0
274835,2025-06-14T04:00:00.000000000,0.973,0.714,0.0,0.0,0.3232573903999611,0.0
274835,2025-06-14T05:00:00.000000000,0.951,0.6910000000000001,0.0,0.0,0.0,0.0
274835,2025-06-14T06:00:00.000000000,0.907,0.645,0.0,0.0,0.3232573903999611,0.0
274835,2025-06-14T07:00:00.000000000,1.083,0.635,0.0,0.0,0.0,0.0
274835,2025-06-14T08:00:00.000000000,0.98,0.48,0.0,0.0,0.3232573903999611,0.0
274835,2025-06-14T09:00:00.000000000,0.668,0.181,0.0,0.0,0.0,0.0
274835,2025-06-14T10:00:00.000000000,0.42600000000000005,0.002,0.0,0.05600000000000001,0.3232573903999611,0.0
274835,2025-06-14T11:00:00.000000000,0.694,0.0,0.0,0.274,0.34201393889098336,0.0
274835,2025-06-14T12:00:00.000000000,0.864,0.0,0.0,0.498,0.3232573903999611,0.0
274835,2025-06-14T13:00:00.000000000,1.245,0.0,0.0,0.826,0.0,0.0
274835,2025-06-14T14:00:00.000000000,1.608,0.0,0.0,1.1190000000000002,0.15210388541938333,0.0
274835,2025-06-14T15:00:00.000000000,1.457,0.0,0.0,0.956,0.5330962766432722,0.0
274835,2025-06-14T16:00:00.000000000,1.2000000000000002,0.0,0.0,0.652,0.3232573903999611,0.0
274835,2025-06-14T17:00:00.000000000,1.0430000000000001,0.0,0.0,0.46699999999999997,0.0,0.0
274835,2025-06-14T18:00:00.000000000,0.9159999999999999,0.0,0.0,0.302,0.3323425935753,0.0
274835,2025-06-14T19:00:00.000000000,0.829,0.0,0.0,0.142,0.2605401813831056,0.0
274835,2025-06-14T20:00:00.000000000,0.806,0.0,0.0,0.04000000000000001,0.06271720901685555,0.0
274835,2025-06-14T21:00:00.000000000,0.7869999999999999,0.102,0.0,0.0,0.3232573903999611,0.0
274835,2025-06-14T22:00:00.000000000,0.7070000000000001,0.244,0.0,0.0,0.3323425935753,0.0
274835,2025-06-14T23:00:00.000000000,0.669,0.33999999999999997,0.0,0.0,0.0,0.0
274835,2025-06-15T00:00:00.000000000,0.671,0.40499999999999997,0.0,0.0,0.3232573903999611,0.0
274835,2025-06-15T01:00:00.000000000,0.7270000000000001,0.462,0.0,0.0,0.0,0.0
274835,2025-06-15T02:00:00.000000000,0.768,0.505,0.0,0.0,0.3232573903999611,0.0
274835,2025-06-15T03:00:00.000000000,0.825,0.562,0.0,0.0,0.3232573903999611,0.0
274835,2025-06-15T04:00:00.000000000,0.88,0.62,0.0,0.0,0.0,0.0
274835,2025-06-15T05:00:00.000000000,0.902,0.641,0.0,0.0,0.3232573903999611,0.0
274835,2025-06-15T06:00:00.000000000,0.847,0.523,0.0,0.0,0.0,0.0
274835,2025-06-15T07:00:00.000000000,0.6880000000000001,0.17900000000000002,0.0,0.0,0.3232573903999611,0.0
274835,2025-06-15T08:00:00.000000000,0.66,0.0,0.0,0.14400000000000002,0.5281140684503445,0.0
274835,2025-06-15T09:00:00.000000000,0.7570000000000001,0.0,0.0,0.423,0.8513714588503056,0.0
274835,2025-06-15T10:00:00.000000000,0.881,0.0,0.0,0.625,0.3323425935753,0.0
274835,2025-06-15T11:00:00.000000000,1.248,0.0,0.0,0.982,0.3323425935753,0.0
274835,2025-06-15T12:00:00.000000000,1.293,0.0,0.0,1.0250000000000001,0.3745448276801,0.0
274835,2025-06-15T13:00:00.000000000,0.9209999999999999,0.0,0.0,0.664,0.3232573903999611,0.0
274835,2025-06-15T14:00:00.000000000,0.77,0.0,0.0,0.514,0.0,0.0
274835,2025-06-15T15:00:00.000000000,0.96,0.0,0.0,0.623,0.8510783877801333,0.0
274835,2025-06-15T16:00:00.000000000,1.395,0.0,0.0,0.789,1.5831699210703443,0.0
274835,2025-06-15T17:00:00.000000000,1.172,0.0,0.0,0.598,0.3229643193297889,0.0
274835,2025-06-15T18:00:00.000000000,1.074,0.0,0.0,0.45799999999999996,0.0,0.0
274835,2025-06-15T19:00:00.000000000,0.949,0.0,0.0,0.26,0.3229643193297889,0.0
274835,2025-06-15T20:00:00.000000000,0.843,0.0,0.0,0.07700000000000001,0.6975091470098889,0.0
274835,2025-06-15T21:00:00.000000000,0.604,0.182,0.0,0.0,0.3323425935753,0.0
274835,2025-06-15T22:00:00.000000000,0.692,0.412,0.0,0.0,0.0,0.0
274835,2025-06-15T23:00:00.000000000,0.7709999999999999,0.502,0.0,0.0,0.3232573903999611,0.0
274835,2025-06-16T00:00:00.000000000,0.856,0.59,0.0,0.0,0.3232573903999611,0.0
274835,2025-06-16T01:00:00.000000000,0.907,0.642,0.0,0.0,0.0,0.0
274835,2025-06-16T02:00:00.000000000,0.952,0.69,0.0,0.0,0.3232573903999611,0.0
274835,2025-06-16T03:00:00.000000000,1.033,0.7710000000000001,0.0,0.0,0.0,0.0
274835,2025-06-16T04:00:00.000000000,1.0830000000000002,0.823,0.0,0.0,0.33498023320685,0.0
274835,2025-06-16T05:00:00.000000000,1.077,0.7270000000000001,0.0,0.0,0.34758228922425555,0.0
274835,2025-06-16T06:00:00.000000000,0.8069999999999999,0.543,0.0,0.0,0.3232573903999611,0.0
274835,2025-06-16T07:00:00.000000000,0.59,0.327,0.0,0.0,0.0,0.0
274835,2025-06-16T08:00:00.000000000,0.43599999999999994,0.17400000000000002,0.0,0.0,0.3522714263470111,0.0
274835,2025-06-16T09:00:00.000000000,0.307,0.047,0.0,0.002,0.3232573903999611,0.0
274835,2025-06-16T10:00:00.000000000,0.31599999999999995,0.0,0.0,0.061000000000000006,0.0,0.0
274835,2025-06-16T11:00:00.000000000,0.414,0.0,0.0,0.158,0.3232573903999611,0.0
274835,2025-06-16T12:00:00.000000000,0.495,0.0,0.0,0.239,0.0,0.0
274835,2025-06-16T13:00:00.000000000,0.5690000000000001,0.0,0.0,0.313,0.3232573903999611,0.0
274835,2025-06-16T14:00:00.000000000,0.63,0.0,0.0,0.374,0.0,0.0
274835,2025-06-16T15:00:00.000000000,0.67,0.0,0.0,0.41,0.3229643193297889,0.0
274835,2025-06-16T16:00:00.000000000,0.672,0.0,0.0,0.379,0.0,0.0
274835,2025-06-16T17:00:00.000000000,1.02,0.0,0.0,0.41000000000000003,1.3791924562304778,0.0
274835,2025-06-16T18:00:00.000000000,0.873,0.0,0.0,0.258,0.0,0.0
274835,2025-06-16T19:00:00.000000000,0.772,0.012,0.0,0.074,0.3229643193297889,0.0
274835,2025-06-16T20:00:00.000000000,1.048,0.284,0.0,0.0,0.3510991420663222,0.0
274835,2025-06-16T21:00:00.000000000,1.006,0.7070000000000001,0.0,0.0,0.6646851871506,0.0
274835,2025-06-16T22:00:00.000000000,1.258,0.977,0.0,0.0,0.3323425935753,0.0
274835,2025-06-16T23:00:00.000000000,1.431,1.162,0.0,0.0,0.3323425935753,0.0
274835,2025-06-17T00:00:00.000000000,1.5590000000000002,1.291,0.0,0.0,0.0,0.0
274835,2025-06-17T01:00:00.000000000,1.645,1.38,0.0,0.0,0.3232573903999611,0.0
274835,2025-06-17T02:00:00.000000000,1.702,1.436,0.0,0.0,0.0,0.0
274835,2025-06-17T03:00:00.000000000,2.6670000000000003,2.364,0.0,0.0,0.3232573903999611,0.0
274835,2025-06-17T04:00:00.000000000,2.289,2.004,0.0,0.0,0.0,0.0
274835,2025-06-17T05:00:00.000000000,1.6300000000000001,1.365,0.0,0.0,0.3232573903999611,0.0
274835,2025-06-17T06:00:00.000000000,1.2449999999999999,0.917,0.0,0.0,0.3390832281892611,0.0
274835,2025-06-17T07:00:00.000000000,0.8600000000000001,0.35100000000000003,0.0,0.0,0.6954576495186833,0.0
274835,2025-06-17T08:00:00.000000000,0.554,0.017,0.0,0.04,0.6834417356416222,0.0
274835,2025-06-17T09:00:00.000000000,0.6859999999999999,0.0,0.0,0.19999999999999998,1.2048151694780056,0.0
274835,2025-06-17T10:00:00.000000000,0.836,0.0,0.0,0.357,0.6720119639049056,0.0
274835,2025-06-17T11:00:00.000000000,0.945,0.0,0.0,0.47,0.35490906597856114,0.0
274835,2025-06-17T12:00:00.000000000,1.014,0.0,0.0,0.54,1.0453845073043166,0.0
274835,2025-06-17T13:00:00.000000000,1.0070000000000001,0.0,0.0,0.591,0.3232573903999611,0.0
274835,2025-06-17T14:00:00.000000000,0.87,0.0,0.0,0.614,0.3229643193297889,0.0
274835,2025-06-17T15:00:00.000000000,0.875,0.0,0.0,0.615,0.34641000494356666,0.0
274835,2025-06-17T16:00:00.000000000,0.857,0.0,0.0,0.563,0.70424978162385,0.0
274835,2025-06-17T17:00:00.000000000,0.764,0.0,0.0,0.481,0.3229643193297889,0.0
274835,2025-06-17T18:00:00.000000000,0.953,0.0,0.0,0.339,0.7602263560267444,0.0
274835,2025-06-17T19:00:00.000000000,0.8420000000000001,0.0,0.0,0.157,0.7860166102019,0.0
274835,2025-06-17T20:00:00.000000000,0.345,0.043,0.0,0.012,0.0,0.0
274835,2025-06-17T21:00:00.000000000,0.5910000000000001,0.29300000000000004,0.0,0.0,0.3229643193297889,0.0
274835,2025-06-17T22:00:00.000000000,0.75,0.471,0.0,0.0,0.3229643193297889,0.0
274835,2025-06-17T23:00:00.000000000,0.859,0.5900000000000001,0.0,0.0,0.0,0.0
274835,2025-06-18T00:00:00.000000000,0.93,0.665,0.0,0.0,0.3232573903999611,0.0
274835,2025-06-18T01:00:00.000000000,1.004,0.7389999999999999,0.0,0.0,0.0,0.0
274835,2025-06-18T02:00:00.000000000,1.0910000000000002,0.828,0.0,0.0,0.3232573903999611,0.0
274835,2025-06-18T03:00:00.000000000,1.105,0.843,0.0,0.0,0.0,0.0
274835,2025-06-18T04:00:00.000000000,1.084,0.823,0.0,0.0,0.3232573903999611,0.0
274835,2025-06-18T05:00:00.000000000,0.995,0.734,0.0,0.0,0.0,0.0
274835,2025-06-18T06:00:00.000000000,1.006,0.56,0.0,0.0,0.3232573903999611,0.0
274835,2025-06-18T07:00:00.000000000,0.8899999999999999,0.38200000000000006,0.0,0.0,0.0,0.0
274835,2025-06-18T08:00:00.000000000,0.78,0.28200000000000003,0.0,0.0,0.3232573903999611,0.0
274835,2025-06-18T09:00:00.000000000,0.676,0.18899999999999997,0.0,0.0,0.0,0.0
274835,2025-06-18T10:00:00.000000000,0.533,0.055,0.0,0.0,0.3323425935753,0.0
274835,2025-06-18T11:00:00.000000000,0.541,0.0,0.0,0.069,0.0,0.0
274835,2025-06-18T12:00:00.000000000,0.642,0.0,0.0,0.169,0.3232573903999611,0.0
274835,2025-06-18T13:00:00.000000000,0.664,0.0,0.0,0.197,0.0,0.0
274835,2025-06-18T14:00:00.000000000,0.652,0.0,0.0,0.179,0.34172086782081107,0.0
274835,2025-06-18T15:00:00.000000000,0.67,0.0,0.0,0.18,1.0477290758656943,0.0
274835,2025-06-18T16:00:00.000000000,0.501,0.0,0.0,0.151,0.34172086782081107,0.0
274835,2025-06-18T17:00:00.000000000,0.403,0.0,0.0,0.11699999999999999,0.0,0.0
274835,2025-06-18T18:00:00.000000000,0.532,0.0,0.0,0.078,0.3232573903999611,0.0
274835,2025-06-18T19:00:00.000000000,0.7329999999999999,0.0,0.0,0.046,0.3229643193297889,0.0
274835,2025-06-18T20:00:00.000000000,0.782,0.011,0.0,0.006,0.0,0.0
274835,2025-06-18T21:00:00.000000000,0.7849999999999999,0.101,0.0,0.0,0.3232573903999611,0.0
274835,2025-06-18T22:00:00.000000000,0.631,0.16899999999999998,0.0,0.0,0.025790254175155555,0.0
274835,2025-06-18T23:00:00.000000000,0.531,0.23199999999999998,0.0,0.0,0.29746713622480553,0.0
274835,2025-06-19T00:00:00.000000000,0.541,0.275,0.0,0.0,0.0,0.0
274835,2025-06-19T01:00:00.000000000,0.571,0.307,0.0,0.0,0.3232573903999611,0.0
274835,2025-06-19T02:00:00.000000000,0.562,0.3,0.0,0.0,0.0,0.0
274835,2025-06-19T03:00:00.000000000,0.576,0.315,0.0,0.0,0.3232573903999611,0.0
274835,2025-06-19T04:00:00.000000000,0.598,0.33799999999999997,0.0,0.0,0.0,0.0
274835,2025-06-19T05:00:00.000000000,0.638,0.217,0.0,0.0,1.37948552730065,0.0
274835,2025-06-19T06:00:00.000000000,0.676,0.18899999999999997,0.0,0.0,0.0,0.0
274835,2025-06-19T07:00:00.000000000,0.58,0.07300000000000001,0.0,0.0,0.6611683343085333,0.0
274835,2025-06-19T08:00:00.000000000,0.531,0.008,0.0,0.026000000000000002,1.2185895097761001,0.0
274835,2025-06-19T09:00:00.000000000,0.629,0.0,0.0,0.14300000000000002,0.8118068643770556,0.0
274835,2025-06-19T10:00:00.000000000,0.7310000000000001,0.0,0.0,0.253,0.28926114625998334,0.0
274835,2025-06-19T11:00:00.000000000,0.793,0.0,0.0,0.31699999999999995,0.3232573903999611,0.0
274835,2025-06-19T12:00:00.000000000,0.887,0.0,0.0,0.414,0.3229643193297889,0.0
274835,2025-06-19T13:00:00.000000000,1.008,0.0,0.0,0.539,0.0,0.0
274835,2025-06-19T14:00:00.000000000,0.84,0.0,0.0,0.585,0.3229643193297889,0.0
274835,2025-06-19T15:00:00.000000000,0.998,0.0,0.0,0.566,0.33204952250512776,0.0
274835,2025-06-19T16:00:00.000000000,0.768,0.0,0.0,0.475,0.24823119643587221,0.0
274835,2025-06-19T17:00:00.000000000,0.758,0.0,0.0,0.389,0.08147375750787779,0.0
274835,2025-06-19T18:00:00.000000000,1.056,0.0,0.0,0.29900000000000004,1.4987654528607446,0.0
274835,2025-06-19T19:00:00.000000000,0.66,0.0,0.0,0.153,2.5110329292356,0.0
274835,2025-06-19T20:00:00.000000000,0.735,0.0,0.0,0.034,2.135901959415156,0.0
274835,2025-06-19T21:00:00.000000000,0.7270000000000001,0.004,0.0,0.019000000000000003,0.57236780004635,0.0
274835,2025-06-19T22:00:00.000000000,0.45899999999999996,0.09,0.0,0.0,0.34172086782081107,0.0
274835,2025-06-19T23:00:00.000000000,0.472,0.205,0.0,0.0,0.0,0.0
274835,2025-06-20T00:00:00.000000000,0.5700000000000001,0.30300000000000005,0.0,0.0,0.3232573903999611,0.0
274835,2025-06-20T01:00:00.000000000,0.648,0.383,0.0,0.0,0.0,0.0
274835,2025-06-20T02:00:00.000000000,0.706,0.442,0.0,0.0,0.3232573903999611,0.0
274835,2025-06-20T03:00:00.000000000,0.756,0.493,0.0,0.0,0.0,0.0
274835,2025-06-20T04:00:00.000000000,0.786,0.528,0.0,0.0,0.3232573903999611,0.0
274835,2025-06-20T05:00:00.000000000,0.7370000000000001,0.43499999999999994,0.0,0.0,0.0,0.0
274835,2025-06-20T06:00:00.000000000,0.7890000000000001,0.301,0.0,0.0,0.32296431932978886,0.0
274835,2025-06-20T07:00:00.000000000,0.7060000000000001,0.197,0.0,0.0,0.0,0.0
274835,2025-06-20T08:00:00.000000000,0.5509999999999999,0.049,0.0,0.003,0.3232573903999611,0.0
274835,2025-06-20T09:00:00.000000000,0.7050000000000001,0.0,0.0,0.182,1.056228136900689,0.0
274835,2025-06-20T10:00:00.000000000,0.778,0.0,0.0,0.30000000000000004,0.3232573903999611,0.0
274835,2025-06-20T11:00:00.000000000,0.902,0.0,0.0,0.426,0.0,0.0
274835,2025-06-20T12:00:00.000000000,0.977,0.0,0.0,0.504,0.33204952250512776,0.0
274835,2025-06-20T13:00:00.000000000,1.142,0.0,0.0,0.6360000000000001,1.781872106647111,0.0
274835,2025-06-20T14:00:00.000000000,1.147,0.0,0.0,0.671,0.7150934112202222,0.0
274835,2025-06-20T15:00:00.000000000,1.214,0.0,0.0,0.7210000000000001,0.3229643193297889,0.0
274835,2025-06-20T16:00:00.000000000,0.891,0.0,0.0,0.599,0.0,0.0
274835,2025-06-20T17:00:00.000000000,0.823,0.0,0.0,0.538,0.33204952250512776,0.0
274835,2025-06-20T18:00:00.000000000,0.681,0.0,0.0,0.401,0.3414277967506389,0.0
274835,2025-06-20T19:00:00.000000000,0.485,0.0,0.0,0.196,0.33204952250512776,0.0
274835,2025-06-20T20:00:00.000000000,0.349,0.031,0.0,0.024,0.0,0.0
274835,2025-06-20T21:00:00.000000000,0.611,0.313,0.0,0.0,0.3229643193297889,0.0
274835,2025-06-20T22:00:00.000000000,0.882,0.513,0.0,0.0,0.0,0.0
274835,2025-06-20T23:00:00.000000000,0.971,0.704,0.0,0.0,0.3229643193297889,0.0
274835,2025-06-21T00:00:00.000000000,1.086,0.819,0.0,0.0,0.0,0.0
274835,2025-06-21T01:00:00.000000000,1.147,0.882,0.0,0.0,0.32325739039996115,0.0
274835,2025-06-21T02:00:00.000000000,1.154,0.89,0.0,0.0,0.0,0.0
274835,2025-06-21T03:00:00.000000000,1.098,0.835,0.0,0.0,0.3232573903999611,0.0
274835,2025-06-21T04:00:00.000000000,1.01,0.7490000000000001,0.0,0.0,0.0,0.0
274835,2025-06-21T05:00:00.000000000,0.8719999999999999,0.612,0.0,0.0,0.3232573903999611,0.0
274835,2025-06-21T06:00:00.000000000,0.585,0.324,0.0,0.0,0.33498023320685,0.0
274835,2025-06-21T07:00:00.000000000,0.531,0.08399999999999999,0.0,0.0,0.9979069939364167,0.0
274835,2025-06-21T08:00:00.000000000,0.504,0.0,0.0,0.006,0.4237807674690333,0.0
274835,2025-06-21T09:00:00.000000000,0.505,0.0,0.0,0.018000000000000002,0.6614614053787056,0.0
274835,2025-06-21T10:00:00.000000000,0.331,0.0,0.0,0.019,0.0,0.0
274835,2025-06-21T11:00:00.000000000,0.475,0.0,0.0,0.057,0.8654388702185722,0.0
274835,2025-06-21T12:00:00.000000000,0.589,0.0,0.0,0.118,0.2552649021200056,0.0
274835,2025-06-21T13:00:00.000000000,0.483,0.0,0.0,0.121,0.3256019589613389,0.0
274835,2025-06-21T14:00:00.000000000,0.525,0.0,0.0,0.10600000000000001,0.0,0.0
274835,2025-06-21T15:00:00.000000000,0.6599999999999999,0.0,0.0,0.134,1.3791924562304778,0.0
274835,2025-06-21T16:00:00.000000000,0.585,0.008,0.0,0.028000000000000004,0.6254136637475222,0.0
274835,2025-06-21T17:00:00.000000000,0.595,0.018000000000000002,0.0,0.003,0.053338934771344444,0.0
274835,2025-06-21T18:00:00.000000000,0.7029999999999998,0.09,0.0,0.0,0.35168528420666667,0.0
274835,2025-06-21T19:00:00.000000000,0.881,0.157,0.0,0.0,1.8035593658398557,0.0
274835,2025-06-21T20:00:00.000000000,1.1349999999999998,0.367,0.0,0.0,0.33204952250512776,0.0
274835,2025-06-21T21:00:00.000000000,0.887,0.464,0.0,0.0,0.0,0.0
274835,2025-06-21T22:00:00.000000000,0.7909999999999999,0.51,0.0,0.0,0.3232573903999611,0.0
274835,2025-06-21T23:00:00.000000000,0.813,0.545,0.0,0.0,0.0,0.0
274835,2025-06-22T00:00:00.000000000,0.857,0.591,0.0,0.0,0.3232573903999611,0.0
274835,2025-06-22T01:00:00.000000000,0.866,0.602,0.0,0.0,0.0,0.0
274835,2025-06-22T02:00:00.000000000,0.85,0.587,0.0,0.0,0.3232573903999611,0.0
274835,2025-06-22T03:00:00.000000000,0.847,0.584,0.0,0.0,0.0,0.0
274835,2025-06-22T04:00:00.000000000,0.848,0.588,0.0,0.0,0.3232573903999611,0.0
274835,2025-06-22T05:00:00.000000000,0.838,0.579,0.0,0.0,0.0,0.0
274835,2025-06-22T06:00:00.000000000,0.843,0.581,0.0,0.0,0.3232573903999611,0.0
274835,2025-06-22T07:00:00.000000000,0.819,0.556,0.0,0.0,0.0,0.0
274835,2025-06-22T08:00:00.000000000,0.8099999999999999,0.549,0.0,0.0,0.3232573903999611,0.0
274835,2025-06-22T09:00:00.000000000,1.0350000000000001,0.606,0.0,0.0,2.008122972820067,0.0
274835,2025-06-22T10:00:00.000000000,1.012,0.536,0.0,0.0,0.0,0.0
274835,2025-06-22T11:00:00.000000000,0.9129999999999999,0.43799999999999994,0.0,0.0,0.3232573903999611,0.0
274835,2025-06-22T12:00:00.000000000,0.829,0.35600000000000004,0.0,0.0,0.0,0.0
274835,2025-06-22T13:00:00.000000000,0.824,0.356,0.0,0.0,0.3323425935753,0.0
274835,2025-06-22T14:00:00.000000000,0.946,0.471,0.0,0.0,0.3232573903999611,0.0
274835,2025-06-22T15:00:00.000000000,1.0790000000000002,0.589,0.0,0.0,0.0,0.0
274835,2025-06-22T16:00:00.000000000,1.143,0.596,0.0,0.0,0.6749426746066278,0.0
274835,2025-06-22T17:00:00.000000000,1.012,0.43799999999999994,0.0,0.0,0.3232573903999611,0.0
274835,2025-06-22T18:00:00.000000000,0.998,0.383,0.0,0.0,1.1491316661452835,0.0
274835,2025-06-22T19:00:00.000000000,1.111,0.423,0.0,0.0,0.0,0.0
274835,2025-06-22T20:00:00.000000000,1.068,0.529,0.0,0.0,0.3232573903999611,0.0
274835,2025-06-22T21:00:00.000000000,1.0230000000000001,0.6000000000000001,0.0,0.0,0.0,0.0
274835,2025-06-22T22:00:00.000000000,0.9219999999999999,0.641,0.0,0.0,0.3232573903999611,0.0
274835,2025-06-22T23:00:00.000000000,0.918,0.65,0.0,0.0,0.3232573903999611,0.0
274835,2025-06-23T00:00:00.000000000,0.916,0.651,0.0,0.0,0.0,0.0
274835,2025-06-23T01:00:00.000000000,0.926,0.662,0.0,0.0,0.3232573903999611,0.0
274835,2025-06-23T02:00:00.000000000,0.932,0.67,0.0,0.0,0.0,0.0
274835,2025-06-23T03:00:00.000000000,0.929,0.668,0.0,0.0,0.3232573903999611,0.0
274835,2025-06-23T04:00:00.000000000,0.92,0.658,0.0,0.0,0.0,0.0
274835,2025-06-23T05:00:00.000000000,0.991,0.6,0.0,0.0,0.3232573903999611,0.0
274835,2025-06-23T06:00:00.000000000,0.8759999999999999,0.508,0.0,0.0,0.0,0.0
274835,2025-06-23T07:00:00.000000000,0.671,0.40800000000000003,0.0,0.0,0.3232573903999611,0.0
274835,2025-06-23T08:00:00.000000000,0.571,0.308,0.0,0.0,0.3736656144695833,0.0
274835,2025-06-23T09:00:00.000000000,0.472,0.213,0.0,0.0,1.0990165131458332,0.0
274835,2025-06-23T10:00:00.000000000,0.36800000000000005,0.111,0.0,0.0,0.0,0.0
274835,2025-06-23T11:00:00.000000000,0.28800000000000003,0.018,0.0,0.013999999999999999,0.3232573903999611,0.0
274835,2025-06-23T12:00:00.000000000,0.39899999999999997,0.0,0.0,0.143,0.0,0.0
274835,2025-06-23T13:00:00.000000000,0.609,0.0,0.0,0.35300000000000004,0.3232573903999611,0.0
274835,2025-06-23T14:00:00.000000000,0.844,0.0,0.0,0.5880000000000001,0.0,0.0
274835,2025-06-23T15:00:00.000000000,1.135,0.0,0.0,0.867,0.3232573903999611,0.0
274835,2025-06-23T16:00:00.000000000,1.19,0.0,0.0,0.8879999999999999,0.0,0.0
274835,2025-06-23T17:00:00.000000000,0.948,0.0,0.0,0.66,0.3232573903999611,0.0
274835,2025-06-23T18:00:00.000000000,0.9970000000000001,0.0,0.0,0.45699999999999996,0.0,0.0
274835,2025-06-23T19:00:00.000000000,0.9339999999999999,0.0,0.0,0.24900000000000003,0.32325739039996115,0.0
274835,2025-06-23T20:00:00.000000000,0.708,0.0,0.0,0.067,0.34728921815408337,0.0
274835,2025-06-23T21:00:00.000000000,0.432,0.136,0.0,0.0,0.61984531341425,0.0
274835,2025-06-23T22:00:00.000000000,0.5630000000000001,0.28400000000000003,0.0,0.0,0.05040822406962222,0.0
274835,2025-06-23T23:00:00.000000000,0.706,0.437,0.0,0.0,0.726816254027111,0.0
274835,2025-06-24T00:00:00.000000000,0.8059999999999999,0.539,0.0,0.0,0.3232573903999611,0.0
274835,2025-06-24T01:00:00.000000000,0.881,0.617,0.0,0.0,0.0,0.0
274835,2025-06-24T02:00:00.000000000,0.925,0.662,0.0,0.0,0.3232573903999611,0.0
274835,2025-06-24T03:00:00.000000000,0.951,0.6890000000000001,0.0,0.0,0.0,0.0
274835,2025-06-24T04:00:00.000000000,0.983,0.72,0.0,0.0,0.3232573903999611,0.0
274835,2025-06-24T05:00:00.000000000,0.939,0.676,0.0,0.0,0.3232573903999611,0.0
274835,2025-06-24T06:00:00.000000000,0.7100000000000001,0.445,0.0,0.0,0.0,0.0
274835,2025-06-24T07:00:00.000000000,0.502,0.103,0.0,0.013,1.1438563868821832,0.0
274835,2025-06-24T08:00:00.000000000,0.66,0.0,0.0,0.21800000000000003,0.7063012791150556,0.0
274835,2025-06-24T09:00:00.000000000,0.7769999999999999,0.0,0.0,0.518,0.3232573903999611,0.0
274835,2025-06-24T10:00:00.000000000,1.101,0.0,0.0,0.841,0.0,0.0
274835,2025-06-24T11:00:00.000000000,1.601,0.0,0.0,1.327,0.3229643193297889,0.0
274835,2025-06-24T12:00:00.000000000,1.983,0.0,0.0,1.7000000000000002,0.0,0.0
274835,2025-06-24T13:00:00.000000000,2.274,0.0,0.0,1.9849999999999999,0.3229643193297889,0.0
274835,2025-06-24T14:00:00.000000000,2.68,0.0,0.0,2.217,0.0,0.0
274835,2025-06-24T15:00:00.000000000,2.708,0.0,0.0,2.1750000000000003,0.0,0.0
274835,2025-06-24T16:00:00.000000000,2.548,0.0,0.0,1.9609999999999999,0.3229643193297889,0.0
274835,2025-06-24T17:00:00.000000000,2.1029999999999998,0.0,0.0,1.5030000000000001,0.0,0.0
274835,2025-06-24T18:00:00.000000000,1.532,0.0,0.0,0.9099999999999999,0.7455728025181334,0.0
274835,2025-06-24T19:00:00.000000000,1.22,0.0,0.0,0.533,0.3510991420663222,0.0
274835,2025-06-24T20:00:00.000000000,1.072,0.0,0.0,0.309,0.6664436135716334,0.0
274835,2025-06-24T21:00:00.000000000,0.721,0.0,0.0,0.12499999999999999,0.37190718804855,0.0
274835,2025-06-24T22:00:00.000000000,0.312,0.023,0.0,0.011,0.3317564514349555,0.0
274835,2025-06-24T23:00:00.000000000,0.422,0.155,0.0,0.0,0.3317564514349555,0.0
274835,2025-06-25T00:00:00.000000000,0.529,0.264,0.0,0.0,0.0,0.0
274835,2025-06-25T01:00:00.000000000,0.604,0.33999999999999997,0.0,0.0,0.3229643193297889,0.0
274835,2025-06-25T02:00:00.000000000,0.667,0.40299999999999997,0.0,0.0,0.0,0.0
274835,2025-06-25T03:00:00.000000000,0.718,0.456,0.0,0.0,0.3229643193297889,0.0
274835,2025-06-25T04:00:00.000000000,0.7529999999999999,0.493,0.0,0.0,0.0,0.0
274835,2025-06-25T05:00:00.000000000,0.674,0.414,0.0,0.0,0.3229643193297889,0.0
274835,2025-06-25T06:00:00.000000000,0.39699999999999996,0.137,0.0,0.0,0.2760729481022333,0.0
274835,2025-06-25T07:00:00.000000000,0.602,0.0,0.0,0.156,1.1655436460749278,0.0
274835,2025-06-25T08:00:00.000000000,0.9800000000000001,0.0,0.0,0.481,0.0,0.0
274835,2025-06-25T09:00:00.000000000,1.329,0.0,0.0,0.839,0.3229643193297889,0.0
274835,2025-06-25T10:00:00.000000000,1.9,0.0,0.0,1.404,0.0,0.0
274835,2025-06-25T11:00:00.000000000,2.437,0.0,0.0,1.933,0.3229643193297889,0.0
274835,2025-06-25T12:00:00.000000000,2.705,0.0,0.0,2.193,0.35080607099615,0.0
274835,2025-06-25T13:00:00.000000000,3.016,0.0,0.0,2.505,0.3229643193297889,0.0
274835,2025-06-25T14:00:00.000000000,3.346,0.0,0.0,2.763,0.008499061034994445,0.0
274835,2025-06-25T15:00:00.000000000,3.4539999999999997,0.0,0.0,2.7719999999999994,1.8929460422423834,0.0
274835,2025-06-25T16:00:00.000000000,3.3739999999999997,0.0,0.0,2.613,2.4585732076747724,0.0
274835,2025-06-25T17:00:00.000000000,2.764,0.0,0.0,2.013,2.1740011985375447,0.0
274835,2025-06-25T18:00:00.000000000,1.848,0.0,0.0,1.219,0.0,0.0
274835,2025-06-25T19:00:00.000000000,1.386,0.0,0.0,0.6950000000000001,0.3525644974171834,0.0
274835,2025-06-25T20:00:00.000000000,1.202,0.0,0.0,0.43599999999999994,1.0436260808832833,0.0
274835,2025-06-25T21:00:00.000000000,0.9269999999999999,0.0,0.0,0.243,0.0,0.0
274835,2025-06-25T22:00:00.000000000,0.49800000000000005,0.0,0.0,0.1,0.3226712482596167,0.0
274835,2025-06-25T23:00:00.000000000,0.29900000000000004,0.024,0.0,0.008,0.0,0.0
274835,2025-06-26T00:00:00.000000000,0.40099999999999997,0.135,0.0,0.0,0.3408416546102945,0.0
274835,2025-06-26T01:00:00.000000000,0.484,0.22,0.0,0.0,0.3229643193297889,0.0
274835,2025-06-26T02:00:00.000000000,0.548,0.28500000000000003,0.0,0.0,0.0,0.0
274835,2025-06-26T03:00:00.000000000,0.596,0.33299999999999996,0.0,0.0,0.3229643193297889,0.0
274835,2025-06-26T04:00:00.000000000,0.611,0.352,0.0,0.0,0.0,0.0
274835,2025-06-26T05:00:00.000000000,0.563,0.304,0.0,0.0,0.0,0.0
274835,2025-06-26T06:00:00.000000000,0.5740000000000001,0.0,0.0,0.052,1.3791924562304778,0.0
274835,2025-06-26T07:00:00.000000000,0.756,0.0,0.0,0.24700000000000003,0.0,0.0
274835,2025-06-26T08:00:00.000000000,1.111,0.0,0.0,0.6120000000000001,0.3229643193297889,0.0
274835,2025-06-26T09:00:00.000000000,1.3559999999999999,0.0,0.0,1.034,0.3408416546102945,0.0
274835,2025-06-26T10:00:00.000000000,1.861,0.0,0.0,1.5859999999999999,0.7446935893076166,0.0
274835,2025-06-26T11:00:00.000000000,2.275,0.0,0.0,1.987,0.33146338036478334,0.0
274835,2025-06-26T12:00:00.000000000,2.256,0.0,0.0,1.968,0.33146338036478334,0.0
274835,2025-06-26T13:00:00.000000000,2.286,0.0,0.0,1.998,0.34318622317167224,0.0
274835,2025-06-26T14:00:00.000000000,2.832,0.0,0.0,2.32,0.6898892991854112,0.0
274835,2025-06-26T15:00:00.000000000,2.9189999999999996,0.0,0.0,2.3899999999999997,0.3226712482596167,0.0
274835,2025-06-26T16:00:00.000000000,2.593,0.0,0.0,2.206,0.0,0.0
274835,2025-06-26T17:00:00.000000000,1.982,0.0,0.0,1.6710000000000003,0.33146338036478334,0.0
274835,2025-06-26T18:00:00.000000000,1.3699999999999999,0.0,0.0,1.079,0.0,0.0
274835,2025-06-26T19:00:00.000000000,0.9199999999999999,0.0,0.0,0.631,0.3226712482596167,0.0
274835,2025-06-26T20:00:00.000000000,0.6890000000000001,0.0,0.0,0.394,0.0,0.0
274835,2025-06-26T21:00:00.000000000,0.631,0.0,0.0,0.242,0.3226712482596167,0.0
274835,2025-06-26T22:00:00.000000000,0.515,0.0,0.0,0.147,0.0,0.0
274835,2025-06-26T23:00:00.000000000,0.342,0.0,0.0,0.076,0.3226712482596167,0.0
274835,2025-06-27T00:00:00.000000000,0.28500000000000003,0.002,0.0,0.018,0.0,0.0
274835,2025-06-27T01:00:00.000000000,0.315,0.052000000000000005,0.0,0.0,0.3226712482596167,0.0
274835,2025-06-27T02:00:00.000000000,0.37,0.108,0.0,0.0,0.0,0.0
274835,2025-06-27T03:00:00.000000000,0.415,0.15400000000000003,0.0,0.0,0.0,0.0
274835,2025-06-27T04:00:00.000000000,0.435,0.175,0.0,0.0,0.3226712482596167,0.0
274835,2025-06-27T05:00:00.000000000,0.36900000000000005,0.109,0.0,0.0,0.0,0.0
274835,2025-06-27T06:00:00.000000000,0.363,0.007,0.0,0.035,0.3226712482596167,0.0
274835,2025-06-27T07:00:00.000000000,0.7359999999999999,0.0,0.0,0.22800000000000004,0.0,0.0
274835,2025-06-27T08:00:00.000000000,1.0110000000000001,0.0,0.0,0.512,0.3226712482596167,0.0
274835,2025-06-27T09:00:00.000000000,1.255,0.0,0.0,0.7659999999999999,0.34377236531201666,0.0
274835,2025-06-27T10:00:00.000000000,1.5719999999999998,0.0,0.0,1.0859999999999999,0.738539096834,0.0
274835,2025-06-27T11:00:00.000000000,1.911,0.0,0.0,1.42,1.0615034161637888,0.0
274835,2025-06-27T12:00:00.000000000,2.013,0.0,0.0,1.626,0.3226712482596167,0.0
274835,2025-06-27T13:00:00.000000000,2.162,0.0,0.0,1.826,0.3405485835401222,0.0
274835,2025-06-27T14:00:00.000000000,2.557,0.0,0.0,2.157,0.7033705684133333,0.0
274835,2025-06-27T15:00:00.000000000,2.7859999999999996,0.0,0.0,2.258,0.0,0.0
274835,2025-06-27T16:00:00.000000000,2.864,0.0,0.0,2.24,1.056228136900689,0.0
274835,2025-06-27T17:00:00.000000000,2.29,0.0,0.0,1.69,0.3226712482596167,0.0
274835,2025-06-27T18:00:00.000000000,1.7810000000000001,0.0,0.0,1.155,0.0,0.0
274835,2025-06-27T19:00:00.000000000,1.375,0.0,0.0,0.685,0.33146338036478334,0.0
274835,2025-06-27T20:00:00.000000000,1.211,0.0,0.0,0.44399999999999995,0.3226712482596167,0.0
274835,2025-06-27T21:00:00.000000000,0.6950000000000001,0.0,0.0,0.272,0.0,0.0
274835,2025-06-27T22:00:00.000000000,0.46599999999999997,0.0,0.0,0.186,0.0,0.0
274835,2025-06-27T23:00:00.000000000,0.426,0.0,0.0,0.159,0.3226712482596167,0.0
274835,2025-06-28T00:00:00.000000000,0.393,0.0,0.0,0.128,0.3405485835401222,0.0
274835,2025-06-28T01:00:00.000000000,0.364,0.0,0.0,0.1,0.0,0.0
274835,2025-06-28T02:00:00.000000000,0.329,0.0,0.0,0.067,0.3226712482596167,0.0
274835,2025-06-28T03:00:00.000000000,0.289,0.0,0.0,0.028,0.0,0.0
274835,2025-06-28T04:00:00.000000000,0.278,0.018000000000000002,0.0,0.001,0.3226712482596167,0.0
274835,2025-06-28T05:00:00.000000000,0.308,0.049,0.0,0.0,0.0,0.0
274835,2025-06-28T06:00:00.000000000,0.29700000000000004,0.003,0.0,0.034,0.3343940910665056,0.0
274835,2025-06-28T07:00:00.000000000,0.592,0.0,0.0,0.145,1.246431261442461,0.0
274835,2025-06-28T08:00:00.000000000,0.8029999999999999,0.0,0.0,0.30300000000000005,0.6872516595538611,0.0
274835,2025-06-28T09:00:00.000000000,0.924,0.0,0.0,0.436,0.3226712482596167,0.0
274835,2025-06-28T10:00:00.000000000,0.8360000000000001,0.0,0.0,0.523,0.0,0.0
274835,2025-06-28T11:00:00.000000000,0.884,0.0,0.0,0.627,0.6819763802907611,0.0
274835,2025-06-28T12:00:00.000000000,1.1239999999999999,0.0,0.0,0.864,0.703077497343161,0.0
274835,2025-06-28T13:00:00.000000000,1.4820000000000002,0.0,0.0,1.0550000000000002,0.7194894772728055,0.0
274835,2025-06-28T14:00:00.000000000,1.219,0.0,0.0,0.9039999999999999,0.0,0.0
274835,2025-06-28T15:00:00.000000000,0.979,0.0,0.0,0.718,0.3226712482596167,0.0
274835,2025-06-28T16:00:00.000000000,1.205,0.0,0.0,0.7779999999999999,0.0,0.0
274835,2025-06-28T17:00:00.000000000,1.4829999999999999,0.0,0.0,0.867,1.3788993851603055,0.0
274835,2025-06-28T18:00:00.000000000,1.2590000000000001,0.0,0.0,0.644,0.0,0.0
274835,2025-06-28T19:00:00.000000000,1.13,0.0,0.0,0.44099999999999995,0.3226712482596167,0.0
274835,2025-06-28T20:00:00.000000000,1.0150000000000001,0.0,0.0,0.249,0.0,0.0
274835,2025-06-28T21:00:00.000000000,0.78,0.0,0.0,0.094,0.3332218067858167,0.0
274835,2025-06-28T22:00:00.000000000,0.531,0.068,0.0,0.001,1.0527112840586224,0.0
274835,2025-06-28T23:00:00.000000000,0.556,0.235,0.0,0.0,0.0,0.0
274835,2025-06-29T00:00:00.000000000,0.638,0.373,0.0,0.0,0.3226712482596167,0.0
274835,2025-06-29T01:00:00.000000000,0.7270000000000001,0.463,0.0,0.0,0.0,0.0
274835,2025-06-29T02:00:00.000000000,0.754,0.489,0.0,0.0,0.3226712482596167,0.0
274835,2025-06-29T03:00:00.000000000,0.758,0.495,0.0,0.0,0.0,0.0
274835,2025-06-29T04:00:00.000000000,0.788,0.502,0.0,0.0,0.0,0.0
274835,2025-06-29T05:00:00.000000000,0.7630000000000001,0.45199999999999996,0.0,0.0,0.3229643193297889,0.0
274835,2025-06-29T06:00:00.000000000,0.77,0.325,0.0,0.0,0.0,0.0
274835,2025-06-29T07:00:00.000000000,0.644,0.135,0.0,0.0,0.3229643193297889,0.0
274835,2025-06-29T08:00:00.000000000,0.555,0.0,0.0,0.057999999999999996,0.7227132590447001,0.0
274835,2025-06-29T09:00:00.000000000,0.73,0.0,0.0,0.243,0.0,0.0
274835,2025-06-29T10:00:00.000000000,0.864,0.0,0.0,0.386,0.3226712482596167,0.0
274835,2025-06-29T11:00:00.000000000,0.918,0.0,0.0,0.442,0.0,0.0
274835,2025-06-29T12:00:00.000000000,0.8350000000000001,0.0,0.0,0.47,0.3226712482596167,0.0
274835,2025-06-29T13:00:00.000000000,1.037,0.0,0.0,0.5680000000000001,0.36077048738200557,0.0
274835,2025-06-29T14:00:00.000000000,1.198,0.0,0.0,0.723,0.3226712482596167,0.0
274835,2025-06-29T15:00:00.000000000,1.427,0.0,0.0,0.929,0.0,0.0
274835,2025-06-29T16:00:00.000000000,1.541,0.0,0.0,0.984,0.35021992885580555,0.0
274835,2025-06-29T17:00:00.000000000,1.432,0.0,0.0,0.8519999999999999,0.3405485835401222,0.0
274835,2025-06-29T18:00:00.000000000,1.216,0.0,0.0,0.6,0.35021992885580555,0.0
274835,2025-06-29T19:00:00.000000000,1.09,0.0,0.0,0.40099999999999997,0.3226712482596167,0.0
274835,2025-06-29T20:00:00.000000000,0.992,0.0,0.0,0.22499999999999998,0.0,0.0
274835,2025-06-29T21:00:00.000000000,0.778,0.0,0.0,0.095,0.3226712482596167,0.0
274835,2025-06-29T22:00:00.000000000,0.395,0.015,0.0,0.014,0.0,0.0
274835,2025-06-29T23:00:00.000000000,0.372,0.103,0.0,0.0,0.3226712482596167,0.0
274835,2025-06-30T00:00:00.000000000,0.407,0.14300000000000002,0.0,0.0,0.0,0.0
274835,2025-06-30T01:00:00.000000000,0.413,0.149,0.0,0.0,0.3226712482596167,0.0
274835,2025-06-30T02:00:00.000000000,0.427,0.16399999999999998,0.0,0.0,0.0,0.0
274835,2025-06-30T03:00:00.000000000,0.45,0.188,0.0,0.0,0.3226712482596167,0.0
274835,2025-06-30T04:00:00.000000000,0.46,0.198,0.0,0.0,0.0,0.0
274835,2025-06-30T05:00:00.000000000,0.396,0.13399999999999998,0.0,0.0,0.3229643193297889,0.0
274835,2025-06-30T06:00:00.000000000,0.41300000000000003,0.01,0.0,0.06,0.5281140684503445,0.0
274835,2025-06-30T07:00:00.000000000,0.7769999999999999,0.0,0.0,0.248,0.5281140684503445,0.0
274835,2025-06-30T08:00:00.000000000,0.7290000000000001,0.0,0.0,0.40399999999999997,0.3226712482596167,0.0
274835,2025-06-30T09:00:00.000000000,0.865,0.0,0.0,0.6060000000000001,0.0,0.0
274835,2025-06-30T10:00:00.000000000,1.103,0.0,0.0,0.845,1.114549279864961,0.0
274835,2025-06-30T11:00:00.000000000,1.4620000000000002,0.0,0.0,1.191,1.1318404730051221,0.0
274835,2025-06-30T12:00:00.000000000,1.744,0.0,0.0,1.468,0.0,0.0
274835,2025-06-30T13:00:00.000000000,1.764,0.0,0.0,1.4869999999999999,0.3226712482596167,0.0
274835,2025-06-30T14:00:00.000000000,1.702,0.0,0.0,1.427,0.0,0.0
274835,2025-06-30T15:00:00.000000000,1.6709999999999998,0.0,0.0,1.3920000000000001,0.0,0.0
274835,2025-06-30T16:00:00.000000000,1.45,0.0,0.0,1.146,0.3226712482596167,0.0
274835,2025-06-30T17:00:00.000000000,1.029,0.0,0.0,0.7420000000000001,0.0,0.0
274835,2025-06-30T18:00:00.000000000,0.8810000000000001,0.0,0.0,0.516,0.3226712482596167,0.0
274835,2025-06-30T19:00:00.000000000,1.068,0.0,0.0,0.38400000000000006,0.0,0.0
274835,2025-06-30T20:00:00.000000000,0.525,0.0,0.0,0.23399999999999999,0.0,0.0
274835,2025-06-30T21:00:00.000000000,0.42300000000000004,0.0,0.0,0.125,0.3226712482596167,0.0
274835,2025-06-30T22:00:00.000000000,0.331,0.0,0.0,0.052,0.0,0.0
274835,2025-06-30T23:00:00.000000000,0.29800000000000004,0.029,0.0,0.002,0.33146338036478334,0.0
274835,2025-07-01T00:00:00.000000000,0.39499999999999996,0.13,0.0,0.0,0.0,0.0
274835,2025-07-01T01:00:00.000000000,0.497,0.234,0.0,0.0,0.3226712482596167,0.0
274835,2025-07-01T02:00:00.000000000,0.601,0.33799999999999997,0.0,0.0,0.0,0.0
274835,2025-07-01T03:00:00.000000000,0.698,0.437,0.0,0.0,0.3226712482596167,0.0
274835,2025-07-01T04:00:00.000000000,0.7329999999999999,0.472,0.0,0.0,0.0,0.0
274835,2025-07-01T05:00:00.000000000,0.626,0.36500000000000005,0.0,0.0,0.3226712482596167,0.0
274835,2025-07-01T06:00:00.000000000,0.5070000000000001,0.12300000000000001,0.0,0.0,0.6895962281152389,0.0
274835,2025-07-01T07:00:00.000000000,0.372,0.0,0.0,0.108,0.0,0.0
274835,2025-07-01T08:00:00.000000000,0.6180000000000001,0.0,0.0,0.35400000000000004,0.0,0.0
274835,2025-07-01T09:00:00.000000000,0.89,0.0,0.0,0.631,0.3226712482596167,0.0
274835,2025-07-01T10:00:00.000000000,1.475,0.0,0.0,1.072,0.9047103936216501,0.0
274835,2025-07-01T11:00:00.000000000,1.7830000000000001,0.0,0.0,1.139,0.4756543468895167,0.0
274835,2025-07-01T12:00:00.000000000,1.405,0.0,0.0,0.8340000000000001,1.64324949045565,0.0
274835,2025-07-01T13:00:00.000000000,1.319,0.0,0.0,0.7709999999999999,1.463596924440078,0.0
274835,2025-07-01T14:00:00.000000000,1.163,0.0,0.0,0.903,0.0,0.0
274835,2025-07-01T15:00:00.000000000,1.212,0.0,0.0,0.945,0.3311703092946111,0.0
274835,2025-07-01T16:00:00.000000000,1.2839999999999998,0.0,0.0,0.921,0.3311703092946111,0.0
274835,2025-07-01T17:00:00.000000000,1.787,0.0,0.0,1.098,3.4937002275230613,0.0
274835,2025-07-01T18:00:00.000000000,1.234,0.0,0.0,0.626,0.0,0.0
274835,2025-07-01T19:00:00.000000000,1.1139999999999999,0.0,0.0,0.43199999999999994,0.3226712482596167,0.0
274835,2025-07-01T20:00:00.000000000,1.021,0.0,0.0,0.261,0.0,0.0
274835,2025-07-01T21:00:00.000000000,0.5289999999999999,0.0,0.0,0.109,0.33146338036478334,0.0
274835,2025-07-01T22:00:00.000000000,0.301,0.003,0.0,0.019999999999999997,0.3247227457508222,0.0
274835,2025-07-01T23:00:00.000000000,0.33899999999999997,0.072,0.0,0.0,0.0,0.0
274835,2025-07-02T00:00:00.000000000,0.42,0.15600000000000003,0.0,0.0,0.0,0.0
274835,2025-07-02T01:00:00.000000000,0.492,0.228,0.0,0.0,0.3226712482596167,0.0
274835,2025-07-02T02:00:00.000000000,0.5660000000000001,0.30400000000000005,0.0,0.0,0.0,0.0
274835,2025-07-02T03:00:00.000000000,0.638,0.376,0.0,0.0,0.3226712482596167,0.0
274835,2025-07-02T04:00:00.000000000,0.678,0.419,0.0,0.0,0.0,0.0
274835,2025-07-02T05:00:00.000000000,0.655,0.397,0.0,0.0,0.3229643193297889,0.0
274835,2025-07-02T06:00:00.000000000,0.502,0.24200000000000002,0.0,0.0,0.0,0.0
274835,2025-07-02T07:00:00.000000000,0.504,0.018,0.0,0.045,0.7191964062026334,0.0
274835,2025-07-02T08:00:00.000000000,0.781,0.0,0.0,0.20700000000000002,0.7007329287817834,0.0
274835,2025-07-02T09:00:00.000000000,0.967,0.0,0.0,0.386,0.6113462523792557,0.0
274835,2025-07-02T10:00:00.000000000,1.228,0.0,0.0,0.5940000000000001,2.4632623447975277,0.0
274835,2025-07-02T11:00:00.000000000,1.2879999999999998,0.0,0.0,0.7789999999999999,1.199832961285078,0.0
274835,2025-07-02T12:00:00.000000000,1.606,0.0,0.0,1.128,0.0,0.0
274835,2025-07-02T13:00:00.000000000,1.931,0.0,0.0,1.447,0.6605821921681889,0.0
274835,2025-07-02T14:00:00.000000000,1.992,0.0,0.0,1.4989999999999999,0.34025551246995,0.0
274835,2025-07-02T15:00:00.000000000,1.634,0.0,0.0,1.135,0.0,0.0
274835,2025-07-02T16:00:00.000000000,1.247,0.0,0.0,0.7030000000000001,0.3311703092946111,0.0
274835,2025-07-02T17:00:00.000000000,1.096,0.0,0.0,0.527,0.3311703092946111,0.0
274835,2025-07-02T18:00:00.000000000,1.079,0.0,0.0,0.43299999999999994,1.3783132430199612,0.0
274835,2025-07-02T19:00:00.000000000,0.945,0.0,0.0,0.261,0.0,0.0
274835,2025-07-02T20:00:00.000000000,0.9179999999999999,0.0,0.0,0.157,0.34025551246995,0.0
274835,2025-07-02T21:00:00.000000000,0.48700000000000004,0.0,0.0,0.06599999999999999,0.3311703092946111,0.0
274835,2025-07-02T22:00:00.000000000,0.495,0.0,0.0,0.036,0.6177938159230445,0.0
274835,2025-07-02T23:00:00.000000000,0.338,0.005,0.0,0.007,0.07590540717460556,0.0
274835,2025-07-03T00:00:00.000000000,0.32699999999999996,0.054000000000000006,0.0,0.0,0.0,0.0
274835,2025-07-03T01:00:00.000000000,0.393,0.129,0.0,0.0,0.3226712482596167,0.0
274835,2025-07-03T02:00:00.000000000,0.489,0.226,0.0,0.0,0.0,0.0
274835,2025-07-03T03:00:00.000000000,0.5830000000000001,0.32199999999999995,0.0,0.0,0.3226712482596167,0.0
274835,2025-07-03T04:00:00.000000000,0.642,0.384,0.0,0.0,0.0,0.0
274835,2025-07-03T05:00:00.000000000,0.576,0.319,0.0,0.0,0.3226712482596167,0.0
274835,2025-07-03T06:00:00.000000000,0.431,0.103,0.0,0.007,0.0,0.0
274835,2025-07-03T07:00:00.000000000,0.762,0.0,0.0,0.223,1.3786063140901335,0.0
274835,2025-07-03T08:00:00.000000000,0.898,0.0,0.0,0.40499999999999997,0.0,0.0
274835,2025-07-03T09:00:00.000000000,1.099,0.0,0.0,0.6180000000000001,0.3226712482596167,0.0
274835,2025-07-03T10:00:00.000000000,1.456,0.0,0.0,0.822,0.3376178728384,0.0
274835,2025-07-03T11:00:00.000000000,1.5300000000000002,0.0,0.0,0.952,1.694536927735789,0.0
274835,2025-07-03T12:00:00.000000000,1.457,0.0,0.0,0.972,0.44048581846885,0.0
274835,2025-07-03T13:00:00.000000000,1.44,0.0,0.0,0.967,0.3226712482596167,0.0
274835,2025-07-03T14:00:00.000000000,1.5300000000000002,0.0,0.0,1.049,0.20104675413814446,0.0
274835,2025-07-03T15:00:00.000000000,1.694,0.0,0.0,1.1929999999999998,0.4612938644510778,0.0
274835,2025-07-03T16:00:00.000000000,1.808,0.0,0.0,1.2469999999999999,0.32501581682099445,0.0
274835,2025-07-03T17:00:00.000000000,1.804,0.0,0.0,1.1829999999999998,1.0556419947603444,0.0
274835,2025-07-03T18:00:00.000000000,1.375,0.0,0.0,0.762,0.6755288167469722,0.0
274835,2025-07-03T19:00:00.000000000,1.17,0.0,0.0,0.487,0.0,0.0
274835,2025-07-03T20:00:00.000000000,1.036,0.0,0.0,0.27399999999999997,0.3311703092946111,0.0
274835,2025-07-03T21:00:00.000000000,0.788,0.0,0.0,0.10700000000000001,0.3311703092946111,0.0
274835,2025-07-03T22:00:00.000000000,0.49299999999999994,0.017,0.0,0.015,0.0,0.0
274835,2025-07-03T23:00:00.000000000,0.451,0.153,0.0,0.0,0.0,0.0
274835,2025-07-04T00:00:00.000000000,0.548,0.28200000000000003,0.0,0.0,0.3226712482596167,0.0
274835,2025-07-04T01:00:00.000000000,0.675,0.411,0.0,0.0,0.0,0.0
274835,2025-07-04T02:00:00.000000000,0.786,0.523,0.0,0.0,0.3226712482596167,0.0
274835,2025-07-04T03:00:00.000000000,0.885,0.624,0.0,0.0,0.0,0.0
274835,2025-07-04T04:00:00.000000000,0.9309999999999999,0.672,0.0,0.0,0.3226712482596167,0.0
274835,2025-07-04T05:00:00.000000000,0.8160000000000001,0.556,0.0,0.0,0.0,0.0
274835,2025-07-04T06:00:00.000000000,0.7150000000000001,0.2,0.0,0.041,1.3032870490558723,0.0
274835,2025-07-04T07:00:00.000000000,1.027,0.0,0.0,0.369,4.523845039178422,0.0
274835,2025-07-04T08:00:00.000000000,1.276,0.0,0.0,0.647,3.9957309707280775,0.0
274835,2025-07-04T09:00:00.000000000,1.1909999999999998,0.0,0.0,0.71,0.3226712482596167,0.0
274835,2025-07-04T10:00:00.000000000,1.339,0.0,0.0,0.862,0.0,0.0
274835,2025-07-04T11:00:00.000000000,1.503,0.0,0.0,1.025,0.3226712482596167,0.0
274835,2025-07-04T12:00:00.000000000,1.6749999999999998,0.0,0.0,1.1929999999999998,0.0,0.0
274835,2025-07-04T13:00:00.000000000,1.619,0.0,0.0,1.2930000000000001,0.34025551246995,0.0
274835,2025-07-04T14:00:00.000000000,1.7729999999999997,0.0,0.0,1.3900000000000001,0.3226712482596167,0.0
274835,2025-07-04T15:00:00.000000000,1.8539999999999999,0.0,0.0,1.351,0.0,0.0
274835,2025-07-04T16:00:00.000000000,1.8619999999999999,0.0,0.0,1.3030000000000002,0.32237817718944445,0.0
274835,2025-07-04T17:00:00.000000000,1.6700000000000002,0.0,0.0,1.089,0.0,0.0
274835,2025-07-04T18:00:00.000000000,1.335,0.0,0.0,0.7220000000000001,0.34025551246995,0.0
274835,2025-07-04T19:00:00.000000000,1.159,0.0,0.0,0.474,0.34025551246995,0.0
274835,2025-07-04T20:00:00.000000000,1.0550000000000002,0.0,0.0,0.293,0.3226712482596167,0.0
274835,2025-07-04T21:00:00.000000000,0.835,0.0,0.0,0.155,0.0,0.0
274835,2025-07-04T22:00:00.000000000,0.461,0.0,0.0,0.06399999999999999,0.3226712482596167,0.0
274835,2025-07-04T23:00:00.000000000,0.28500000000000003,0.012,0.0,0.004,0.3226712482596167,0.0
274835,2025-07-05T00:00:00.000000000,0.33899999999999997,0.07500000000000001,0.0,0.0,0.0,0.0
274835,2025-07-05T01:00:00.000000000,0.389,0.125,0.0,0.0,0.3226712482596167,0.0
274835,2025-07-05T02:00:00.000000000,0.424,0.16299999999999998,0.0,0.0,0.0,0.0
274835,2025-07-05T03:00:00.000000000,0.44,0.179,0.0,0.0,0.0,0.0
274835,2025-07-05T04:00:00.000000000,0.44,0.181,0.0,0.0,0.3226712482596167,0.0
274835,2025-07-05T05:00:00.000000000,0.453,0.152,0.0,0.0,0.0,0.0
274835,2025-07-05T06:00:00.000000000,0.555,0.031,0.0,0.009,0.3226712482596167,0.0
274835,2025-07-05T07:00:00.000000000,0.683,0.0,0.0,0.11299999999999999,0.3253088878911667,0.0
274835,2025-07-05T08:00:00.000000000,0.6070000000000001,0.0,0.0,0.205,1.8864984786985945,0.0
274835,2025-07-05T09:00:00.000000000,0.505,0.0,0.0,0.241,0.39359444724129444,0.0
274835,2025-07-05T10:00:00.000000000,0.493,0.0,0.0,0.237,0.34025551246995,0.0
274835,2025-07-05T11:00:00.000000000,0.507,0.0,0.0,0.251,0.0,0.0
274835,2025-07-05T12:00:00.000000000,0.633,0.0,0.0,0.272,0.3226712482596167,0.0
274835,2025-07-05T13:00:00.000000000,0.679,0.0,0.0,0.21699999999999997,0.7282816093779723,0.0
274835,2025-07-05T14:00:00.000000000,0.597,0.0,0.0,0.131,0.6854932331328278,0.0
274835,2025-07-05T15:00:00.000000000,0.565,0.0,0.0,0.082,0.0,0.0
274835,2025-07-05T16:00:00.000000000,0.6120000000000001,0.0,0.0,0.042,0.6813902381504167,0.0
274835,2025-07-05T17:00:00.000000000,0.762,0.0,0.0,0.065,0.3434792942418444,0.0
274835,2025-07-05T18:00:00.000000000,0.841,0.0,0.0,0.088,2.5673025747086666,0.0
274835,2025-07-05T19:00:00.000000000,0.8759999999999999,0.0,0.0,0.112,1.3941390808092613,0.0
274835,2025-07-05T20:00:00.000000000,0.481,0.0,0.0,0.085,0.3238435325403055,0.0
274835,2025-07-05T21:00:00.000000000,0.35100000000000003,0.0,0.0,0.053,0.3405485835401222,0.0
274835,2025-07-05T22:00:00.000000000,0.323,0.0,0.0,0.043000000000000003,0.0,0.0
274835,2025-07-05T23:00:00.000000000,0.298,0.0,0.0,0.03,0.3405485835401222,0.0
274835,2025-07-06T00:00:00.000000000,0.289,0.0,0.0,0.025,0.3226712482596167,0.0
274835,2025-07-06T01:00:00.000000000,0.284,0.0,0.0,0.02,0.0,0.0
274835,2025-07-06T02:00:00.000000000,0.281,0.0,0.0,0.019,0.0,0.0
274835,2025-07-06T03:00:00.000000000,0.271,0.0,0.0,0.010000000000000002,0.3226712482596167,0.0
274835,2025-07-06T04:00:00.000000000,0.266,0.007,0.0,0.0,0.0,0.0
274835,2025-07-06T05:00:00.000000000,0.323,0.001,0.0,0.02,0.3226712482596167,0.0
274835,2025-07-06T06:00:00.000000000,0.719,0.0,0.0,0.19999999999999996,1.0556419947603444,0.0
274835,2025-07-06T07:00:00.000000000,0.696,0.0,0.0,0.194,0.3226712482596167,0.0
274835,2025-07-06T08:00:00.000000000,0.6930000000000001,0.0,0.0,0.258,0.7036636394835055,0.0
274835,2025-07-06T09:00:00.000000000,0.821,0.0,0.0,0.505,0.0,0.0
274835,2025-07-06T10:00:00.000000000,1.196,0.0,0.0,0.829,0.0,0.0
274835,2025-07-06T11:00:00.000000000,1.589,0.0,0.0,1.109,0.34025551246995,0.0
274835,2025-07-06T12:00:00.000000000,1.717,0.0,0.0,1.236,0.3226712482596167,0.0
274835,2025-07-06T13:00:00.000000000,1.6920000000000002,0.0,0.0,1.212,0.0,0.0
274835,2025-07-06T14:00:00.000000000,1.512,0.0,0.0,1.002,0.3226712482596167,0.0
274835,2025-07-06T15:00:00.000000000,1.3639999999999999,0.0,0.0,0.75,0.34553079173305,0.0
274835,2025-07-06T16:00:00.000000000,1.347,0.0,0.0,0.625,3.27331078275355,0.0
274835,2025-07-06T17:00:00.000000000,1.0910000000000002,0.0,0.0,0.479,0.5697301604148001,0.0
274835,2025-07-06T18:00:00.000000000,0.986,0.0,0.0,0.37600000000000006,0.6714258217645611,0.0
274835,2025-07-06T19:00:00.000000000,0.951,0.0,0.0,0.267,0.692233867746789,0.0
274835,2025-07-06T20:00:00.000000000,0.939,0.0,0.0,0.17800000000000002,0.6901823702555834,0.0
274835,2025-07-06T21:00:00.000000000,0.784,0.0,0.0,0.105,0.0,0.0
274835,2025-07-06T22:00:00.000000000,0.506,0.0,0.0,0.046,0.34025551246995,0.0
274835,2025-07-06T23:00:00.000000000,0.325,0.013000000000000001,0.0,0.003,0.3226712482596167,0.0
274835,2025-07-07T00:00:00.000000000,0.316,0.052,0.0,0.0,0.0,0.0
274835,2025-07-07T01:00:00.000000000,0.344,0.08000000000000002,0.0,0.0,0.0,0.0
274835,2025-07-07T02:00:00.000000000,0.367,0.106,0.0,0.0,0.3226712482596167,0.0
274835,2025-07-07T03:00:00.000000000,0.382,0.121,0.0,0.0,0.0,0.0
274835,2025-07-07T04:00:00.000000000,0.40399999999999997,0.14300000000000002,0.0,0.0,0.3226712482596167,0.0
274835,2025-07-07T05:00:00.000000000,0.39,0.127,0.0,0.0,0.0,0.0
274835,2025-07-07T06:00:00.000000000,0.32599999999999996,0.011,0.0,0.052000000000000005,0.3226712482596167,0.0
274835,2025-07-07T07:00:00.000000000,0.499,0.0,0.0,0.235,0.0,0.0
274835,2025-07-07T08:00:00.000000000,0.718,0.0,0.0,0.456,0.0,0.0
274835,2025-07-07T09:00:00.000000000,0.9239999999999999,0.0,0.0,0.6639999999999999,0.3226712482596167,0.0
274835,2025-07-07T10:00:00.000000000,1.138,0.0,0.0,0.877,0.0,0.0
274835,2025-07-07T11:00:00.000000000,1.18,0.0,0.0,0.917,0.3226712482596167,0.0
274835,2025-07-07T12:00:00.000000000,1.238,0.0,0.0,0.973,0.0,0.0
274835,2025-07-07T13:00:00.000000000,1.337,0.0,0.0,1.069,0.3226712482596167,0.0
274835,2025-07-07T14:00:00.000000000,1.464,0.0,0.0,1.194,0.0,0.0
274835,2025-07-07T15:00:00.000000000,1.408,0.0,0.0,1.135,0.0,0.0
274835,2025-07-07T16:00:00.000000000,1.4969999999999999,0.0,0.0,1.002,0.3226712482596167,0.0
274835,2025-07-07T17:00:00.000000000,1.434,0.0,0.0,0.861,0.0,0.0
274835,2025-07-07T18:00:00.000000000,0.8939999999999999,0.0,0.0,0.613,0.3226712482596167,0.0
274835,2025-07-07T19:00:00.000000000,0.683,0.0,0.0,0.39699999999999996,0.0,0.0
274835,2025-07-07T20:00:00.000000000,0.498,0.0,0.0,0.207,0.6538415575542278,0.0
274835,2025-07-07T21:00:00.000000000,0.386,0.0,0.0,0.088,0.34963378671546114,0.0
274835,2025-07-07T22:00:00.000000000,0.319,0.0,0.0,0.04,0.3226712482596167,0.0
274835,2025-07-07T23:00:00.000000000,0.279,0.008,0.0,0.004,0.0,0.0
274835,2025-07-08T00:00:00.000000000,0.317,0.053,0.0,0.0,0.3226712482596167,0.0
274835,2025-07-08T01:00:00.000000000,0.356,0.093,0.0,0.0,0.0,0.0
274835,2025-07-08T02:00:00.000000000,0.382,0.122,0.0,0.0,0.3226712482596167,0.0
274835,2025-07-08T03:00:00.000000000,0.398,0.138,0.0,0.0,0.0,0.0
274835,2025-07-08T04:00:00.000000000,0.411,0.15,0.0,0.0,0.0,0.0
274835,2025-07-08T05:00:00.000000000,0.411,0.15,0.0,0.0,0.3226712482596167,0.0
274835,2025-07-08T06:00:00.000000000,0.389,0.125,0.0,0.0,0.0,0.0
274835,2025-07-08T07:00:00.000000000,0.318,0.055,0.0,0.0,0.3226712482596167,0.0
274835,2025-07-08T08:00:00.000000000,0.47500000000000003,0.004,0.0,0.038,1.0828976042863612,0.0
274835,2025-07-08T09:00:00.000000000,0.5369999999999999,0.0,0.0,0.166,0.6863724463433445,0.0
274835,2025-07-08T10:00:00.000000000,0.5950000000000001,0.0,0.0,0.339,0.0,0.0
274835,2025-07-08T11:00:00.000000000,0.946,0.0,0.0,0.53,0.3226712482596167,0.0
274835,2025-07-08T12:00:00.000000000,0.908,0.0,0.0,0.651,0.7013190709221278,0.0
274835,2025-07-08T13:00:00.000000000,0.912,0.0,0.0,0.654,0.0,0.0
274835,2025-07-08T14:00:00.000000000,0.8839999999999999,0.0,0.0,0.577,0.6799248827995555,0.0
274835,2025-07-08T15:00:00.000000000,0.7629999999999999,0.0,0.0,0.502,0.0,0.0
274835,2025-07-08T16:00:00.000000000,0.738,0.0,0.0,0.445,0.3226712482596167,0.0
274835,2025-07-08T17:00:00.000000000,0.735,0.0,0.0,0.377,0.36018434524166115,0.0
274835,2025-07-08T18:00:00.000000000,0.912,0.0,0.0,0.304,0.8422862556749667,0.0
274835,2025-07-08T19:00:00.000000000,0.9179999999999999,0.0,0.0,0.237,1.0093367656731334,0.0
274835,2025-07-08T20:00:00.000000000,0.558,0.0,0.0,0.163,0.06271720901685555,0.0
274835,2025-07-08T21:00:00.000000000,0.403,0.0,0.0,0.10499999999999998,0.3226712482596167,0.0
274835,2025-07-08T22:00:00.000000000,0.357,0.0,0.0,0.079,0.3226712482596167,0.0
274835,2025-07-08T23:00:00.000000000,0.327,0.0,0.0,0.062,0.0,0.0
274835,2025-07-09T00:00:00.000000000,0.315,0.0,0.0,0.05,0.0,0.0
274835,2025-07-09T01:00:00.000000000,0.295,0.0,0.0,0.030999999999999996,0.3226712482596167,0.0
274835,2025-07-09T02:00:00.000000000,0.28300000000000003,0.019,0.0,0.001,0.0,0.0
274835,2025-07-09T03:00:00.000000000,0.33799999999999997,0.07700000000000001,0.0,0.0,0.3226712482596167,0.0
274835,2025-07-09T04:00:00.000000000,0.355,0.096,0.0,0.0,0.0,0.0
274835,2025-07-09T05:00:00.000000000,0.45099999999999996,0.06599999999999999,0.0,0.0,0.3226712482596167,0.0
274835,2025-07-09T06:00:00.000000000,0.521,0.004,0.0,0.033,0.0,0.0
274835,2025-07-09T07:00:00.000000000,0.685,0.0,0.0,0.183,0.7007329287817834,0.0
274835,2025-07-09T08:00:00.000000000,0.891,0.0,0.0,0.39899999999999997,1.0963788735142834,0.0
274835,2025-07-09T09:00:00.000000000,1.079,0.0,0.0,0.5980000000000001,0.3311703092946111,0.0
274835,2025-07-09T10:00:00.000000000,1.2429999999999999,0.0,0.0,0.7699999999999999,0.3610635584521778,0.0
274835,2025-07-09T11:00:00.000000000,1.4609999999999999,0.0,0.0,0.986,0.3226712482596167,0.0
274835,2025-07-09T12:00:00.000000000,1.514,0.0,0.0,1.0390000000000001,0.0,0.0
274835,2025-07-09T13:00:00.000000000,1.3439999999999999,0.0,0.0,0.877,0.3226712482596167,0.0
274835,2025-07-09T14:00:00.000000000,1.5330000000000001,0.0,0.0,1.018,1.3956044361601223,0.0
274835,2025-07-09T15:00:00.000000000,1.563,0.0,0.0,1.068,0.3226712482596167,0.0
274835,2025-07-09T16:00:00.000000000,1.6099999999999999,0.0,0.0,1.056,0.33996244139977777,0.0
274835,2025-07-09T17:00:00.000000000,1.428,0.0,0.0,0.8539999999999999,0.3226712482596167,0.0
274835,2025-07-09T18:00:00.000000000,1.224,0.0,0.0,0.615,0.0,0.0
274835,2025-07-09T19:00:00.000000000,1.108,0.0,0.0,0.42399999999999993,0.3226712482596167,0.0
274835,2025-07-09T20:00:00.000000000,1.026,0.0,0.0,0.265,0.0,0.0
274835,2025-07-09T21:00:00.000000000,0.8240000000000001,0.0,0.0,0.146,0.3226712482596167,0.0
274835,2025-07-09T22:00:00.000000000,0.449,0.0,0.0,0.051000000000000004,0.0,0.0
274835,2025-07-09T23:00:00.000000000,0.30100000000000005,0.032,0.0,0.001,0.0,0.0
274835,2025-07-10T00:00:00.000000000,0.388,0.124,0.0,0.0,0.3226712482596167,0.0
274835,2025-07-10T01:00:00.000000000,0.478,0.214,0.0,0.0,0.0,0.0
274835,2025-07-10T02:00:00.000000000,0.554,0.29200000000000004,0.0,0.0,0.3226712482596167,0.0
274835,2025-07-10T03:00:00.000000000,0.614,0.365,0.0,0.0,0.0,0.0
274835,2025-07-10T04:00:00.000000000,0.69,0.431,0.0,0.0,0.3226712482596167,0.0
274835,2025-07-10T05:00:00.000000000,0.641,0.38200000000000006,0.0,0.0,0.0,0.0
274835,2025-07-10T06:00:00.000000000,0.589,0.14700000000000002,0.0,0.0,0.3226712482596167,0.0
274835,2025-07-10T07:00:00.000000000,0.5880000000000001,0.0,0.0,0.086,0.0,0.0
274835,2025-07-10T08:00:00.000000000,0.7899999999999999,0.0,0.0,0.29700000000000004,0.3226712482596167,0.0
274835,2025-07-10T09:00:00.000000000,0.818,0.0,0.0,0.502,0.0,0.0
274835,2025-07-10T10:00:00.000000000,1.179,0.0,0.0,0.706,0.7637432088688111,0.0
274835,2025-07-10T11:00:00.000000000,1.4459999999999997,0.0,0.0,0.971,1.5685163675617333,0.0
274835,2025-07-10T12:00:00.000000000,1.566,0.0,0.0,1.088,0.0,0.0
274835,2025-07-10T13:00:00.000000000,1.4819999999999998,0.0,0.0,1.012,0.3226712482596167,0.0
274835,2025-07-10T14:00:00.000000000,1.384,0.0,0.0,0.964,0.0,0.0
274835,2025-07-10T15:00:00.000000000,1.28,0.0,0.0,1.012,0.3226712482596167,0.0
274835,2025-07-10T16:00:00.000000000,1.384,0.0,0.0,1.0190000000000001,0.6849070909924833,0.0
274835,2025-07-10T17:00:00.000000000,1.573,0.0,0.0,0.996,0.0,0.0
274835,2025-07-10T18:00:00.000000000,1.396,0.0,0.0,0.783,0.32237817718944445,0.0
274835,2025-07-10T19:00:00.000000000,1.219,0.0,0.0,0.534,0.0,0.0
274835,2025-07-10T20:00:00.000000000,1.081,0.0,0.0,0.318,0.32237817718944445,0.0
274835,2025-07-10T21:00:00.000000000,0.815,0.0,0.0,0.134,0.6948715073783389,0.0
274835,2025-07-10T22:00:00.000000000,0.493,0.019,0.0,0.013000000000000001,1.3194059579153445,0.0
274835,2025-07-10T23:00:00.000000000,0.453,0.154,0.0,0.0,0.2535064756989722,0.0
274835,2025-07-11T00:00:00.000000000,0.504,0.238,0.0,0.0,0.3226712482596167,0.0
274835,2025-07-11T01:00:00.000000000,0.482,0.218,0.0,0.0,0.0,0.0
274835,2025-07-11T02:00:00.000000000,0.442,0.18000000000000002,0.0,0.0,0.0,0.0
274835,2025-07-11T03:00:00.000000000,0.428,0.16699999999999998,0.0,0.0,0.3226712482596167,0.0
274835,2025-07-11T04:00:00.000000000,0.445,0.185,0.0,0.0,0.0,0.0
274835,2025-07-11T05:00:00.000000000,0.439,0.13899999999999998,0.0,0.0,0.6805110249399,0.0
274835,2025-07-11T06:00:00.000000000,0.529,0.01,0.0,0.037000000000000005,0.0,0.0
274835,2025-07-11T07:00:00.000000000,0.665,0.0,0.0,0.162,0.0,0.0
274835,2025-07-11T08:00:00.000000000,0.548,0.0,0.0,0.28700000000000003,0.3226712482596167,0.0
274835,2025-07-11T09:00:00.000000000,0.669,0.0,0.0,0.409,0.3311703092946111,0.0
274835,2025-07-11T10:00:00.000000000,0.975,0.0,0.0,0.503,0.7150934112202223,0.0
274835,2025-07-11T11:00:00.000000000,0.832,0.0,0.0,0.5760000000000001,0.0,0.0
274835,2025-07-11T12:00:00.000000000,0.883,0.0,0.0,0.626,0.3226712482596167,0.0
274835,2025-07-11T13:00:00.000000000,0.97,0.0,0.0,0.712,0.0,0.0
274835,2025-07-11T14:00:00.000000000,1.153,0.0,0.0,0.837,0.3226712482596167,0.0
274835,2025-07-11T15:00:00.000000000,1.387,0.0,0.0,0.894,0.0,0.0
274835,2025-07-11T16:00:00.000000000,1.455,0.0,0.0,0.871,0.9803227297260834,0.0
274835,2025-07-11T17:00:00.000000000,1.193,0.0,0.0,0.621,0.5615241704499778,0.0
274835,2025-07-11T18:00:00.000000000,1.0510000000000002,0.0,0.0,0.43999999999999995,0.5093575199593222,0.0
274835,2025-07-11T19:00:00.000000000,0.939,0.0,0.0,0.255,0.32237817718944445,0.0
274835,2025-07-11T20:00:00.000000000,0.842,0.0,0.0,0.081,0.0,0.0
274835,2025-07-11T21:00:00.000000000,0.83,0.15000000000000002,0.0,0.0,0.3226712482596167,0.0
274835,2025-07-11T22:00:00.000000000,0.7450000000000001,0.378,0.0,0.0,0.0,0.0
274835,2025-07-11T23:00:00.000000000,0.784,0.517,0.0,0.0,0.33996244139977777,0.0
274835,2025-07-12T00:00:00.000000000,0.854,0.59,0.0,0.0,0.3226712482596167,0.0
274835,2025-07-12T01:00:00.000000000,0.887,0.623,0.0,0.0,0.33996244139977777,0.0
274835,2025-07-12T02:00:00.000000000,0.914,0.652,0.0,0.0,0.0,0.0
274835,2025-07-12T03:00:00.000000000,0.961,0.6969999999999998,0.0,0.0,0.3226712482596167,0.0
274835,2025-07-12T04:00:00.000000000,0.972,0.712,0.0,0.0,0.0,0.0
274835,2025-07-12T05:00:00.000000000,0.9249999999999999,0.665,0.0,0.0,0.0,0.0
274835,2025-07-12T06:00:00.000000000,0.828,0.507,0.0,0.0,0.3226712482596167,0.0
274835,2025-07-12T07:00:00.000000000,0.6930000000000001,0.148,0.0,0.007,1.0556419947603444,0.0
274835,2025-07-12T08:00:00.000000000,0.556,0.003,0.0,0.061,0.3226712482596167,0.0
274835,2025-07-12T09:00:00.000000000,0.757,0.0,0.0,0.277,0.0,0.0
274835,2025-07-12T10:00:00.000000000,0.966,0.0,0.0,0.496,0.3226712482596167,0.0
274835,2025-07-12T11:00:00.000000000,1.197,0.0,0.0,0.6910000000000001,1.3868123040549556,0.0
274835,2025-07-12T12:00:00.000000000,1.132,0.0,0.0,0.665,0.0,0.0
274835,2025-07-12T13:00:00.000000000,1.129,0.0,0.0,0.667,0.3226712482596167,0.0
274835,2025-07-12T14:00:00.000000000,1.208,0.0,0.0,0.738,0.3226712482596167,0.0
274835,2025-07-12T15:00:00.000000000,1.2249999999999999,0.0,0.0,0.74,0.0,0.0
274835,2025-07-12T16:00:00.000000000,1.1589999999999998,0.0,0.0,0.616,0.0,0.0
274835,2025-07-12T17:00:00.000000000,1.036,0.0,0.0,0.46799999999999997,0.6720119639049056,0.0
274835,2025-07-12T18:00:00.000000000,0.9069999999999999,0.0,0.0,0.298,0.3226712482596167,0.0
274835,2025-07-12T19:00:00.000000000,0.849,0.0,0.0,0.166,0.0,0.0
274835,2025-07-12T20:00:00.000000000,0.45500000000000007,0.0,0.0,0.059000000000000004,0.3311703092946111,0.0
274835,2025-07-12T21:00:00.000000000,0.34199999999999997,0.041999999999999996,0.0,0.001,0.3311703092946111,0.0
274835,2025-07-12T22:00:00.000000000,0.369,0.09,0.0,0.0,0.0,0.0
274835,2025-07-12T23:00:00.000000000,0.386,0.12,0.0,0.0,0.3226712482596167,0.0
274835,2025-07-13T00:00:00.000000000,0.405,0.14,0.0,0.0,0.0,0.0
274835,2025-07-13T01:00:00.000000000,0.416,0.153,0.0,0.0,0.3226712482596167,0.0
274835,2025-07-13T02:00:00.000000000,0.442,0.18,0.0,0.0,0.0,0.0
274835,2025-07-13T03:00:00.000000000,0.462,0.212,0.0,0.0,0.0,0.0
274835,2025-07-13T04:00:00.000000000,0.497,0.237,0.0,0.0,0.3226712482596167,0.0
274835,2025-07-13T05:00:00.000000000,0.51,0.25,0.0,0.0,0.0,0.0
274835,2025-07-13T06:00:00.000000000,0.478,0.21599999999999997,0.0,0.0,0.3226712482596167,0.0
274835,2025-07-13T07:00:00.000000000,0.35800000000000004,0.096,0.0,0.0,0.0,0.0
274835,2025-07-13T08:00:00.000000000,0.451,0.002,0.0,0.018000000000000002,0.34904764457511667,0.0
274835,2025-07-13T09:00:00.000000000,0.535,0.0,0.0,0.056,0.6846140199223112,0.0
274835,2025-07-13T10:00:00.000000000,0.42500000000000004,0.0,0.0,0.063,0.0,0.0
274835,2025-07-13T11:00:00.000000000,0.645,0.0,0.0,0.142,1.378313243019961,0.0
274835,2025-07-13T12:00:00.000000000,0.54,0.0,0.0,0.07400000000000001,0.6711327506943889,0.0
274835,2025-07-13T13:00:00.000000000,0.494,0.0,0.0,0.032,0.0,0.0
274835,2025-07-13T14:00:00.000000000,0.34,0.036,0.0,0.0,0.6723050349750779,0.0
274835,2025-07-13T15:00:00.000000000,0.32,0.06,0.0,0.0,0.0,0.0
274835,2025-07-13T16:00:00.000000000,0.644,0.022,0.0,0.044000000000000004,1.3783132430199612,0.0
274835,2025-07-13T17:00:00.000000000,0.596,0.008,0.0,0.019,0.0,0.0
274835,2025-07-13T18:00:00.000000000,0.615,0.002,0.0,0.005,0.3226712482596167,0.0
274835,2025-07-13T19:00:00.000000000,0.728,0.045,0.0,0.0,0.33996244139977777,0.0
274835,2025-07-13T20:00:00.000000000,0.873,0.112,0.0,0.0,0.3616497005925222,0.0
274835,2025-07-13T21:00:00.000000000,0.512,0.212,0.0,0.0,0.3229643193297889,0.0
274835,2025-07-13T22:00:00.000000000,0.517,0.236,0.0,0.0,0.0,0.0
274835,2025-07-13T23:00:00.000000000,0.527,0.259,0.0,0.0,0.3229643193297889,0.0
274835,2025-07-14T00:00:00.000000000,0.533,0.267,0.0,0.0,0.0,0.0
274835,2025-07-14T01:00:00.000000000,0.536,0.272,0.0,0.0,0.3229643193297889,0.0
274835,2025-07-14T02:00:00.000000000,0.541,0.278,0.0,0.0,0.0,0.0
274835,2025-07-14T03:00:00.000000000,0.551,0.289,0.0,0.0,0.3226712482596167,0.0
274835,2025-07-14T04:00:00.000000000,0.556,0.295,0.0,0.0,0.0,0.0
274835,2025-07-14T05:00:00.000000000,0.548,0.285,0.0,0.0,0.3229643193297889,0.0
274835,2025-07-14T06:00:00.000000000,0.6890000000000001,0.244,0.0,0.0,0.36575269557493334,0.0
274835,2025-07-14T07:00:00.000000000,0.672,0.111,0.0,0.02,1.8360902546289724,0.0
274835,2025-07-14T08:00:00.000000000,0.581,0.08800000000000001,0.0,0.0,0.0,0.0
274835,2025-07-14T09:00:00.000000000,0.519,0.039999999999999994,0.0,0.0,0.6878378016942055,0.0
274835,2025-07-14T10:00:00.000000000,0.288,0.032,0.0,0.0,0.3229643193297889,0.0
274835,2025-07-14T11:00:00.000000000,0.269,0.011,0.0,0.002,0.3379109439085722,0.0
274835,2025-07-14T12:00:00.000000000,0.28400000000000003,0.0,0.0,0.028999999999999998,0.6805110249399,0.0
274835,2025-07-14T13:00:00.000000000,0.317,0.0,0.0,0.062,0.0,0.0
274835,2025-07-14T14:00:00.000000000,0.48800000000000004,0.0,0.0,0.07200000000000001,0.7065943501852278,0.0
274835,2025-07-14T15:00:00.000000000,0.559,0.0,0.0,0.076,0.0,0.0
274835,2025-07-14T16:00:00.000000000,0.558,0.0,0.0,0.016,0.3229643193297889,0.0
274835,2025-07-14T17:00:00.000000000,0.7209999999999999,0.004,0.0,0.021,0.3294118828735778,0.0
274835,2025-07-14T18:00:00.000000000,0.7709999999999999,0.07200000000000001,0.0,0.002,1.136529610127878,0.0
274835,2025-07-14T19:00:00.000000000,0.634,0.222,0.0,0.0,2.001382338206106,0.0
274835,2025-07-14T20:00:00.000000000,0.484,0.19299999999999998,0.0,0.0,0.33146338036478334,0.0
274835,2025-07-14T21:00:00.000000000,0.5850000000000001,0.28700000000000003,0.0,0.0,0.33146338036478334,0.0
274835,2025-07-14T22:00:00.000000000,0.602,0.323,0.0,0.0,0.0,0.0
274835,2025-07-14T23:00:00.000000000,0.605,0.337,0.0,0.0,0.3229643193297889,0.0
274835,2025-07-15T00:00:00.000000000,0.61,0.344,0.0,0.0,0.3229643193297889,0.0
274835,2025-07-15T01:00:00.000000000,0.619,0.356,0.0,0.0,0.0,0.0
274835,2025-07-15T02:00:00.000000000,0.624,0.36,0.0,0.0,0.3229643193297889,0.0
274835,2025-07-15T03:00:00.000000000,0.624,0.364,0.0,0.0,0.0,0.0
274835,2025-07-15T04:00:00.000000000,0.626,0.364,0.0,0.0,0.3229643193297889,0.0
274835,2025-07-15T05:00:00.000000000,0.6599999999999999,0.35700000000000004,0.0,0.0,0.3625289138030389,0.0
274835,2025-07-15T06:00:00.000000000,0.6689999999999999,0.243,0.0,0.0,0.6954576495186833,0.0
274835,2025-07-15T07:00:00.000000000,0.34500000000000003,0.082,0.0,0.0,0.35989127417148886,0.0
274835,2025-07-15T08:00:00.000000000,0.367,0.0,0.0,0.106,0.3229643193297889,0.0
274835,2025-07-15T09:00:00.000000000,0.5740000000000001,0.0,0.0,0.31400000000000006,0.3311703092946111,0.0
274835,2025-07-15T10:00:00.000000000,0.6859999999999999,0.0,0.0,0.429,0.6825625224311056,0.0
274835,2025-07-15T11:00:00.000000000,0.7759999999999999,0.0,0.0,0.52,0.0,0.0
274835,2025-07-15T12:00:00.000000000,0.979,0.0,0.0,0.7229999999999999,0.0,0.0
274835,2025-07-15T13:00:00.000000000,1.194,0.0,0.0,0.9309999999999999,0.3229643193297889,0.0
274835,2025-07-15T14:00:00.000000000,1.346,0.0,0.0,1.08,0.0,0.0
274835,2025-07-15T15:00:00.000000000,1.675,0.0,0.0,1.229,0.3226712482596167,0.0
274835,2025-07-15T16:00:00.000000000,1.532,0.0,0.0,1.1059999999999999,0.0,0.0
274835,2025-07-15T17:00:00.000000000,1.066,0.0,0.0,0.778,0.3226712482596167,0.0
274835,2025-07-15T18:00:00.000000000,0.8380000000000001,0.0,0.0,0.556,0.0,0.0
274835,2025-07-15T19:00:00.000000000,0.9450000000000001,0.0,0.0,0.36700000000000005,1.0436260808832833,0.0
274835,2025-07-15T20:00:00.000000000,0.481,0.0,0.0,0.19,0.0,0.0
274835,2025-07-15T21:00:00.000000000,0.35800000000000004,0.0,0.0,0.060000000000000005,0.3226712482596167,0.0
274835,2025-07-15T22:00:00.000000000,0.30900000000000005,0.030000000000000002,0.0,0.001,0.0,0.0
274835,2025-07-15T23:00:00.000000000,0.387,0.11900000000000001,0.0,0.0,0.33996244139977777,0.0
274835,2025-07-16T00:00:00.000000000,0.439,0.174,0.0,0.0,0.3229643193297889,0.0
274835,2025-07-16T01:00:00.000000000,0.492,0.23399999999999999,0.0,0.0,0.0,0.0
274835,2025-07-16T02:00:00.000000000,0.519,0.28300000000000003,0.0,0.0,0.3229643193297889,0.0
274835,2025-07-16T03:00:00.000000000,0.552,0.296,0.0,0.0,0.0,0.0
274835,2025-07-16T04:00:00.000000000,0.548,0.289,0.0,0.0,0.32296431932978886,0.0
274835,2025-07-16T05:00:00.000000000,0.499,0.239,0.0,0.0,0.0,0.0
274835,2025-07-16T06:00:00.000000000,0.337,0.066,0.0,0.011,0.3229643193297889,0.0
274835,2025-07-16T07:00:00.000000000,0.435,0.0,0.0,0.171,0.0,0.0
274835,2025-07-16T08:00:00.000000000,0.6739999999999999,0.0,0.0,0.414,0.0,0.0
274835,2025-07-16T09:00:00.000000000,1.036,0.0,0.0,0.6110000000000001,0.3226712482596167,0.0
274835,2025-07-16T10:00:00.000000000,1.226,0.0,0.0,0.753,0.0,0.0
274835,2025-07-16T11:00:00.000000000,1.412,0.0,0.0,0.938,0.3226712482596167,0.0
274835,2025-07-16T12:00:00.000000000,1.5540000000000003,0.0,0.0,1.078,0.0,0.0
274835,2025-07-16T13:00:00.000000000,1.618,0.0,0.0,1.1449999999999998,0.3226712482596167,0.0
274835,2025-07-16T14:00:00.000000000,1.658,0.0,0.0,1.177,0.7391252389743443,0.0
274835,2025-07-16T15:00:00.000000000,1.639,0.0,0.0,1.144,0.7402975232550333,0.0
274835,2025-07-16T16:00:00.000000000,1.4400000000000002,0.0,0.0,0.955,1.0899313099704946,0.0
274835,2025-07-16T17:00:00.000000000,0.976,0.0,0.0,0.6900000000000001,0.6969230048695445,0.0
274835,2025-07-16T18:00:00.000000000,0.8300000000000001,0.0,0.0,0.5469999999999999,0.33996244139977777,0.0
274835,2025-07-16T19:00:00.000000000,0.9800000000000001,0.0,0.0,0.381,0.3396693703296056,0.0
274835,2025-07-16T20:00:00.000000000,1.009,0.0,0.0,0.247,0.3226712482596167,0.0
274835,2025-07-16T21:00:00.000000000,0.8160000000000001,0.0,0.0,0.13599999999999998,0.0,0.0
274835,2025-07-16T22:00:00.000000000,0.516,0.0,0.0,0.055,0.3226712482596167,0.0
274835,2025-07-16T23:00:00.000000000,0.363,0.032,0.0,0.003,0.0,0.0
274835,2025-07-17T00:00:00.000000000,0.40599999999999997,0.134,0.0,0.0,1.1110324270228944,0.0
274835,2025-07-17T01:00:00.000000000,0.44,0.176,0.0,0.0,0.0,0.0
274835,2025-07-17T02:00:00.000000000,0.472,0.216,0.0,0.0,0.6934061520274778,0.0
274835,2025-07-17T03:00:00.000000000,0.489,0.235,0.0,0.0,0.0,0.0
274835,2025-07-17T04:00:00.000000000,0.511,0.252,0.0,0.0,0.3226712482596167,0.0
274835,2025-07-17T05:00:00.000000000,0.5910000000000001,0.206,0.0,0.0,0.7065943501852278,0.0
274835,2025-07-17T06:00:00.000000000,0.548,0.038,0.0,0.027999999999999997,1.064434126865511,0.0
274835,2025-07-17T07:00:00.000000000,0.7169999999999999,0.0,0.0,0.21300000000000002,0.7297469647288333,0.0
274835,2025-07-17T08:00:00.000000000,0.953,0.0,0.0,0.46099999999999997,0.6916477256064444,0.0
274835,2025-07-17T09:00:00.000000000,1.182,0.0,0.0,0.6990000000000001,0.69369922309765,0.0
274835,2025-07-17T10:00:00.000000000,1.51,0.0,0.0,1.033,0.3748378987502722,0.0
274835,2025-07-17T11:00:00.000000000,1.865,0.0,0.0,1.381,0.6872516595538611,0.0
274835,2025-07-17T12:00:00.000000000,1.9899999999999998,0.0,0.0,1.5030000000000001,0.0,0.0
274835,2025-07-17T13:00:00.000000000,1.924,0.0,0.0,1.4420000000000002,0.3226712482596167,0.0
274835,2025-07-17T14:00:00.000000000,1.689,0.0,0.0,1.209,0.0,0.0
274835,2025-07-17T15:00:00.000000000,1.044,0.0,0.0,0.782,0.0,0.0
274835,2025-07-17T16:00:00.000000000,0.891,0.0,0.0,0.599,0.6623406185892222,0.0
274835,2025-07-17T17:00:00.000000000,0.895,0.0,0.0,0.609,0.6887170149047223,0.0
274835,2025-07-17T18:00:00.000000000,1.033,0.0,0.0,0.581,0.3308772382244389,0.0
274835,2025-07-17T19:00:00.000000000,1.116,0.0,0.0,0.43299999999999994,0.3226712482596167,0.0
274835,2025-07-17T20:00:00.000000000,1.1520000000000001,0.0,0.0,0.35500000000000004,1.0556419947603444,0.0
274835,2025-07-17T21:00:00.000000000,0.8839999999999999,0.0,0.0,0.20299999999999999,0.0,0.0
274835,2025-07-17T22:00:00.000000000,0.479,0.0,0.0,0.11299999999999999,0.3226712482596167,0.0
274835,2025-07-17T23:00:00.000000000,0.319,0.0,0.0,0.051,0.0,0.0
274835,2025-07-18T00:00:00.000000000,0.273,0.0,0.0,0.009000000000000001,0.3226712482596167,0.0
274835,2025-07-18T01:00:00.000000000,0.303,0.039,0.0,0.0,0.3396693703296056,0.0
274835,2025-07-18T02:00:00.000000000,0.353,0.09000000000000001,0.0,0.0,0.0,0.0
274835,2025-07-18T03:00:00.000000000,0.398,0.15400000000000003,0.0,0.0,0.3226712482596167,0.0
274835,2025-07-18T04:00:00.000000000,0.46199999999999997,0.185,0.0,0.0,0.7171449087114278,0.0
274835,2025-07-18T05:00:00.000000000,0.477,0.085,0.0,0.0,0.7414698075357222,0.0
274835,2025-07-18T06:00:00.000000000,0.606,0.0,0.0,0.089,2.1235929744679223,0.0
274835,2025-07-18T07:00:00.000000000,0.728,0.0,0.0,0.22299999999999998,0.4064895743288722,0.0
274835,2025-07-18T08:00:00.000000000,0.9339999999999999,0.0,0.0,0.441,0.6986814312905778,0.0
274835,2025-07-18T09:00:00.000000000,1.16,0.0,0.0,0.679,0.0,0.0
274835,2025-07-18T10:00:00.000000000,1.508,0.0,0.0,1.026,0.3226712482596167,0.0
274835,2025-07-18T11:00:00.000000000,1.755,0.0,0.0,1.271,0.3587189898908,0.0
274835,2025-07-18T12:00:00.000000000,1.7810000000000001,0.0,0.0,1.298,1.0368854462693222,0.0
274835,2025-07-18T13:00:00.000000000,1.682,0.0,0.0,1.206,0.0,0.0
274835,2025-07-18T14:00:00.000000000,1.485,0.0,0.0,1.01,0.3226712482596167,0.0
274835,2025-07-18T15:00:00.000000000,1.411,0.0,0.0,0.885,1.39531136508995,0.0
274835,2025-07-18T16:00:00.000000000,1.206,0.0,0.0,0.664,0.0,0.0
274835,2025-07-18T17:00:00.000000000,1.081,0.0,0.0,0.513,0.3226712482596167,0.0
274835,2025-07-18T18:00:00.000000000,0.987,0.0,0.0,0.37700000000000006,0.0,0.0
274835,2025-07-18T19:00:00.000000000,0.951,0.0,0.0,0.267,0.6717188928347333,0.0
274835,2025-07-18T20:00:00.000000000,0.955,0.0,0.0,0.194,0.22507858189226668,0.0
274835,2025-07-18T21:00:00.000000000,0.8180000000000001,0.0,0.0,0.137,0.09759266636735,0.0
274835,2025-07-18T22:00:00.000000000,0.5469999999999999,0.0,0.0,0.085,0.35285756848735556,0.0
274835,2025-07-18T23:00:00.000000000,0.34600000000000003,0.0,0.0,0.046000000000000006,0.7640362799389834,0.0
274835,2025-07-19T00:00:00.000000000,0.28200000000000003,0.0,0.0,0.018000000000000002,0.3226712482596167,0.0
274835,2025-07-19T01:00:00.000000000,0.275,0.011,0.0,0.0,0.0,0.0
274835,2025-07-19T02:00:00.000000000,0.304,0.042,0.0,0.0,0.0,0.0
274835,2025-07-19T03:00:00.000000000,0.322,0.062,0.0,0.0,0.3226712482596167,0.0
274835,2025-07-19T04:00:00.000000000,0.353,0.086,0.0,0.0,0.0,0.0
274835,2025-07-19T05:00:00.000000000,0.484,0.09200000000000001,0.0,0.0,0.3226712482596167,0.0
274835,2025-07-19T06:00:00.000000000,0.546,0.063,0.0,0.0,0.0,0.0
274835,2025-07-19T07:00:00.000000000,0.547,0.043000000000000003,0.0,0.0,0.3226712482596167,0.0
274835,2025-07-19T08:00:00.000000000,0.512,0.004,0.0,0.017,0.0,0.0
274835,2025-07-19T09:00:00.000000000,0.5850000000000001,0.0,0.0,0.10500000000000001,0.3396693703296056,0.0
274835,2025-07-19T10:00:00.000000000,0.706,0.0,0.0,0.235,1.4811811886504114,0.0
274835,2025-07-19T11:00:00.000000000,0.839,0.0,0.0,0.37,0.6928200098871333,0.0
274835,2025-07-19T12:00:00.000000000,0.9390000000000001,0.0,0.0,0.473,0.3396693703296056,0.0
274835,2025-07-19T13:00:00.000000000,1.029,0.0,0.0,0.5660000000000001,0.3308772382244389,0.0
274835,2025-07-19T14:00:00.000000000,1.106,0.0,0.0,0.638,0.0,0.0
274835,2025-07-19T15:00:00.000000000,1.094,0.0,0.0,0.608,0.6623406185892222,0.0
274835,2025-07-19T16:00:00.000000000,1.024,0.0,0.0,0.482,0.0,0.0
274835,2025-07-19T17:00:00.000000000,1.0030000000000001,0.0,0.0,0.435,3.2073697919648,0.0
274835,2025-07-19T18:00:00.000000000,0.524,0.0,0.0,0.243,0.3226712482596167,0.0
274835,2025-07-19T19:00:00.000000000,0.849,0.0,0.0,0.166,0.0,0.0
274835,2025-07-19T20:00:00.000000000,0.869,0.0,0.0,0.10799999999999998,0.3226712482596167,0.0
274835,2025-07-19T21:00:00.000000000,0.736,0.0,0.0,0.055,0.0,0.0
274835,2025-07-19T22:00:00.000000000,0.479,0.007,0.0,0.011,0.3226712482596167,0.0
274835,2025-07-19T23:00:00.000000000,0.416,0.078,0.0,0.0,0.0,0.0
274835,2025-07-20T00:00:00.000000000,0.414,0.14100000000000001,0.0,0.0,0.3226712482596167,0.0
274835,2025-07-20T01:00:00.000000000,0.438,0.176,0.0,0.0,0.0,0.0
274835,2025-07-20T02:00:00.000000000,0.444,0.181,0.0,0.0,0.13481269227922224,0.0
274835,2025-07-20T03:00:00.000000000,0.437,0.176,0.0,0.0,0.18785855598039444,0.0
274835,2025-07-20T04:00:00.000000000,0.424,0.164,0.0,0.0,0.0,0.0
274835,2025-07-20T05:00:00.000000000,0.342,0.083,0.0,0.0,0.3226712482596167,0.0
274835,2025-07-20T06:00:00.000000000,0.28200000000000003,0.003,0.0,0.018000000000000002,0.0,0.0
274835,2025-07-20T07:00:00.000000000,0.604,0.0,0.0,0.10300000000000001,0.3226712482596167,0.0
274835,2025-07-20T08:00:00.000000000,0.7689999999999999,0.0,0.0,0.277,0.0,0.0
274835,2025-07-20T09:00:00.000000000,1.162,0.0,0.0,0.645,1.3032870490558723,0.0
274835,2025-07-20T10:00:00.000000000,1.428,0.0,0.0,0.9490000000000001,0.07531926503426112,0.0
274835,2025-07-20T11:00:00.000000000,1.773,0.0,0.0,1.291,0.0,0.0
274835,2025-07-20T12:00:00.000000000,2.0,0.0,0.0,1.514,0.6623406185892222,0.0
274835,2025-07-20T13:00:00.000000000,2.17,0.0,0.0,1.6829999999999998,0.0,0.0
274835,2025-07-20T14:00:00.000000000,2.348,0.0,0.0,1.851,0.3226712482596167,0.0
274835,2025-07-20T15:00:00.000000000,2.193,0.0,0.0,1.794,0.3393762992594333,0.0
274835,2025-07-20T16:00:00.000000000,1.885,0.0,0.0,1.57,0.32237817718944445,0.0
274835,2025-07-20T17:00:00.000000000,1.841,0.0,0.0,1.257,0.0,0.0
274835,2025-07-20T18:00:00.000000000,1.4420000000000002,0.0,0.0,0.83,0.32237817718944445,0.0
274835,2025-07-20T19:00:00.000000000,1.22,0.0,0.0,0.536,0.6919407966766167,0.0
274835,2025-07-20T20:00:00.000000000,1.1219999999999999,0.0,0.0,0.36100000000000004,0.3525644974171834,0.0
274835,2025-07-20T21:00:00.000000000,0.8959999999999999,0.0,0.0,0.21499999999999997,1.101361081707211,0.0
274835,2025-07-20T22:00:00.000000000,0.5700000000000001,0.0,0.0,0.109,0.7197825483429778,0.0
274835,2025-07-20T23:00:00.000000000,0.47000000000000003,0.002,0.0,0.023,0.6819763802907611,0.0
274835,2025-07-21T00:00:00.000000000,0.485,0.124,0.0,0.0,1.110153213812378,0.0
274835,2025-07-21T01:00:00.000000000,0.67,0.28200000000000003,0.0,0.0,1.6728496685430447,0.0
274835,2025-07-21T02:00:00.000000000,0.551,0.28700000000000003,0.0,0.0,0.3226712482596167,0.0
274835,2025-07-21T03:00:00.000000000,0.597,0.33499999999999996,0.0,0.0,0.0,0.0
274835,2025-07-21T04:00:00.000000000,0.642,0.38,0.0,0.0,1.0506597865674168,0.0
274835,2025-07-21T05:00:00.000000000,0.595,0.333,0.0,0.0,0.0,0.0
274835,2025-07-21T06:00:00.000000000,0.38599999999999995,0.12100000000000001,0.0,0.001,0.3226712482596167,0.0
274835,2025-07-21T07:00:00.000000000,0.414,0.0,0.0,0.152,0.0,0.0
274835,2025-07-21T08:00:00.000000000,0.692,0.0,0.0,0.43,0.0,0.0
274835,2025-07-21T09:00:00.000000000,1.165,0.0,0.0,0.74,1.2461381903722888,0.0
274835,2025-07-21T10:00:00.000000000,1.619,0.0,0.0,1.137,0.8575259513239223,0.0
274835,2025-07-21T11:00:00.000000000,1.957,0.0,0.0,1.52,0.3552021370487333,0.0
274835,2025-07-21T12:00:00.000000000,1.9620000000000002,0.0,0.0,1.68,0.0,0.0
274835,2025-07-21T13:00:00.000000000,1.972,0.0,0.0,1.69,0.3308772382244389,0.0
274835,2025-07-21T14:00:00.000000000,1.833,0.0,0.0,1.5540000000000003,0.3393762992594333,0.0
274835,2025-07-21T15:00:00.000000000,1.782,0.0,0.0,1.501,0.6810971670802444,0.0
274835,2025-07-21T16:00:00.000000000,1.781,0.0,0.0,1.468,0.0,0.0
274835,2025-07-21T17:00:00.000000000,1.55,0.0,0.0,1.1800000000000002,0.0,0.0
274835,2025-07-21T18:00:00.000000000,1.4240000000000002,0.0,0.0,0.813,0.32237817718944445,0.0
274835,2025-07-21T19:00:00.000000000,1.219,0.0,0.0,0.538,0.0,0.0
274835,2025-07-21T20:00:00.000000000,1.1070000000000002,0.0,0.0,0.34900000000000003,0.32237817718944445,0.0
274835,2025-07-21T21:00:00.000000000,0.879,0.0,0.0,0.20099999999999998,0.0,0.0
274835,2025-07-21T22:00:00.000000000,0.454,0.0,0.0,0.088,0.3308772382244389,0.0
274835,2025-07-21T23:00:00.000000000,0.29200000000000004,0.015,0.0,0.01,0.0,0.0
274835,2025-07-22T00:00:00.000000000,0.384,0.12,0.0,0.0,0.3226712482596167,0.0
274835,2025-07-22T01:00:00.000000000,0.483,0.22,0.0,0.0,0.0,0.0
274835,2025-07-22T02:00:00.000000000,0.555,0.29300000000000004,0.0,0.0,0.3226712482596167,0.0
274835,2025-07-22T03:00:00.000000000,0.608,0.346,0.0,0.0,0.0,0.0
274835,2025-07-22T04:00:00.000000000,0.597,0.336,0.0,0.0,0.0,0.0
274835,2025-07-22T05:00:00.000000000,0.489,0.22799999999999998,0.0,0.0,0.3226712482596167,0.0
274835,2025-07-22T06:00:00.000000000,0.51,0.051,0.0,0.013999999999999999,1.0887590256898056,0.0
274835,2025-07-22T07:00:00.000000000,0.679,0.0,0.0,0.175,0.3628219848732111,0.0
274835,2025-07-22T08:00:00.000000000,0.9239999999999999,0.0,0.0,0.43,1.16847435677665,0.0
274835,2025-07-22T09:00:00.000000000,1.189,0.0,0.0,0.706,0.3587189898908,0.0
274835,2025-07-22T10:00:00.000000000,1.344,0.0,0.0,1.025,0.3308772382244389,0.0
274835,2025-07-22T11:00:00.000000000,1.6,0.0,0.0,1.327,0.3393762992594333,0.0
274835,2025-07-22T12:00:00.000000000,1.842,0.0,0.0,1.564,0.3308772382244389,0.0
274835,2025-07-22T13:00:00.000000000,1.9989999999999999,0.0,0.0,1.717,0.0,0.0
274835,2025-07-22T14:00:00.000000000,2.141,0.0,0.0,1.696,0.32237817718944445,0.0
274835,2025-07-22T15:00:00.000000000,2.196,0.0,0.0,1.612,0.6441702122385444,0.0
274835,2025-07-22T16:00:00.000000000,2.36,0.0,0.0,1.631,2.135901959415156,0.0
274835,2025-07-22T17:00:00.000000000,1.977,0.0,0.0,1.2309999999999999,2.461796989446667,0.0
274835,2025-07-22T18:00:00.000000000,1.4000000000000001,0.0,0.0,0.762,0.6802179538697278,0.0
274835,2025-07-22T19:00:00.000000000,1.146,0.0,0.0,0.46599999999999997,0.65677226825595,0.0
274835,2025-07-22T20:00:00.000000000,0.798,0.0,0.0,0.282,0.0,0.0
274835,2025-07-22T21:00:00.000000000,0.44599999999999995,0.0,0.0,0.149,0.32237817718944445,0.0
274835,2025-07-22T22:00:00.000000000,0.35700000000000004,0.0,0.0,0.078,0.3308772382244389,0.0
274835,2025-07-22T23:00:00.000000000,0.295,0.0,0.0,0.029,0.0,0.0
274835,2025-07-23T00:00:00.000000000,0.271,0.003,0.0,0.004,0.3226712482596167,0.0
274835,2025-07-23T01:00:00.000000000,0.29600000000000004,0.033,0.0,0.0,0.0,0.0
274835,2025-07-23T02:00:00.000000000,0.33699999999999997,0.07400000000000001,0.0,0.0,0.3226712482596167,0.0
274835,2025-07-23T03:00:00.000000000,0.376,0.114,0.0,0.0,0.0,0.0
274835,2025-07-23T04:00:00.000000000,0.40399999999999997,0.14400000000000002,0.0,0.0,0.3226712482596167,0.0
274835,2025-07-23T05:00:00.000000000,0.42500000000000004,0.124,0.0,0.0,0.0,0.0
274835,2025-07-23T06:00:00.000000000,0.521,0.019,0.0,0.018,0.0,0.0
274835,2025-07-23T07:00:00.000000000,0.6519999999999999,0.0,0.0,0.148,0.3226712482596167,0.0
274835,2025-07-23T08:00:00.000000000,0.857,0.0,0.0,0.365,0.0,0.0
274835,2025-07-23T09:00:00.000000000,1.048,0.0,0.0,0.5670000000000001,1.0389369437605278,0.0
274835,2025-07-23T10:00:00.000000000,1.27,0.0,0.0,0.7959999999999999,0.3308772382244389,0.0
274835,2025-07-23T11:00:00.000000000,1.8010000000000002,0.0,0.0,1.284,0.9803227297260834,0.0
274835,2025-07-23T12:00:00.000000000,2.0100000000000002,0.0,0.0,1.5210000000000001,0.39769744222370557,0.0
274835,2025-07-23T13:00:00.000000000,2.064,0.0,0.0,1.5790000000000002,0.0,0.0
274835,2025-07-23T14:00:00.000000000,2.1050000000000004,0.0,0.0,1.613,0.33058416715426664,0.0
274835,2025-07-23T15:00:00.000000000,2.001,0.0,0.0,1.496,0.0,0.0
274835,2025-07-23T16:00:00.000000000,1.8769999999999998,0.0,0.0,1.3159999999999998,0.6878378016942055,0.0
274835,2025-07-23T17:00:00.000000000,1.328,0.0,0.0,0.899,0.36663190878545,0.0
274835,2025-07-23T18:00:00.000000000,1.24,0.0,0.0,0.629,0.6893031570450667,0.0
274835,2025-07-23T19:00:00.000000000,1.138,0.0,0.0,0.45299999999999996,0.32237817718944445,0.0
274835,2025-07-23T20:00:00.000000000,1.0710000000000002,0.0,0.0,0.309,0.0,0.0
274835,2025-07-23T21:00:00.000000000,0.711,0.0,0.0,0.204,0.32237817718944445,0.0
274835,2025-07-23T22:00:00.000000000,0.42300000000000004,0.0,0.0,0.14400000000000002,0.0,0.0
274835,2025-07-23T23:00:00.000000000,0.388,0.0,0.0,0.119,0.0,0.0
274835,2025-07-24T00:00:00.000000000,0.37,0.0,0.0,0.10500000000000001,0.32237817718944445,0.0
274835,2025-07-24T01:00:00.000000000,0.36,0.0,0.0,0.097,0.0,0.0
274835,2025-07-24T02:00:00.000000000,0.353,0.0,0.0,0.091,0.32237817718944445,0.0
274835,2025-07-24T03:00:00.000000000,0.352,0.0,0.0,0.09,0.0,0.0
274835,2025-07-24T04:00:00.000000000,0.349,0.0,0.0,0.09,0.0,0.0
274835,2025-07-24T05:00:00.000000000,0.348,0.0,0.0,0.09,0.3226712482596167,0.0
274835,2025-07-24T06:00:00.000000000,0.42900000000000005,0.0,0.0,0.108,0.0,0.0
274835,2025-07-24T07:00:00.000000000,0.658,0.0,0.0,0.15400000000000003,0.3226712482596167,0.0
274835,2025-07-24T08:00:00.000000000,0.649,0.0,0.0,0.214,0.0,0.0
274835,2025-07-24T09:00:00.000000000,0.522,0.0,0.0,0.263,0.3226712482596167,0.0
274835,2025-07-24T10:00:00.000000000,0.591,0.0,0.0,0.28200000000000003,0.0,0.0
274835,2025-07-24T11:00:00.000000000,0.7610000000000001,0.0,0.0,0.294,0.3393762992594333,0.0
274835,2025-07-24T12:00:00.000000000,0.732,0.0,0.0,0.266,0.3393762992594333,0.0
274835,2025-07-24T13:00:00.000000000,0.686,0.0,0.0,0.22499999999999998,0.3226712482596167,0.0
274835,2025-07-24T14:00:00.000000000,0.6829999999999999,0.0,0.0,0.23399999999999999,1.0556419947603444,0.0
274835,2025-07-24T15:00:00.000000000,0.427,0.0,0.0,0.166,0.3393762992594333,0.0
274835,2025-07-24T16:00:00.000000000,0.419,0.0,0.0,0.129,0.3308772382244389,0.0
274835,2025-07-24T17:00:00.000000000,0.36200000000000004,0.0,0.0,0.077,0.7083527766062612,0.0
274835,2025-07-24T18:00:00.000000000,0.306,0.0,0.0,0.025,0.3226712482596167,0.0
274835,2025-07-24T19:00:00.000000000,0.443,0.052,0.0,0.0,0.0,0.0
274835,2025-07-24T20:00:00.000000000,0.855,0.094,0.0,0.0,0.3226712482596167,0.0
274835,2025-07-24T21:00:00.000000000,0.861,0.181,0.0,0.0,0.0,0.0
274835,2025-07-24T22:00:00.000000000,0.639,0.242,0.0,0.0,0.3449446495927056,0.0
274835,2025-07-24T23:00:00.000000000,0.547,0.28,0.0,0.0,0.3226712482596167,0.0
274835,2025-07-25T00:00:00.000000000,0.5680000000000001,0.304,0.0,0.0,0.0,0.0
274835,2025-07-25T01:00:00.000000000,0.598,0.33499999999999996,0.0,0.0,0.0,0.0
274835,2025-07-25T02:00:00.000000000,0.614,0.352,0.0,0.0,0.3226712482596167,0.0
274835,2025-07-25T03:00:00.000000000,0.61,0.348,0.0,0.0,0.0,0.0
274835,2025-07-25T04:00:00.000000000,0.604,0.345,0.0,0.0,0.3226712482596167,0.0
274835,2025-07-25T05:00:00.000000000,0.586,0.327,0.0,0.0,0.0,0.0
274835,2025-07-25T06:00:00.000000000,0.523,0.263,0.0,0.0,0.3226712482596167,0.0
274835,2025-07-25T07:00:00.000000000,0.43100000000000005,0.169,0.0,0.0,0.0,0.0
274835,2025-07-25T08:00:00.000000000,0.338,0.078,0.0,0.0,0.3226712482596167,0.0
274835,2025-07-25T09:00:00.000000000,0.29000000000000004,0.004,0.0,0.029,0.0,0.0
274835,2025-07-25T10:00:00.000000000,0.39899999999999997,0.0,0.0,0.14400000000000002,0.0,0.0
274835,2025-07-25T11:00:00.000000000,0.483,0.0,0.0,0.22699999999999998,0.3226712482596167,0.0
274835,2025-07-25T12:00:00.000000000,0.581,0.0,0.0,0.272,0.0,0.0
274835,2025-07-25T13:00:00.000000000,0.6120000000000001,0.0,0.0,0.305,0.3226712482596167,0.0
274835,2025-07-25T14:00:00.000000000,1.002,0.0,0.0,0.377,0.0,0.0
274835,2025-07-25T15:00:00.000000000,0.978,0.0,0.0,0.391,1.6810556585078669,0.0
274835,2025-07-25T16:00:00.000000000,0.994,0.0,0.0,0.292,2.4585732076747724,0.0
274835,2025-07-25T17:00:00.000000000,0.9299999999999999,0.0,0.0,0.202,2.4755713297447612,0.0
274835,2025-07-25T18:00:00.000000000,0.9180000000000001,0.0,0.0,0.211,2.572284782901595,0.0
274835,2025-07-25T19:00:00.000000000,0.7509999999999999,0.0,0.0,0.06899999999999999,0.6884239438345501,0.0
274835,2025-07-25T20:00:00.000000000,0.82,0.056,0.0,0.003,0.3226712482596167,0.0
274835,2025-07-25T21:00:00.000000000,0.9119999999999999,0.232,0.0,0.0,0.0,0.0
274835,2025-07-25T22:00:00.000000000,0.786,0.32399999999999995,0.0,0.0,0.3226712482596167,0.0
274835,2025-07-25T23:00:00.000000000,0.76,0.432,0.0,0.0,0.0,0.0
274835,2025-07-26T00:00:00.000000000,0.833,0.557,0.0,0.0,0.3396693703296056,0.0
274835,2025-07-26T01:00:00.000000000,0.9369999999999999,0.671,0.0,0.0,0.3311703092946111,0.0
274835,2025-07-26T02:00:00.000000000,0.968,0.704,0.0,0.0,0.0,0.0
274835,2025-07-26T03:00:00.000000000,0.9269999999999999,0.665,0.0,0.0,0.3229643193297889,0.0
274835,2025-07-26T04:00:00.000000000,0.877,0.617,0.0,0.0,0.0,0.0
274835,2025-07-26T05:00:00.000000000,0.823,0.563,0.0,0.0,0.3229643193297889,0.0
274835,2025-07-26T06:00:00.000000000,0.684,0.42199999999999993,0.0,0.0,0.0,0.0
274835,2025-07-26T07:00:00.000000000,0.668,0.16500000000000004,0.0,0.0,0.3229643193297889,0.0
274835,2025-07-26T08:00:00.000000000,0.5720000000000001,0.0,0.0,0.08,0.3469961470839111,0.0
274835,2025-07-26T09:00:00.000000000,0.7609999999999999,0.0,0.0,0.28,1.1344781126366723,0.0
274835,2025-07-26T10:00:00.000000000,0.9510000000000001,0.0,0.0,0.48,0.0,0.0
274835,2025-07-26T11:00:00.000000000,1.101,0.0,0.0,0.632,0.3226712482596167,0.0
274835,2025-07-26T12:00:00.000000000,1.2309999999999999,0.0,0.0,0.763,0.3226712482596167,0.0
274835,2025-07-26T13:00:00.000000000,1.371,0.0,0.0,0.902,0.3226712482596167,0.0
274835,2025-07-26T14:00:00.000000000,1.451,0.0,0.0,0.974,0.0,0.0
274835,2025-07-26T15:00:00.000000000,1.4709999999999999,0.0,0.0,0.976,0.3226712482596167,0.0
274835,2025-07-26T16:00:00.000000000,1.4249999999999998,0.0,0.0,0.875,0.0,0.0
274835,2025-07-26T17:00:00.000000000,1.22,0.0,0.0,0.649,0.0,0.0
274835,2025-07-26T18:00:00.000000000,1.0790000000000002,0.0,0.0,0.469,0.6620475475190499,0.0
274835,2025-07-26T19:00:00.000000000,0.963,0.0,0.0,0.27899999999999997,0.3393762992594333,0.0
274835,2025-07-26T20:00:00.000000000,0.886,0.0,0.0,0.125,0.0,0.0
274835,2025-07-26T21:00:00.000000000,0.732,0.039,0.0,0.013000000000000001,0.6787525985188666,0.0
274835,2025-07-26T22:00:00.000000000,0.666,0.205,0.0,0.0,1.159096082531139,0.0
274835,2025-07-26T23:00:00.000000000,0.626,0.30900000000000005,0.0,0.0,0.3396693703296056,0.0
274835,2025-07-27T00:00:00.000000000,0.6819999999999999,0.417,0.0,0.0,0.3226712482596167,0.0
274835,2025-07-27T01:00:00.000000000,0.7729999999999999,0.509,0.0,0.0,0.0,0.0
274835,2025-07-27T02:00:00.000000000,0.832,0.5690000000000001,0.0,0.0,0.0,0.0
274835,2025-07-27T03:00:00.000000000,0.914,0.651,0.0,0.0,0.3226712482596167,0.0
274835,2025-07-27T04:00:00.000000000,0.987,0.7269999999999999,0.0,0.0,0.0,0.0
274835,2025-07-27T05:00:00.000000000,0.9169999999999999,0.657,0.0,0.0,0.3229643193297889,0.0
274835,2025-07-27T06:00:00.000000000,0.687,0.424,0.0,0.0,0.0,0.0
274835,2025-07-27T07:00:00.000000000,0.382,0.11900000000000001,0.0,0.002,0.3229643193297889,0.0
274835,2025-07-27T08:00:00.000000000,0.5569999999999999,0.0,0.0,0.124,0.3458238628032222,0.0
274835,2025-07-27T09:00:00.000000000,0.8069999999999999,0.0,0.0,0.326,1.2716353734772723,0.0
274835,2025-07-27T10:00:00.000000000,0.982,0.0,0.0,0.508,0.9715305976209165,0.0
274835,2025-07-27T11:00:00.000000000,1.289,0.0,0.0,0.662,0.3258950300315111,0.0
274835,2025-07-27T12:00:00.000000000,1.298,0.0,0.0,0.7289999999999999,1.6936577145252723,0.0
274835,2025-07-27T13:00:00.000000000,1.375,0.0,0.0,0.7509999999999999,2.458866278744945,0.0
274835,2025-07-27T14:00:00.000000000,1.19,0.0,0.0,0.65,1.2839443584245056,0.0
274835,2025-07-27T15:00:00.000000000,1.036,0.0,0.0,0.552,0.0,0.0
274835,2025-07-27T16:00:00.000000000,0.982,0.0,0.0,0.43999999999999995,0.3308772382244389,0.0
274835,2025-07-27T17:00:00.000000000,0.956,0.0,0.0,0.387,0.0,0.0
274835,2025-07-27T18:00:00.000000000,0.9309999999999999,0.0,0.0,0.321,0.6708396796242166,0.0
274835,2025-07-27T19:00:00.000000000,0.9069999999999999,0.0,0.0,0.22199999999999998,0.3393762992594333,0.0
274835,2025-07-27T20:00:00.000000000,0.776,0.0,0.0,0.136,0.3311703092946111,0.0
274835,2025-07-27T21:00:00.000000000,0.35400000000000004,0.0,0.0,0.053,0.3308772382244389,0.0
274835,2025-07-27T22:00:00.000000000,0.294,0.0,0.0,0.015,0.0,0.0
274835,2025-07-27T23:00:00.000000000,0.306,0.039,0.0,0.0,0.3308772382244389,0.0
274835,2025-07-28T00:00:00.000000000,0.346,0.08100000000000002,0.0,0.0,0.0,0.0
274835,2025-07-28T01:00:00.000000000,0.375,0.111,0.0,0.0,0.3226712482596167,0.0
274835,2025-07-28T02:00:00.000000000,0.398,0.14200000000000002,0.0,0.0,0.7244716854657334,0.0
274835,2025-07-28T03:00:00.000000000,0.395,0.134,0.0,0.0,0.0,0.0
274835,2025-07-28T04:00:00.000000000,0.4,0.139,0.0,0.0,0.3226712482596167,0.0
274835,2025-07-28T05:00:00.000000000,0.416,0.155,0.0,0.0,0.3308772382244389,0.0
274835,2025-07-28T06:00:00.000000000,0.438,0.174,0.0,0.0,0.0,0.0
274835,2025-07-28T07:00:00.000000000,0.492,0.23,0.0,0.0,0.3226712482596167,0.0
274835,2025-07-28T08:00:00.000000000,0.5840000000000001,0.264,0.0,0.0,0.7024913552028167,0.0
274835,2025-07-28T09:00:00.000000000,0.712,0.23199999999999998,0.0,0.0,0.3625289138030389,0.0
274835,2025-07-28T10:00:00.000000000,0.66,0.243,0.0,0.0,0.6802179538697277,0.0
274835,2025-07-28T11:00:00.000000000,0.486,0.22999999999999998,0.0,0.0,0.0,0.0
274835,2025-07-28T12:00:00.000000000,0.651,0.185,0.0,0.0,0.3229643193297889,0.0
274835,2025-07-28T13:00:00.000000000,0.579,0.11800000000000001,0.0,0.0,0.13305426585818889,0.0
274835,2025-07-28T14:00:00.000000000,0.484,0.013000000000000001,0.0,0.005,0.19284076417332224,0.0
274835,2025-07-28T15:00:00.000000000,0.525,0.0,0.0,0.042,0.0,0.0
274835,2025-07-28T16:00:00.000000000,0.5690000000000001,0.0,0.0,0.027,0.3311703092946111,0.0
274835,2025-07-28T17:00:00.000000000,0.611,0.0,0.0,0.045,0.6975091470098889,0.0
274835,2025-07-28T18:00:00.000000000,0.378,0.0,0.0,0.025,0.3311703092946111,0.0
274835,2025-07-28T19:00:00.000000000,0.33499999999999996,0.05,0.0,0.0,0.0,0.0
274835,2025-07-28T20:00:00.000000000,0.417,0.126,0.0,0.0,0.44370960024074446,0.0
274835,2025-07-28T21:00:00.000000000,0.515,0.217,0.0,0.0,0.5415953376782667,0.0
274835,2025-07-28T22:00:00.000000000,0.541,0.262,0.0,0.0,0.0,0.0
274835,2025-07-28T23:00:00.000000000,0.539,0.271,0.0,0.0,0.3229643193297889,0.0
274835,2025-07-29T00:00:00.000000000,0.524,0.26,0.0,0.0,0.0,0.0
274835,2025-07-29T01:00:00.000000000,0.531,0.267,0.0,0.0,0.0,0.0
274835,2025-07-29T02:00:00.000000000,0.536,0.276,0.0,0.0,0.3229643193297889,0.0
274835,2025-07-29T03:00:00.000000000,0.536,0.279,0.0,0.0,0.3575467056101111,0.0
274835,2025-07-29T04:00:00.000000000,0.562,0.28200000000000003,0.0,0.0,1.0506597865674168,0.0
274835,2025-07-29T05:00:00.000000000,0.646,0.252,0.0,0.0,0.6916477256064444,0.0
274835,2025-07-29T06:00:00.000000000,0.665,0.17900000000000002,0.0,0.0,0.0,0.0
274835,2025-07-29T07:00:00.000000000,0.587,0.082,0.0,0.0,0.7104042740974668,0.0
274835,2025-07-29T08:00:00.000000000,0.5860000000000001,0.0,0.0,0.094,0.3311703092946111,0.0
274835,2025-07-29T09:00:00.000000000,0.544,0.0,0.0,0.28500000000000003,0.3311703092946111,0.0
274835,2025-07-29T10:00:00.000000000,0.7150000000000001,0.0,0.0,0.45799999999999996,0.657944552536639,0.0
274835,2025-07-29T11:00:00.000000000,0.7950000000000002,0.0,0.0,0.537,0.0,0.0
274835,2025-07-29T12:00:00.000000000,0.874,0.0,0.0,0.6179999999999999,0.6995606445010945,0.0
274835,2025-07-29T13:00:00.000000000,1.183,0.0,0.0,0.922,0.0,0.0
274835,2025-07-29T14:00:00.000000000,1.403,0.0,0.0,1.1360000000000001,0.3226712482596167,0.0
274835,2025-07-29T15:00:00.000000000,1.495,0.0,0.0,1.22,0.0,0.0
274835,2025-07-29T16:00:00.000000000,1.521,0.0,0.0,1.212,0.3226712482596167,0.0
274835,2025-07-29T17:00:00.000000000,1.459,0.0,0.0,1.0190000000000001,0.0,0.0
274835,2025-07-29T18:00:00.000000000,1.305,0.0,0.0,0.6950000000000001,0.0,0.0
274835,2025-07-29T19:00:00.000000000,1.129,0.0,0.0,0.44899999999999995,0.3226712482596167,0.0
274835,2025-07-29T20:00:00.000000000,1.0150000000000001,0.0,0.0,0.254,0.7068874212554,0.0
274835,2025-07-29T21:00:00.000000000,0.717,0.0,0.0,0.127,0.6957507205888556,0.0
274835,2025-07-29T22:00:00.000000000,0.332,0.0,0.0,0.054,0.3226712482596167,0.0
274835,2025-07-29T23:00:00.000000000,0.28300000000000003,0.008,0.0,0.009000000000000001,0.0,0.0
274835,2025-07-30T00:00:00.000000000,0.346,0.079,0.0,0.0,0.0,0.0
274835,2025-07-30T01:00:00.000000000,0.423,0.161,0.0,0.0,0.3226712482596167,0.0
274835,2025-07-30T02:00:00.000000000,0.483,0.219,0.0,0.0,0.0,0.0
274835,2025-07-30T03:00:00.000000000,0.51,0.249,0.0,0.0,0.3229643193297889,0.0
274835,2025-07-30T04:00:00.000000000,0.561,0.30100000000000005,0.0,0.0,0.0,0.0
274835,2025-07-30T05:00:00.000000000,0.548,0.28900000000000003,0.0,0.0,0.3229643193297889,0.0
274835,2025-07-30T06:00:00.000000000,0.507,0.124,0.0,0.0,0.0,0.0
274835,2025-07-30T07:00:00.000000000,0.7370000000000001,0.0,0.0,0.198,1.3786063140901335,0.0
274835,2025-07-30T08:00:00.000000000,0.894,0.0,0.0,0.40099999999999997,0.0,0.0
274835,2025-07-30T09:00:00.000000000,1.1669999999999998,0.0,0.0,0.6839999999999999,0.0,0.0
274835,2025-07-30T10:00:00.000000000,1.4929999999999999,0.0,0.0,1.014,0.3226712482596167,0.0
274835,2025-07-30T11:00:00.000000000,1.6900000000000002,0.0,0.0,1.21,0.6881308727643778,0.0
274835,2025-07-30T12:00:00.000000000,1.846,0.0,0.0,1.3639999999999999,0.3393762992594333,0.0
274835,2025-07-30T13:00:00.000000000,1.862,0.0,0.0,1.383,0.3308772382244389,0.0
274835,2025-07-30T14:00:00.000000000,1.803,0.0,0.0,1.32,0.3393762992594333,0.0
274835,2025-07-30T15:00:00.000000000,1.6480000000000001,0.0,0.0,1.318,0.3478753602944277,0.0
274835,2025-07-30T16:00:00.000000000,1.586,0.0,0.0,1.277,0.0,0.0
274835,2025-07-30T17:00:00.000000000,1.316,0.0,0.0,1.022,0.6620475475190499,0.0
274835,2025-07-30T18:00:00.000000000,0.95,0.0,0.0,0.667,0.3226712482596167,0.0
274835,2025-07-30T19:00:00.000000000,1.069,0.0,0.0,0.47,0.0,0.0
274835,2025-07-30T20:00:00.000000000,1.11,0.0,0.0,0.34700000000000003,0.0,0.0
274835,2025-07-30T21:00:00.000000000,0.68,0.0,0.0,0.257,0.3226712482596167,0.0
274835,2025-07-30T22:00:00.000000000,0.48,0.0,0.0,0.199,0.0,0.0
274835,2025-07-30T23:00:00.000000000,0.437,0.0,0.0,0.168,0.32237817718944445,0.0
274835,2025-07-31T00:00:00.000000000,0.41200000000000003,0.0,0.0,0.146,0.0,0.0
274835,2025-07-31T01:00:00.000000000,0.387,0.0,0.0,0.123,0.0,0.0
274835,2025-07-31T02:00:00.000000000,0.368,0.0,0.0,0.106,0.3226712482596167,0.0
274835,2025-07-31T03:00:00.000000000,0.343,0.0,0.0,0.101,0.0,0.0
274835,2025-07-31T04:00:00.000000000,0.382,0.0,0.0,0.105,0.3226712482596167,0.0
274835,2025-07-31T05:00:00.000000000,0.528,0.0,0.0,0.136,0.0,0.0
274835,2025-07-31T06:00:00.000000000,0.71,0.0,0.0,0.226,0.3226712482596167,0.0
274835,2025-07-31T07:00:00.000000000,0.826,0.0,0.0,0.32199999999999995,0.0,0.0
274835,2025-07-31T08:00:00.000000000,0.921,0.0,0.0,0.428,0.3226712482596167,0.0
274835,2025-07-31T09:00:00.000000000,1.07,0.0,0.0,0.5890000000000001,0.3226712482596166,0.0
274835,2025-07-31T10:00:00.000000000,1.25,0.0,0.0,0.7769999999999999,0.0,0.0
274835,2025-07-31T11:00:00.000000000,1.46,0.0,0.0,0.987,0.0,0.0
274835,2025-07-31T12:00:00.000000000,1.662,0.0,0.0,1.184,1.0134397606555443,0.0
274835,2025-07-31T13:00:00.000000000,1.834,0.0,0.0,1.356,0.0,0.0
274835,2025-07-31T14:00:00.000000000,1.901,0.0,0.0,1.416,0.33058416715426664,0.0
274835,2025-07-31T15:00:00.000000000,2.1,0.0,0.0,1.5610000000000002,0.9803227297260834,0.0
274835,2025-07-31T16:00:00.000000000,2.7030000000000003,0.0,0.0,1.9709999999999999,4.846223216367866,0.0
274835,2025-07-31T17:00:00.000000000,2.404,0.0,0.0,1.6720000000000002,4.318109147917522,0.0
274835,2025-07-31T18:00:00.000000000,1.4260000000000002,0.0,0.0,0.813,0.0,0.0
274835,2025-07-31T19:00:00.000000000,1.2249999999999999,0.0,0.0,0.541,0.0,0.0
274835,2025-07-31T20:00:00.000000000,1.178,0.0,0.0,0.41600000000000004,0.32237817718944445,0.0
274835,2025-07-31T21:00:00.000000000,1.009,0.0,0.0,0.329,0.0,0.0
274835,2025-07-31T22:00:00.000000000,0.599,0.0,0.0,0.23099999999999998,0.32237817718944445,0.0
274835,2025-07-31T23:00:00.000000000,0.41900000000000004,0.0,0.0,0.15,0.0,0.0
274835,2025-08-01T00:00:00.000000000,0.35000000000000003,0.0,0.0,0.084,0.3226712482596167,0.0
274835,2025-08-01T01:00:00.000000000,0.29,0.005,0.0,0.020999999999999998,0.0,0.0
274835,2025-08-01T02:00:00.000000000,0.368,0.11100000000000002,0.0,0.0,0.3226712482596167,0.0
274835,2025-08-01T03:00:00.000000000,0.515,0.26,0.0,0.0,0.0,0.0
274835,2025-08-01T04:00:00.000000000,0.654,0.39499999999999996,0.0,0.0,0.3226712482596167,0.0
274835,2025-08-01T05:00:00.000000000,0.613,0.35400000000000004,0.0,0.0,0.0,0.0
274835,2025-08-01T06:00:00.000000000,0.372,0.102,0.0,0.009,0.0,0.0
274835,2025-08-01T07:00:00.000000000,0.9179999999999999,0.0,0.0,0.376,3.112707836299172,0.0
274835,2025-08-01T08:00:00.000000000,1.111,0.0,0.0,0.597,0.4522086612757389,0.0
274835,2025-08-01T09:00:00.000000000,1.4549999999999998,0.0,0.0,0.9630000000000001,0.3226712482596167,0.0
274835,2025-08-01T10:00:00.000000000,1.9620000000000002,0.0,0.0,1.4669999999999999,0.0,0.0
274835,2025-08-01T11:00:00.000000000,2.413,0.0,0.0,1.912,0.33058416715426664,0.0
274835,2025-08-01T12:00:00.000000000,2.615,0.0,0.0,2.1109999999999998,0.0,0.0
274835,2025-08-01T13:00:00.000000000,2.518,0.0,0.0,2.019,0.32237817718944445,0.0
274835,2025-08-01T14:00:00.000000000,2.093,0.0,0.0,1.81,0.0,0.0
274835,2025-08-01T15:00:00.000000000,2.0500000000000003,0.0,0.0,1.7630000000000001,0.6787525985188666,0.0
274835,2025-08-01T16:00:00.000000000,2.159,0.0,0.0,1.7069999999999999,0.0,0.0
274835,2025-08-01T17:00:00.000000000,2.016,0.0,0.0,1.406,0.33058416715426664,0.0
274835,2025-08-01T18:00:00.000000000,1.6059999999999999,0.0,0.0,0.9509999999999998,0.0,0.0
274835,2025-08-01T19:00:00.000000000,1.304,0.0,0.0,0.5680000000000001,0.32237817718944445,0.0
274835,2025-08-01T20:00:00.000000000,1.172,0.0,0.0,0.36700000000000005,0.34816843136459996,0.0
274835,2025-08-01T21:00:00.000000000,0.9339999999999999,0.0,0.0,0.238,0.32237817718944445,0.0
274835,2025-08-01T22:00:00.000000000,0.509,0.0,0.0,0.141,0.0,0.0
274835,2025-08-01T23:00:00.000000000,0.34500000000000003,0.0,0.0,0.079,0.0,0.0
274835,2025-08-02T00:00:00.000000000,0.296,0.0,0.0,0.032,0.33058416715426664,0.0
274835,2025-08-02T01:00:00.000000000,0.274,0.009000000000000001,0.0,0.002,0.0,0.0
274835,2025-08-02T02:00:00.000000000,0.308,0.044000000000000004,0.0,0.0,0.3226712482596167,0.0
274835,2025-08-02T03:00:00.000000000,0.332,0.07200000000000001,0.0,0.0,0.0,0.0
274835,2025-08-02T04:00:00.000000000,0.352,0.095,0.0,0.0,0.3226712482596167,0.0
274835,2025-08-02T05:00:00.000000000,0.484,0.099,0.0,0.0,0.0,0.0
274835,2025-08-02T06:00:00.000000000,0.83,0.0,0.0,0.21000000000000002,3.920997847834161,0.0
274835,2025-08-02T07:00:00.000000000,0.7869999999999999,0.0,0.0,0.266,0.6992675734309223,0.0
274835,2025-08-02T08:00:00.000000000,1.005,0.0,0.0,0.508,0.0,0.0
274835,2025-08-02T09:00:00.000000000,1.187,0.0,0.0,0.7010000000000001,0.32237817718944445,0.0
274835,2025-08-02T10:00:00.000000000,1.295,0.0,0.0,0.818,0.0,0.0
274835,2025-08-02T11:00:00.000000000,1.6019999999999999,0.0,0.0,1.1199999999999999,0.32237817718944445,0.0
274835,2025-08-02T12:00:00.000000000,1.9949999999999999,0.0,0.0,1.5070000000000001,0.0,0.0
274835,2025-08-02T13:00:00.000000000,2.173,0.0,0.0,1.684,0.0,0.0
274835,2025-08-02T14:00:00.000000000,2.3089999999999997,0.0,0.0,1.812,0.32237817718944445,0.0
274835,2025-08-02T15:00:00.000000000,2.1350000000000002,0.0,0.0,1.623,0.6529623443437111,0.0
274835,2025-08-02T16:00:00.000000000,2.008,0.0,0.0,1.4380000000000002,0.0,0.0
274835,2025-08-02T17:00:00.000000000,1.8190000000000002,0.0,0.0,1.2160000000000002,0.34816843136459996,0.0
274835,2025-08-02T18:00:00.000000000,1.502,0.0,0.0,0.851,0.33058416715426664,0.0
274835,2025-08-02T19:00:00.000000000,1.299,0.0,0.0,0.562,0.32237817718944445,0.0
274835,2025-08-02T20:00:00.000000000,1.1869999999999998,0.0,0.0,0.38100000000000006,0.0,0.0
274835,2025-08-02T21:00:00.000000000,0.945,0.0,0.0,0.249,0.33058416715426664,0.0
274835,2025-08-02T22:00:00.000000000,0.607,0.0,0.0,0.144,0.0,0.0
274835,2025-08-02T23:00:00.000000000,0.381,0.0,0.0,0.054,0.32237817718944445,0.0
274835,2025-08-03T00:00:00.000000000,0.312,0.037,0.0,0.002,0.0,0.0
274835,2025-08-03T01:00:00.000000000,0.39499999999999996,0.139,0.0,0.0,0.16705050999816665,0.0
274835,2025-08-03T02:00:00.000000000,0.472,0.209,0.0,0.0,0.15532766719127777,0.0
274835,2025-08-03T03:00:00.000000000,0.497,0.235,0.0,0.0,0.0,0.0
274835,2025-08-03T04:00:00.000000000,0.523,0.262,0.0,0.0,0.3226712482596167,0.0
274835,2025-08-03T05:00:00.000000000,0.53,0.106,0.0,0.003,1.8187990614888112,0.0
274835,2025-08-03T06:00:00.000000000,0.549,0.02,0.0,0.043,1.1385811076190833,0.0
274835,2025-08-03T07:00:00.000000000,0.7899999999999999,0.0,0.0,0.28400000000000003,0.6963368627292,0.0
274835,2025-08-03T08:00:00.000000000,1.069,0.0,0.0,0.5720000000000001,0.33204952250512776,0.0
274835,2025-08-03T09:00:00.000000000,1.3239999999999998,0.0,0.0,0.836,1.0638479847251667,0.0
274835,2025-08-03T10:00:00.000000000,1.718,0.0,0.0,1.2289999999999999,0.33058416715426664,0.0
274835,2025-08-03T11:00:00.000000000,2.098,0.0,0.0,1.602,0.0,0.0
274835,2025-08-03T12:00:00.000000000,2.199,0.0,0.0,1.702,0.32237817718944445,0.0
274835,2025-08-03T13:00:00.000000000,1.717,0.0,0.0,1.4409999999999998,0.0,0.0
274835,2025-08-03T14:00:00.000000000,1.784,0.0,0.0,1.508,0.6898892991854111,0.0
274835,2025-08-03T15:00:00.000000000,1.9889999999999999,0.0,0.0,1.6290000000000002,0.5281140684503445,0.0
274835,2025-08-03T16:00:00.000000000,2.271,0.0,0.0,1.674,0.8586982356046111,0.0
274835,2025-08-03T17:00:00.000000000,1.9680000000000002,0.0,0.0,1.358,0.0,0.0
274835,2025-08-03T18:00:00.000000000,1.511,0.0,0.0,0.8570000000000001,0.32237817718944445,0.0
274835,2025-08-03T19:00:00.000000000,1.252,0.0,0.0,0.515,0.0,0.0
274835,2025-08-03T20:00:00.000000000,1.133,0.0,0.0,0.327,0.32237817718944445,0.0
274835,2025-08-03T21:00:00.000000000,0.8859999999999999,0.0,0.0,0.191,0.33058416715426664,0.0
274835,2025-08-03T22:00:00.000000000,0.462,0.0,0.0,0.093,0.0,0.0
274835,2025-08-03T23:00:00.000000000,0.296,0.0,0.0,0.029999999999999995,0.13950182940197778,0.0
274835,2025-08-04T00:00:00.000000000,0.277,0.012,0.0,0.001,0.18287634778746667,0.0
274835,2025-08-04T01:00:00.000000000,0.297,0.034,0.0,0.0,0.0,0.0
274835,2025-08-04T02:00:00.000000000,0.297,0.035,0.0,0.0,0.32237817718944445,0.0
274835,2025-08-04T03:00:00.000000000,0.304,0.043,0.0,0.0,0.0,0.0
274835,2025-08-04T04:00:00.000000000,0.318,0.057999999999999996,0.0,0.0,0.3226712482596167,0.0
274835,2025-08-04T05:00:00.000000000,0.33,0.067,0.0,0.0,0.0,0.0
274835,2025-08-04T06:00:00.000000000,0.318,0.055999999999999994,0.0,0.0,0.0,0.0
274835,2025-08-04T07:00:00.000000000,0.28500000000000003,0.023,0.0,0.0,0.3226712482596167,0.0
274835,2025-08-04T08:00:00.000000000,0.335,0.0,0.0,0.015,0.0,0.0
274835,2025-08-04T09:00:00.000000000,0.307,0.0,0.0,0.049,0.32237817718944445,0.0
274835,2025-08-04T10:00:00.000000000,0.476,0.0,0.0,0.11199999999999999,0.34201393889098336,0.0
274835,2025-08-04T11:00:00.000000000,0.588,0.0,0.0,0.16999999999999998,0.3428931521015,0.0
274835,2025-08-04T12:00:00.000000000,0.44,0.0,0.0,0.184,0.3226712482596167,0.0
274835,2025-08-04T13:00:00.000000000,0.458,0.0,0.0,0.202,0.0,0.0
274835,2025-08-04T14:00:00.000000000,0.437,0.0,0.0,0.183,0.6878378016942055,0.0
274835,2025-08-04T15:00:00.000000000,0.421,0.0,0.0,0.161,0.0,0.0
274835,2025-08-04T16:00:00.000000000,0.387,0.0,0.0,0.09599999999999999,1.1297889755139168,0.0
274835,2025-08-04T17:00:00.000000000,0.432,0.0,0.0,0.081,0.33263566464547223,0.0
274835,2025-08-04T18:00:00.000000000,0.627,0.0,0.0,0.06,0.34553079173305,0.0
274835,2025-08-04T19:00:00.000000000,0.7749999999999999,0.0,0.0,0.042,0.0,0.0
274835,2025-08-04T20:00:00.000000000,0.817,0.005,0.0,0.009000000000000001,0.7364875993427944,0.0
274835,2025-08-04T21:00:00.000000000,0.498,0.069,0.0,0.0,0.0,0.0
274835,2025-08-04T22:00:00.000000000,0.386,0.108,0.0,0.0,0.3308772382244389,0.0
274835,2025-08-04T23:00:00.000000000,0.395,0.128,0.0,0.0,0.0,0.0
274835,2025-08-05T00:00:00.000000000,0.411,0.14600000000000002,0.0,0.0,0.3226712482596167,0.0
274835,2025-08-05T01:00:00.000000000,0.427,0.162,0.0,0.0,0.0,0.0
274835,2025-08-05T02:00:00.000000000,0.431,0.16999999999999998,0.0,0.0,0.0,0.0
274835,2025-08-05T03:00:00.000000000,0.452,0.19,0.0,0.0,0.3226712482596167,0.0
274835,2025-08-05T04:00:00.000000000,0.484,0.224,0.0,0.0,0.0,0.0
274835,2025-08-05T05:00:00.000000000,0.513,0.25,0.0,0.0,0.3226712482596167,0.0
274835,2025-08-05T06:00:00.000000000,0.522,0.258,0.0,0.0,0.15591380933162224,0.0
274835,2025-08-05T07:00:00.000000000,0.6799999999999999,0.23299999999999998,0.0,0.0,0.9472056987966222,0.0
274835,2025-08-05T08:00:00.000000000,0.501,0.17700000000000002,0.0,0.0,0.0,0.0
274835,2025-08-05T09:00:00.000000000,0.375,0.114,0.0,0.0,0.3226712482596167,0.0
274835,2025-08-05T10:00:00.000000000,0.29300000000000004,0.036000000000000004,0.0,0.0,0.0,0.0
274835,2025-08-05T11:00:00.000000000,0.29000000000000004,0.0,0.0,0.035,0.3226712482596167,0.0
274835,2025-08-05T12:00:00.000000000,0.44800000000000006,0.0,0.0,0.13999999999999999,0.3226712482596167,0.0
274835,2025-08-05T13:00:00.000000000,0.7309999999999999,0.0,0.0,0.263,0.0,0.0
274835,2025-08-05T14:00:00.000000000,0.605,0.0,0.0,0.298,0.3226712482596167,0.0
274835,2025-08-05T15:00:00.000000000,0.726,0.0,0.0,0.408,0.3226712482596167,0.0
274835,2025-08-05T16:00:00.000000000,1.084,0.0,0.0,0.531,0.7013190709221278,0.0
274835,2025-08-05T17:00:00.000000000,0.885,0.0,0.0,0.533,0.6898892991854112,0.0
274835,2025-08-05T18:00:00.000000000,1.06,0.0,0.0,0.413,1.0585727054620668,0.0
274835,2025-08-05T19:00:00.000000000,0.954,0.0,0.0,0.221,0.3393762992594333,0.0
274835,2025-08-05T20:00:00.000000000,0.863,0.0,0.0,0.059000000000000004,0.6878378016942055,0.0
274835,2025-08-05T21:00:00.000000000,0.836,0.14200000000000002,0.0,0.0,0.6857863042030001,0.0
274835,2025-08-05T22:00:00.000000000,0.728,0.267,0.0,0.0,0.8185474989910168,0.0
274835,2025-08-05T23:00:00.000000000,0.6779999999999999,0.35,0.0,0.0,1.1042917924089333,0.0
274835,2025-08-06T00:00:00.000000000,0.677,0.40299999999999997,0.0,0.0,0.0,0.0
274835,2025-08-06T01:00:00.000000000,0.716,0.451,0.0,0.0,0.3226712482596167,0.0
274835,2025-08-06T02:00:00.000000000,0.7869999999999999,0.524,0.0,0.0,0.34875457350494443,0.0
274835,2025-08-06T03:00:00.000000000,0.855,0.594,0.0,0.0,0.11224621987596112,0.0
274835,2025-08-06T04:00:00.000000000,0.918,0.659,0.0,0.0,0.21071809945382777,0.0
274835,2025-08-06T05:00:00.000000000,0.982,0.68,0.0,0.0,0.0,0.0
274835,2025-08-06T06:00:00.000000000,1.0010000000000001,0.47900000000000004,0.0,0.0,1.737032232910761,0.0
274835,2025-08-06T07:00:00.000000000,0.843,0.337,0.0,0.0,0.0,0.0
274835,2025-08-06T08:00:00.000000000,0.585,0.06,0.0,0.028999999999999998,0.3229643193297889,0.0
274835,2025-08-06T09:00:00.000000000,0.744,0.0,0.0,0.259,0.3396693703296056,0.0
274835,2025-08-06T10:00:00.000000000,1.034,0.0,0.0,0.5780000000000001,1.056228136900689,0.0
274835,2025-08-06T11:00:00.000000000,1.088,0.0,0.0,0.668,0.34846150243477225,0.0
274835,2025-08-06T12:00:00.000000000,0.8440000000000001,0.0,0.0,0.588,0.6793387406592111,0.0
274835,2025-08-06T13:00:00.000000000,0.798,0.0,0.0,0.541,0.3572536345399389,0.0
274835,2025-08-06T14:00:00.000000000,1.08,0.0,0.0,0.607,0.6901823702555834,0.0
274835,2025-08-06T15:00:00.000000000,0.9830000000000001,0.0,0.0,0.721,0.3226712482596167,0.0
274835,2025-08-06T16:00:00.000000000,1.13,0.0,0.0,0.831,0.0,0.0
274835,2025-08-06T17:00:00.000000000,0.994,0.0,0.0,0.7060000000000001,0.3393762992594333,0.0
274835,2025-08-06T18:00:00.000000000,0.751,0.0,0.0,0.469,0.3226712482596167,0.0
274835,2025-08-06T19:00:00.000000000,1.0230000000000001,0.0,0.0,0.287,0.0,0.0
274835,2025-08-06T20:00:00.000000000,0.816,0.0,0.0,0.142,0.0,0.0
274835,2025-08-06T21:00:00.000000000,0.33,0.007,0.0,0.024,0.3226712482596167,0.0
274835,2025-08-06T22:00:00.000000000,0.435,0.061,0.0,0.0,1.0477290758656945,0.0
274835,2025-08-06T23:00:00.000000000,0.43299999999999994,0.132,0.0,0.0,0.7578817874653667,0.0
274835,2025-08-07T00:00:00.000000000,0.488,0.222,0.0,0.0,0.3226712482596167,0.0
274835,2025-08-07T01:00:00.000000000,0.6110000000000001,0.347,0.0,0.0,0.0,0.0
274835,2025-08-07T02:00:00.000000000,0.74,0.476,0.0,0.0,0.3226712482596167,0.0
274835,2025-08-07T03:00:00.000000000,0.831,0.5690000000000001,0.0,0.0,0.0,0.0
274835,2025-08-07T04:00:00.000000000,0.911,0.627,0.0,0.0,0.0,0.0
274835,2025-08-07T05:00:00.000000000,1.004,0.61,0.0,0.0,0.6459286386595778,0.0
274835,2025-08-07T06:00:00.000000000,0.875,0.512,0.0,0.0,0.3229643193297889,0.0
274835,2025-08-07T07:00:00.000000000,0.48900000000000005,0.22699999999999998,0.0,0.0,0.0,0.0
274835,2025-08-07T08:00:00.000000000,0.39599999999999996,0.0,0.0,0.134,0.3308772382244389,0.0
274835,2025-08-07T09:00:00.000000000,0.706,0.0,0.0,0.449,0.3226712482596167,0.0
274835,2025-08-07T10:00:00.000000000,1.0310000000000001,0.0,0.0,0.72,0.0,0.0
274835,2025-08-07T11:00:00.000000000,1.5010000000000001,0.0,0.0,1.0190000000000001,0.0,0.0
274835,2025-08-07T12:00:00.000000000,1.627,0.0,0.0,1.1420000000000001,0.3226712482596167,0.0
274835,2025-08-07T13:00:00.000000000,1.73,0.0,0.0,1.2489999999999999,0.0,0.0
274835,2025-08-07T14:00:00.000000000,1.768,0.0,0.0,1.2790000000000001,0.32237817718944445,0.0
274835,2025-08-07T15:00:00.000000000,1.9480000000000002,0.0,0.0,1.4009999999999998,1.056228136900689,0.0
274835,2025-08-07T16:00:00.000000000,1.77,0.0,0.0,1.203,0.3308772382244389,0.0
274835,2025-08-07T17:00:00.000000000,1.4869999999999999,0.0,0.0,0.8899999999999999,0.0,0.0
274835,2025-08-07T18:00:00.000000000,1.219,0.0,0.0,0.571,0.32237817718944445,0.0
274835,2025-08-07T19:00:00.000000000,1.079,0.0,0.0,0.34400000000000003,1.079966893584639,0.0
274835,2025-08-07T20:00:00.000000000,0.973,0.0,0.0,0.168,0.0,0.0
274835,2025-08-07T21:00:00.000000000,0.665,0.031,0.0,0.026,0.3226712482596167,0.0
274835,2025-08-07T22:00:00.000000000,0.518,0.237,0.0,0.0,0.0,0.0
274835,2025-08-07T23:00:00.000000000,0.6970000000000001,0.429,0.0,0.0,0.3226712482596167,0.0
274835,2025-08-08T00:00:00.000000000,0.842,0.5750000000000001,0.0,0.0,0.0,0.0
274835,2025-08-08T01:00:00.000000000,0.9430000000000001,0.679,0.0,0.0,0.3226712482596167,0.0
274835,2025-08-08T02:00:00.000000000,1.036,0.772,0.0,0.0,0.0,0.0
274835,2025-08-08T03:00:00.000000000,1.082,0.82,0.0,0.0,0.0,0.0
274835,2025-08-08T04:00:00.000000000,1.1369999999999998,0.877,0.0,0.0,0.3226712482596167,0.0
274835,2025-08-08T05:00:00.000000000,1.0819999999999999,0.8220000000000001,0.0,0.0,0.0,0.0
274835,2025-08-08T06:00:00.000000000,1.018,0.5299999999999999,0.0,0.0,0.3229643193297889,0.0
274835,2025-08-08T07:00:00.000000000,0.625,0.095,0.0,0.022000000000000002,0.0,0.0
274835,2025-08-08T08:00:00.000000000,0.7479999999999999,0.0,0.0,0.24999999999999997,0.3226712482596167,0.0
274835,2025-08-08T09:00:00.000000000,1.0270000000000001,0.0,0.0,0.54,0.0,0.0
274835,2025-08-08T10:00:00.000000000,1.267,0.0,0.0,0.7879999999999999,0.3226712482596167,0.0
274835,2025-08-08T11:00:00.000000000,1.5430000000000001,0.0,0.0,1.059,0.3393762992594333,0.0
274835,2025-08-08T12:00:00.000000000,1.7970000000000002,0.0,0.0,1.307,0.0,0.0
274835,2025-08-08T13:00:00.000000000,2.0229999999999997,0.0,0.0,1.5310000000000001,0.3226712482596167,0.0
274835,2025-08-08T14:00:00.000000000,2.1660000000000004,0.0,0.0,1.663,0.0,0.0
274835,2025-08-08T15:00:00.000000000,2.279,0.0,0.0,1.6069999999999998,0.3390832281892611,0.0
274835,2025-08-08T16:00:00.000000000,2.093,0.0,0.0,1.424,2.5796115596559,0.0
274835,2025-08-08T17:00:00.000000000,1.9300000000000002,0.0,0.0,1.161,2.565837219357806,0.0
274835,2025-08-08T18:00:00.000000000,1.442,0.0,0.0,0.7140000000000001,1.3194059579153445,0.0
274835,2025-08-08T19:00:00.000000000,1.157,0.0,0.0,0.42099999999999993,0.7687254170617389,0.0
274835,2025-08-08T20:00:00.000000000,0.522,0.0,0.0,0.22899999999999998,0.0017584264210333334,0.0
274835,2025-08-08T21:00:00.000000000,0.4,0.0,0.0,0.099,0.32061975076841115,0.0
274835,2025-08-08T22:00:00.000000000,0.323,0.0,0.0,0.044,0.0,0.0
274835,2025-08-08T23:00:00.000000000,0.278,0.005,0.0,0.004,0.3226712482596167,0.0
274835,2025-08-09T00:00:00.000000000,0.315,0.05,0.0,0.0,0.0,0.0
274835,2025-08-09T01:00:00.000000000,0.369,0.105,0.0,0.0,0.3226712482596167,0.0
274835,2025-08-09T02:00:00.000000000,0.40599999999999997,0.14400000000000002,0.0,0.0,0.0,0.0
274835,2025-08-09T03:00:00.000000000,0.438,0.178,0.0,0.0,0.0,0.0
274835,2025-08-09T04:00:00.000000000,0.45399999999999996,0.076,0.0,0.022,2.4339552377803053,0.0
274835,2025-08-09T05:00:00.000000000,0.5860000000000001,0.194,0.0,0.0,0.0,0.0
274835,2025-08-09T06:00:00.000000000,0.654,0.169,0.0,0.0,0.3226712482596167,0.0
274835,2025-08-09T07:00:00.000000000,0.61,0.104,0.0,0.0,0.0,0.0
274835,2025-08-09T08:00:00.000000000,0.536,0.014,0.0,0.026000000000000002,1.0585727054620666,0.0
274835,2025-08-09T09:00:00.000000000,0.521,0.0,0.0,0.149,0.6878378016942055,0.0
274835,2025-08-09T10:00:00.000000000,0.524,0.0,0.0,0.268,0.3393762992594333,0.0
274835,2025-08-09T11:00:00.000000000,0.772,0.0,0.0,0.408,0.0,0.0
274835,2025-08-09T12:00:00.000000000,0.835,0.0,0.0,0.5790000000000001,0.3226712482596167,0.0
274835,2025-08-09T13:00:00.000000000,0.792,0.0,0.0,0.536,0.0,0.0
274835,2025-08-09T14:00:00.000000000,0.7530000000000001,0.0,0.0,0.497,0.3226712482596167,0.0
274835,2025-08-09T15:00:00.000000000,1.614,0.0,0.0,0.98,3.920997847834161,0.0
274835,2025-08-09T16:00:00.000000000,1.695,0.0,0.0,1.042,2.5637857218666,0.0
274835,2025-08-09T17:00:00.000000000,1.2249999999999999,0.0,0.0,0.635,0.32237817718944445,0.0
274835,2025-08-09T18:00:00.000000000,1.282,0.0,0.0,0.471,0.0,0.0
274835,2025-08-09T19:00:00.000000000,1.138,0.0,0.0,0.309,1.3454892831606724,0.0
274835,2025-08-09T20:00:00.000000000,1.141,0.0,0.0,0.17300000000000001,2.135901959415156,0.0
274835,2025-08-09T21:00:00.000000000,0.891,0.0,0.0,0.08,1.8536745188393056,0.0
274835,2025-08-09T22:00:00.000000000,0.402,0.007,0.0,0.027,0.3393762992594333,0.0
274835,2025-08-09T23:00:00.000000000,0.347,0.077,0.0,0.0,0.0,0.0
274835,2025-08-10T00:00:00.000000000,0.416,0.15200000000000002,0.0,0.0,0.3226712482596167,0.0
274835,2025-08-10T01:00:00.000000000,0.476,0.213,0.0,0.0,0.3578397766802834,0.0
274835,2025-08-10T02:00:00.000000000,0.512,0.248,0.0,0.0,0.0,0.0
274835,2025-08-10T03:00:00.000000000,0.543,0.281,0.0,0.0,0.3226712482596167,0.0
274835,2025-08-10T04:00:00.000000000,0.591,0.33199999999999996,0.0,0.0,0.0,0.0
274835,2025-08-10T05:00:00.000000000,0.576,0.317,0.0,0.0,0.3226712482596167,0.0
274835,2025-08-10T06:00:00.000000000,0.44799999999999995,0.123,0.0,0.003,0.34435850745236113,0.0
274835,2025-08-10T07:00:00.000000000,0.6950000000000001,0.0,0.0,0.187,0.3308772382244389,0.0
274835,2025-08-10T08:00:00.000000000,0.963,0.0,0.0,0.46499999999999997,0.7024913552028167,0.0
274835,2025-08-10T09:00:00.000000000,1.2639999999999998,0.0,0.0,0.776,0.0,0.0
274835,2025-08-10T10:00:00.000000000,1.7109999999999999,0.0,0.0,1.222,0.0,0.0
274835,2025-08-10T11:00:00.000000000,2.168,0.0,0.0,1.673,0.3226712482596167,0.0
274835,2025-08-10T12:00:00.000000000,2.244,0.0,0.0,1.9060000000000001,0.32237817718944445,0.0
274835,2025-08-10T13:00:00.000000000,2.482,0.0,0.0,1.984,0.0,0.0
274835,2025-08-10T14:00:00.000000000,2.5140000000000002,0.0,0.0,2.064,0.32237817718944445,0.0
274835,2025-08-10T15:00:00.000000000,2.48,0.0,0.0,1.958,0.0,0.0
274835,2025-08-10T16:00:00.000000000,2.291,0.0,0.0,1.7120000000000002,0.32237817718944445,0.0
274835,2025-08-10T17:00:00.000000000,1.816,0.0,0.0,1.212,1.1570445850399333,0.0
274835,2025-08-10T18:00:00.000000000,1.3679999999999999,0.0,0.0,0.7170000000000001,1.101068010637039,0.0
274835,2025-08-10T19:00:00.000000000,1.1880000000000002,0.0,0.0,0.45099999999999996,1.1042917924089335,0.0
274835,2025-08-10T20:00:00.000000000,1.088,0.0,0.0,0.28200000000000003,0.34172086782081107,0.0
274835,2025-08-10T21:00:00.000000000,0.6629999999999999,0.0,0.0,0.144,0.32237817718944445,0.0
274835,2025-08-10T22:00:00.000000000,0.33,0.0,0.0,0.049999999999999996,0.0,0.0
274835,2025-08-10T23:00:00.000000000,0.28700000000000003,0.017,0.0,0.003,0.0,0.0
274835,2025-08-11T00:00:00.000000000,0.33699999999999997,0.07100000000000001,0.0,0.0,0.3226712482596167,0.0
274835,2025-08-11T01:00:00.000000000,0.359,0.096,0.0,0.0,0.0,0.0
274835,2025-08-11T02:00:00.000000000,0.361,0.099,0.0,0.0,0.3226712482596167,0.0
274835,2025-08-11T03:00:00.000000000,0.352,0.091,0.0,0.0,0.0,0.0
274835,2025-08-11T04:00:00.000000000,0.349,0.087,0.0,0.0,0.0,0.0
274835,2025-08-11T05:00:00.000000000,0.352,0.089,0.0,0.0,0.3226712482596167,0.0
274835,2025-08-11T06:00:00.000000000,0.331,0.067,0.0,0.0,0.0,0.0
274835,2025-08-11T07:00:00.000000000,0.358,0.0,0.0,0.094,0.3226712482596167,0.0
274835,2025-08-11T08:00:00.000000000,0.748,0.0,0.0,0.312,0.7496757975005445,0.0
274835,2025-08-11T09:00:00.000000000,1.0090000000000001,0.0,0.0,0.5780000000000001,0.2883819330494667,0.0
274835,2025-08-11T10:00:00.000000000,1.0859999999999999,0.0,0.0,0.827,0.0,0.0
274835,2025-08-11T11:00:00.000000000,1.4650000000000003,0.0,0.0,1.197,0.32237817718944445,0.0
274835,2025-08-11T12:00:00.000000000,1.752,0.0,0.0,1.4749999999999999,0.6787525985188666,0.0
274835,2025-08-11T13:00:00.000000000,1.818,0.0,0.0,1.538,0.0,0.0
274835,2025-08-11T14:00:00.000000000,1.836,0.0,0.0,1.556,0.0,0.0
274835,2025-08-11T15:00:00.000000000,1.745,0.0,0.0,1.4620000000000002,0.32237817718944445,0.0
274835,2025-08-11T16:00:00.000000000,1.705,0.0,0.0,1.193,1.0834837464267055,0.0
274835,2025-08-11T17:00:00.000000000,1.633,0.0,0.0,0.996,1.3786063140901335,0.0
274835,2025-08-11T18:00:00.000000000,1.252,0.0,0.0,0.605,0.0,0.0
274835,2025-08-11T19:00:00.000000000,1.129,0.0,0.0,0.395,0.34816843136459996,0.0
274835,2025-08-11T20:00:00.000000000,0.781,0.0,0.0,0.241,0.32237817718944445,0.0
274835,2025-08-11T21:00:00.000000000,0.41500000000000004,0.0,0.0,0.118,0.3575467056101111,0.0
274835,2025-08-11T22:00:00.000000000,0.342,0.0,0.0,0.064,0.32237817718944445,0.0
274835,2025-08-11T23:00:00.000000000,0.304,0.0,0.0,0.037,0.0,0.0
274835,2025-08-12T00:00:00.000000000,0.276,0.0,0.0,0.011000000000000001,0.0,0.0
274835,2025-08-12T01:00:00.000000000,0.29500000000000004,0.030000000000000002,0.0,0.0,0.3226712482596167,0.0
274835,2025-08-12T02:00:00.000000000,0.326,0.064,0.0,0.0,0.0,0.0
274835,2025-08-12T03:00:00.000000000,0.346,0.08499999999999999,0.0,0.0,0.3226712482596167,0.0
274835,2025-08-12T04:00:00.000000000,0.383,0.123,0.0,0.0,0.0,0.0
274835,2025-08-12T05:00:00.000000000,0.35900000000000004,0.097,0.0,0.0,0.0,0.0
274835,2025-08-12T06:00:00.000000000,0.309,0.043000000000000003,0.0,0.002,0.3226712482596167,0.0
274835,2025-08-12T07:00:00.000000000,0.372,0.0,0.0,0.10900000000000001,0.3329287357156444,0.0
274835,2025-08-12T08:00:00.000000000,0.617,0.0,0.0,0.183,1.0676579086374056,0.0
274835,2025-08-12T09:00:00.000000000,0.538,0.0,0.0,0.22,0.0,0.0
274835,2025-08-12T10:00:00.000000000,0.524,0.0,0.0,0.268,0.32237817718944445,0.0
274835,2025-08-12T11:00:00.000000000,0.6419999999999999,0.0,0.0,0.385,0.3393762992594333,0.0
274835,2025-08-12T12:00:00.000000000,0.7889999999999999,0.0,0.0,0.532,0.3390832281892611,0.0
274835,2025-08-12T13:00:00.000000000,1.01,0.0,0.0,0.6479999999999999,0.0,0.0
274835,2025-08-12T14:00:00.000000000,1.3090000000000002,0.0,0.0,0.83,0.3226712482596167,0.0
274835,2025-08-12T15:00:00.000000000,1.1280000000000001,0.0,0.0,0.859,0.0,0.0
274835,2025-08-12T16:00:00.000000000,1.245,0.0,0.0,0.8180000000000001,0.32237817718944445,0.0
274835,2025-08-12T17:00:00.000000000,1.395,0.0,0.0,0.7000000000000001,0.49675546394191666,0.0
274835,2025-08-12T18:00:00.000000000,1.28,0.0,0.0,0.471,2.46619305549925,0.0
274835,2025-08-12T19:00:00.000000000,1.022,0.0,0.0,0.28099999999999997,0.10667786954268889,0.0
274835,2025-08-12T20:00:00.000000000,0.906,0.0,0.0,0.10200000000000001,0.32237817718944445,0.0
274835,2025-08-12T21:00:00.000000000,0.581,0.14900000000000002,0.0,0.002,0.33058416715426664,0.0
274835,2025-08-12T22:00:00.000000000,0.647,0.368,0.0,0.0,0.33058416715426664,0.0
274835,2025-08-12T23:00:00.000000000,0.8009999999999999,0.533,0.0,0.0,0.3226712482596167,0.0
274835,2025-08-13T00:00:00.000000000,0.9279999999999999,0.6619999999999999,0.0,0.0,0.0,0.0
274835,2025-08-13T01:00:00.000000000,1.032,0.768,0.0,0.0,0.0,0.0
274835,2025-08-13T02:00:00.000000000,1.105,0.841,0.0,0.0,0.3226712482596167,0.0
274835,2025-08-13T03:00:00.000000000,1.147,0.883,0.0,0.0,0.0,0.0
274835,2025-08-13T04:00:00.000000000,1.108,0.847,0.0,0.0,0.3226712482596167,0.0
274835,2025-08-13T05:00:00.000000000,1.064,0.643,0.0,0.0,1.056228136900689,0.0
274835,2025-08-13T06:00:00.000000000,0.9039999999999999,0.417,0.0,0.0,0.3226712482596167,0.0
274835,2025-08-13T07:00:00.000000000,0.5519999999999999,0.169,0.0,0.0,0.0,0.0
274835,2025-08-13T08:00:00.000000000,0.29200000000000004,0.027999999999999997,0.0,0.004,0.0,0.0
274835,2025-08-13T09:00:00.000000000,0.31799999999999995,0.0,0.0,0.059,0.3226712482596167,0.0
274835,2025-08-13T10:00:00.000000000,0.373,0.0,0.0,0.11900000000000001,0.6986814312905778,0.0
274835,2025-08-13T11:00:00.000000000,0.451,0.0,0.0,0.19499999999999998,0.3308772382244389,0.0
274835,2025-08-13T12:00:00.000000000,0.495,0.0,0.0,0.24,0.0,0.0
274835,2025-08-13T13:00:00.000000000,0.73,0.0,0.0,0.262,0.3226712482596167,0.0
274835,2025-08-13T14:00:00.000000000,0.489,0.0,0.0,0.23399999999999999,0.0,0.0
274835,2025-08-13T15:00:00.000000000,0.42500000000000004,0.0,0.0,0.166,0.3226712482596167,0.0
274835,2025-08-13T16:00:00.000000000,0.368,0.0,0.0,0.06699999999999999,0.0,0.0
274835,2025-08-13T17:00:00.000000000,0.801,0.0,0.0,0.069,0.3235504614701334,0.0
274835,2025-08-13T18:00:00.000000000,0.7909999999999999,0.0,0.0,0.07100000000000001,0.9612731101648889,0.0
274835,2025-08-13T19:00:00.000000000,0.814,0.0,0.0,0.078,0.32501581682099445,0.0
274835,2025-08-13T20:00:00.000000000,0.902,0.0,0.0,0.095,0.6767011010276611,0.0
274835,2025-08-13T21:00:00.000000000,0.792,0.0,0.0,0.095,0.6852001620626555,0.0
274835,2025-08-13T22:00:00.000000000,0.354,0.0,0.0,0.075,0.3308772382244389,0.0
274835,2025-08-13T23:00:00.000000000,0.34,0.0,0.0,0.072,0.0,0.0
274835,2025-08-14T00:00:00.000000000,0.333,0.0,0.0,0.069,0.0,0.0
274835,2025-08-14T01:00:00.000000000,0.331,0.0,0.0,0.068,0.3226712482596167,0.0
274835,2025-08-14T02:00:00.000000000,0.326,0.0,0.0,0.064,0.0,0.0
274835,2025-08-14T03:00:00.000000000,0.317,0.0,0.0,0.05399999999999999,0.3226712482596167,0.0
274835,2025-08-14T04:00:00.000000000,0.298,0.0,0.0,0.04,0.0,0.0
274835,2025-08-14T05:00:00.000000000,0.289,0.0,0.0,0.031,0.3226712482596167,0.0
274835,2025-08-14T06:00:00.000000000,0.30799999999999994,0.0,0.0,0.049,0.0,0.0
274835,2025-08-14T07:00:00.000000000,0.47500000000000003,0.0,0.0,0.21400000000000002,0.0,0.0
274835,2025-08-14T08:00:00.000000000,0.69,0.0,0.0,0.428,0.3226712482596167,0.0
274835,2025-08-14T09:00:00.000000000,0.874,0.0,0.0,0.6140000000000001,0.0,0.0
274835,2025-08-14T10:00:00.000000000,1.012,0.0,0.0,0.7539999999999999,0.3226712482596167,0.0
274835,2025-08-14T11:00:00.000000000,1.345,0.0,0.0,0.92,0.0,0.0
274835,2025-08-14T12:00:00.000000000,1.488,0.0,0.0,1.008,0.3226712482596167,0.0
274835,2025-08-14T13:00:00.000000000,1.5730000000000002,0.0,0.0,1.096,0.0,0.0
274835,2025-08-14T14:00:00.000000000,1.673,0.0,0.0,1.185,0.0,0.0
274835,2025-08-14T15:00:00.000000000,1.564,0.0,0.0,1.063,0.6898892991854111,0.0
274835,2025-08-14T16:00:00.000000000,1.323,0.0,0.0,0.7669999999999999,0.510236733169839,0.0
274835,2025-08-14T17:00:00.000000000,1.218,0.0,0.0,0.627,0.17437728675247222,0.0
274835,2025-08-14T18:00:00.000000000,1.051,0.0,0.0,0.499,0.32237817718944445,0.0
274835,2025-08-14T19:00:00.000000000,1.04,0.0,0.0,0.304,0.3678041930661389,0.0
274835,2025-08-14T20:00:00.000000000,0.956,0.0,0.0,0.149,0.6558930550454334,0.0
274835,2025-08-14T21:00:00.000000000,0.76,0.04,0.0,0.025,0.8381832606925556,0.0
274835,2025-08-14T22:00:00.000000000,0.493,0.213,0.0,0.0,0.3308772382244389,0.0
274835,2025-08-14T23:00:00.000000000,0.601,0.33299999999999996,0.0,0.0,0.0,0.0
274835,2025-08-15T00:00:00.000000000,0.6719999999999999,0.407,0.0,0.0,0.3226712482596167,0.0
274835,2025-08-15T01:00:00.000000000,0.7269999999999999,0.462,0.0,0.0,0.0,0.0
274835,2025-08-15T02:00:00.000000000,0.7709999999999999,0.508,0.0,0.0,0.3226712482596167,0.0
274835,2025-08-15T03:00:00.000000000,0.819,0.557,0.0,0.0,0.0,0.0
274835,2025-08-15T04:00:00.000000000,0.863,0.604,0.0,0.0,0.3226712482596167,0.0
274835,2025-08-15T05:00:00.000000000,0.846,0.546,0.0,0.0,0.3387901571190889,0.0
274835,2025-08-15T06:00:00.000000000,0.806,0.319,0.0,0.0,0.3232573903999611,0.0
274835,2025-08-15T07:00:00.000000000,0.5920000000000001,0.05,0.0,0.037,0.7977394530087889,0.0
274835,2025-08-15T08:00:00.000000000,0.7539999999999999,0.0,0.0,0.259,0.0,0.0
274835,2025-08-15T09:00:00.000000000,1.0030000000000001,0.0,0.0,0.516,0.3226712482596167,0.0
274835,2025-08-15T10:00:00.000000000,1.211,0.0,0.0,0.733,0.34846150243477225,0.0
274835,2025-08-15T11:00:00.000000000,1.4209999999999998,0.0,0.0,0.993,0.6907685123959277,0.0
274835,2025-08-15T12:00:00.000000000,1.307,0.0,0.0,1.042,0.0,0.0
274835,2025-08-15T13:00:00.000000000,1.274,0.0,0.0,1.008,0.33058416715426664,0.0
274835,2025-08-15T14:00:00.000000000,1.423,0.0,0.0,0.993,0.0,0.0
274835,2025-08-15T15:00:00.000000000,1.413,0.0,0.0,0.9159999999999999,0.0,0.0
274835,2025-08-15T16:00:00.000000000,1.298,0.0,0.0,0.7430000000000001,0.32237817718944445,0.0
274835,2025-08-15T17:00:00.000000000,1.183,0.0,0.0,0.593,0.3317564514349555,0.0
274835,2025-08-15T18:00:00.000000000,1.065,0.0,0.0,0.4149999999999999,0.33058416715426664,0.0
274835,2025-08-15T19:00:00.000000000,0.998,0.0,0.0,0.261,0.3578397766802834,0.0
274835,2025-08-15T20:00:00.000000000,0.944,0.0,0.0,0.13699999999999998,0.0,0.0
274835,2025-08-15T21:00:00.000000000,0.7370000000000001,0.006,0.0,0.034,0.3226712482596167,0.0
274835,2025-08-15T22:00:00.000000000,0.488,0.12,0.0,0.0,0.3308772382244389,0.0
274835,2025-08-15T23:00:00.000000000,0.52,0.254,0.0,0.0,0.0,0.0
274835,2025-08-16T00:00:00.000000000,0.621,0.355,0.0,0.0,0.3226712482596167,0.0
274835,2025-08-16T01:00:00.000000000,0.702,0.438,0.0,0.0,0.34846150243477225,0.0
274835,2025-08-16T02:00:00.000000000,0.7670000000000001,0.504,0.0,0.0,0.0,0.0
274835,2025-08-16T03:00:00.000000000,0.814,0.552,0.0,0.0,0.3226712482596167,0.0
274835,2025-08-16T04:00:00.000000000,0.857,0.598,0.0,0.0,0.0,0.0
274835,2025-08-16T05:00:00.000000000,0.878,0.619,0.0,0.0,0.3226712482596167,0.0
274835,2025-08-16T06:00:00.000000000,0.788,0.526,0.0,0.0,0.3214989639789278,0.0
274835,2025-08-16T07:00:00.000000000,0.798,0.35200000000000004,0.0,0.0,0.7312123200796945,0.0
274835,2025-08-16T08:00:00.000000000,0.62,0.122,0.0,0.0,0.7027844262729889,0.0
274835,2025-08-16T09:00:00.000000000,0.542,0.0,0.0,0.059000000000000004,0.3267742432420278,0.0
274835,2025-08-16T10:00:00.000000000,0.655,0.0,0.0,0.17900000000000002,0.6980952891502332,0.0
274835,2025-08-16T11:00:00.000000000,0.7839999999999999,0.0,0.0,0.31100000000000005,0.6898892991854112,0.0
274835,2025-08-16T12:00:00.000000000,0.881,0.0,0.0,0.409,0.692526938816961,0.0
274835,2025-08-16T13:00:00.000000000,0.8939999999999999,0.0,0.0,0.479,0.3393762992594333,0.0
274835,2025-08-16T14:00:00.000000000,0.74,0.0,0.0,0.485,0.0,0.0
274835,2025-08-16T15:00:00.000000000,0.722,0.0,0.0,0.46199999999999997,0.3308772382244389,0.0
274835,2025-08-16T16:00:00.000000000,1.0,0.0,0.0,0.447,0.3226712482596167,0.0
274835,2025-08-16T17:00:00.000000000,0.948,0.0,0.0,0.35800000000000004,0.3578397766802834,0.0
274835,2025-08-16T18:00:00.000000000,0.831,0.0,0.0,0.279,0.3226712482596167,0.0
274835,2025-08-16T19:00:00.000000000,0.45699999999999996,0.0,0.0,0.169,0.0,0.0
274835,2025-08-16T20:00:00.000000000,0.377,0.0,0.0,0.085,0.3308772382244389,0.0
274835,2025-08-16T21:00:00.000000000,0.32,0.001,0.0,0.018,0.3308772382244389,0.0
274835,2025-08-16T22:00:00.000000000,0.315,0.034999999999999996,0.0,0.0,0.0,0.0
274835,2025-08-16T23:00:00.000000000,0.351,0.084,0.0,0.0,0.3226712482596167,0.0
274835,2025-08-17T00:00:00.000000000,0.388,0.124,0.0,0.0,0.0,0.0
274835,2025-08-17T01:00:00.000000000,0.411,0.148,0.0,0.0,0.3226712482596167,0.0
274835,2025-08-17T02:00:00.000000000,0.423,0.162,0.0,0.0,0.0,0.0
274835,2025-08-17T03:00:00.000000000,0.44,0.178,0.0,0.0,0.3226712482596167,0.0
274835,2025-08-17T04:00:00.000000000,0.46900000000000003,0.20099999999999998,0.0,0.0,0.0,0.0
274835,2025-08-17T05:00:00.000000000,0.742,0.197,0.0,0.0,0.3253088878911667,0.0
274835,2025-08-17T06:00:00.000000000,0.7529999999999999,0.17600000000000002,0.0,0.0,1.540088473755028,0.0
274835,2025-08-17T07:00:00.000000000,0.606,0.045,0.0,0.0,1.0392300148307,0.0
274835,2025-08-17T08:00:00.000000000,0.547,0.0,0.0,0.052,0.7153864822903945,0.0
274835,2025-08-17T09:00:00.000000000,0.6539999999999999,0.0,0.0,0.168,0.6769941720978334,0.0
274835,2025-08-17T10:00:00.000000000,0.8039999999999999,0.0,0.0,0.329,0.3226712482596167,0.0
274835,2025-08-17T11:00:00.000000000,0.979,0.0,0.0,0.507,0.32589503003151116,0.0
274835,2025-08-17T12:00:00.000000000,1.1179999999999999,0.0,0.0,0.647,0.3341010199963333,0.0
274835,2025-08-17T13:00:00.000000000,1.186,0.0,0.0,0.7170000000000001,0.6969230048695445,0.0
274835,2025-08-17T14:00:00.000000000,1.395,0.0,0.0,0.919,0.32501581682099445,0.0
274835,2025-08-17T15:00:00.000000000,1.43,0.0,0.0,0.9339999999999999,0.3505129999259778,0.0
274835,2025-08-17T16:00:00.000000000,1.409,0.0,0.0,0.852,0.32648117217185557,0.0
274835,2025-08-17T17:00:00.000000000,1.333,0.0,0.0,0.7409999999999999,0.3282395985928889,0.0
274835,2025-08-17T18:00:00.000000000,1.2349999999999999,0.0,0.0,0.5860000000000001,0.3267742432420278,0.0
274835,2025-08-17T19:00:00.000000000,1.135,0.0,0.0,0.398,1.1558723007592446,0.0
274835,2025-08-17T20:00:00.000000000,1.089,0.0,0.0,0.28300000000000003,0.3308772382244389,0.0
274835,2025-08-17T21:00:00.000000000,0.8969999999999999,0.0,0.0,0.201,0.3226712482596167,0.0
274835,2025-08-17T22:00:00.000000000,0.601,0.0,0.0,0.137,0.0,0.0
274835,2025-08-17T23:00:00.000000000,0.388,0.0,0.0,0.08800000000000001,0.0,0.0
274835,2025-08-18T00:00:00.000000000,0.312,0.0,0.0,0.047999999999999994,0.3226712482596167,0.0
274835,2025-08-18T01:00:00.000000000,0.286,0.0,0.0,0.023000000000000003,0.0,0.0
274835,2025-08-18T02:00:00.000000000,0.276,0.0,0.0,0.015,0.3226712482596167,0.0
274835,2025-08-18T03:00:00.000000000,0.27,0.008,0.0,0.002,0.0,0.0
274835,2025-08-18T04:00:00.000000000,0.32,0.06,0.0,0.0,0.3226712482596167,0.0
274835,2025-08-18T05:00:00.000000000,0.331,0.07100000000000001,0.0,0.0,0.0,0.0
274835,2025-08-18T06:00:00.000000000,0.294,0.026999999999999996,0.0,0.004,0.3226712482596167,0.0
274835,2025-08-18T07:00:00.000000000,0.692,0.0,0.0,0.209,1.056228136900689,0.0
274835,2025-08-18T08:00:00.000000000,0.848,0.0,0.0,0.34900000000000003,0.0,0.0
274835,2025-08-18T09:00:00.000000000,1.0350000000000001,0.0,0.0,0.548,0.3226712482596166,0.0
274835,2025-08-18T10:00:00.000000000,1.224,0.0,0.0,0.7459999999999999,0.0,0.0
274835,2025-08-18T11:00:00.000000000,1.365,0.0,0.0,1.045,0.3308772382244389,0.0
274835,2025-08-18T12:00:00.000000000,1.4809999999999999,0.0,0.0,1.2109999999999999,0.0,0.0
274835,2025-08-18T13:00:00.000000000,1.647,0.0,0.0,1.2690000000000001,0.6453424965192334,0.0
274835,2025-08-18T14:00:00.000000000,1.975,0.0,0.0,1.48,0.0,0.0
274835,2025-08-18T15:00:00.000000000,2.051,0.0,0.0,1.538,0.3226712482596167,0.0
274835,2025-08-18T16:00:00.000000000,1.984,0.0,0.0,1.4109999999999998,0.0,0.0
274835,2025-08-18T17:00:00.000000000,1.612,0.0,0.0,1.012,1.4849911125626498,0.0
274835,2025-08-18T18:00:00.000000000,1.272,0.0,0.0,0.624,0.32237817718944445,0.0
274835,2025-08-18T19:00:00.000000000,1.171,0.0,0.0,0.43699999999999994,0.0,0.0
274835,2025-08-18T20:00:00.000000000,1.111,0.0,0.0,0.307,0.0,0.0
274835,2025-08-18T21:00:00.000000000,0.707,0.0,0.0,0.189,0.3226712482596167,0.0
274835,2025-08-18T22:00:00.000000000,0.372,0.0,0.0,0.09300000000000001,0.0,0.0
274835,2025-08-18T23:00:00.000000000,0.306,0.0,0.0,0.038000000000000006,0.3226712482596167,0.0
274835,2025-08-19T00:00:00.000000000,0.28600000000000003,0.020999999999999998,0.0,0.001,0.0,0.0
274835,2025-08-19T01:00:00.000000000,0.33799999999999997,0.07500000000000001,0.0,0.0,0.3226712482596167,0.0
274835,2025-08-19T02:00:00.000000000,0.392,0.13,0.0,0.0,0.0,0.0
274835,2025-08-19T03:00:00.000000000,0.423,0.162,0.0,0.0,0.3226712482596167,0.0
274835,2025-08-19T04:00:00.000000000,0.416,0.154,0.0,0.0,0.0,0.0
274835,2025-08-19T05:00:00.000000000,0.403,0.14,0.0,0.0,0.0,0.0
274835,2025-08-19T06:00:00.000000000,0.44000000000000006,0.077,0.0,0.021,0.8507853167099612,0.0
274835,2025-08-19T07:00:00.000000000,0.592,0.0,0.0,0.066,0.8610428041659889,0.0
274835,2025-08-19T08:00:00.000000000,0.661,0.0,0.0,0.163,0.7153864822903945,0.0
274835,2025-08-19T09:00:00.000000000,0.884,0.0,0.0,0.39799999999999996,0.6951645784485112,0.0
274835,2025-08-19T10:00:00.000000000,0.951,0.0,0.0,0.5830000000000001,0.7124557715886721,0.0
274835,2025-08-19T11:00:00.000000000,0.934,0.0,0.0,0.677,0.3226712482596167,0.0
274835,2025-08-19T12:00:00.000000000,0.957,0.0,0.0,0.7010000000000001,0.6904754413257556,0.0
274835,2025-08-19T13:00:00.000000000,0.945,0.0,0.0,0.6890000000000001,0.0,0.0
274835,2025-08-19T14:00:00.000000000,1.044,0.0,0.0,0.679,0.0,0.0
274835,2025-08-19T15:00:00.000000000,1.067,0.0,0.0,0.675,0.8507853167099612,0.0
274835,2025-08-19T16:00:00.000000000,1.6969999999999998,0.0,0.0,0.981,4.523845039178422,0.0
274835,2025-08-19T17:00:00.000000000,1.6720000000000002,0.0,0.0,0.9199999999999999,4.846223216367866,0.0
274835,2025-08-19T18:00:00.000000000,1.56,0.0,0.0,0.756,4.523845039178422,0.0
274835,2025-08-19T19:00:00.000000000,1.353,0.0,0.0,0.541,2.5845937678488276,0.0
274835,2025-08-19T20:00:00.000000000,1.1260000000000001,0.0,0.0,0.322,0.6942853652379944,0.0
274835,2025-08-19T21:00:00.000000000,0.512,0.0,0.0,0.21499999999999997,0.3390832281892611,0.0
274835,2025-08-19T22:00:00.000000000,0.43899999999999995,0.0,0.0,0.16,0.3226712482596167,0.0
274835,2025-08-19T23:00:00.000000000,0.383,0.0,0.0,0.11599999999999999,0.0,0.0
274835,2025-08-20T00:00:00.000000000,0.34,0.0,0.0,0.074,0.0,0.0
274835,2025-08-20T01:00:00.000000000,0.302,0.0,0.0,0.038,0.3226712482596167,0.0
274835,2025-08-20T02:00:00.000000000,0.273,0.0,0.0,0.01,0.0,0.0
274835,2025-08-20T03:00:00.000000000,0.279,0.018000000000000002,0.0,0.0,0.3226712482596167,0.0
274835,2025-08-20T04:00:00.000000000,0.32399999999999995,0.065,0.0,0.0,0.0,0.0
274835,2025-08-20T05:00:00.000000000,0.336,0.077,0.0,0.0,0.13950182940197778,0.0
274835,2025-08-20T06:00:00.000000000,0.371,0.109,0.0,0.0,0.18316941885763888,0.0
274835,2025-08-20T07:00:00.000000000,0.572,0.066,0.0,0.0,0.0,0.0
274835,2025-08-20T08:00:00.000000000,0.528,0.0,0.0,0.03,0.3226712482596167,0.0
274835,2025-08-20T09:00:00.000000000,0.626,0.0,0.0,0.14100000000000001,0.0,0.0
274835,2025-08-20T10:00:00.000000000,0.765,0.0,0.0,0.28900000000000003,0.3226712482596167,0.0
274835,2025-08-20T11:00:00.000000000,0.922,0.0,0.0,0.45,0.0,0.0
274835,2025-08-20T12:00:00.000000000,1.058,0.0,0.0,0.5870000000000001,0.7071804923255722,0.0
274835,2025-08-20T13:00:00.000000000,1.096,0.0,0.0,0.629,0.7030774973431612,0.0
274835,2025-08-20T14:00:00.000000000,1.086,0.0,0.0,0.613,0.3393762992594333,0.0
274835,2025-08-20T15:00:00.000000000,1.211,0.0,0.0,0.648,2.450660288780122,0.0
274835,2025-08-20T16:00:00.000000000,1.093,0.0,0.0,0.539,0.3226712482596167,0.0
274835,2025-08-20T17:00:00.000000000,1.084,0.0,0.0,0.493,0.35373678169787226,0.0
274835,2025-08-20T18:00:00.000000000,1.021,0.0,0.0,0.37300000000000005,0.3308772382244389,0.0
274835,2025-08-20T19:00:00.000000000,0.939,0.0,0.0,0.20199999999999999,0.0,0.0
274835,2025-08-20T20:00:00.000000000,0.882,0.0,0.0,0.076,0.3393762992594333,0.0
274835,2025-08-20T21:00:00.000000000,0.6910000000000001,0.079,0.0,0.003,0.3226712482596167,0.0
274835,2025-08-20T22:00:00.000000000,0.474,0.195,0.0,0.0,0.0,0.0
274835,2025-08-20T23:00:00.000000000,0.502,0.236,0.0,0.0,0.0,0.0
274835,2025-08-21T00:00:00.000000000,0.535,0.27,0.0,0.0,0.3393762992594333,0.0
274835,2025-08-21T01:00:00.000000000,0.554,0.291,0.0,0.0,0.3226712482596167,0.0
274835,2025-08-21T02:00:00.000000000,0.575,0.312,0.0,0.0,0.0,0.0
274835,2025-08-21T03:00:00.000000000,0.59,0.329,0.0,0.0,0.3226712482596167,0.0
274835,2025-08-21T04:00:00.000000000,0.592,0.333,0.0,0.0,0.0,0.0
274835,2025-08-21T05:00:00.000000000,0.609,0.35,0.0,0.0,0.3226712482596167,0.0
274835,2025-08-21T06:00:00.000000000,0.867,0.423,0.0,0.0,0.0,0.0
274835,2025-08-21T07:00:00.000000000,0.941,0.435,0.0,0.0,0.0,0.0
274835,2025-08-21T08:00:00.000000000,0.922,0.427,0.0,0.0,0.6808040960100723,0.0
274835,2025-08-21T09:00:00.000000000,0.9890000000000001,0.391,0.0,0.0,0.33029109608409446,0.0
274835,2025-08-21T10:00:00.000000000,0.968,0.4,0.0,0.0,1.0151981870765778,0.0
274835,2025-08-21T11:00:00.000000000,1.112,0.479,0.0,0.0,2.4676584108501114,0.0
274835,2025-08-21T12:00:00.000000000,0.792,0.316,0.0,0.0,0.40414500576749446,0.0
274835,2025-08-21T13:00:00.000000000,0.6910000000000001,0.22599999999999998,0.0,0.0,0.3332218067858167,0.0
274835,2025-08-21T14:00:00.000000000,0.641,0.169,0.0,0.0,0.7115765583781556,0.0
274835,2025-08-21T15:00:00.000000000,0.626,0.136,0.0,0.0,0.7537787924829555,0.0
274835,2025-08-21T16:00:00.000000000,0.714,0.162,0.0,0.0,0.6714258217645611,0.0
274835,2025-08-21T17:00:00.000000000,0.7449999999999999,0.15600000000000003,0.0,0.0,0.3229643193297889,0.0
274835,2025-08-21T18:00:00.000000000,0.843,0.194,0.0,0.0,0.3226712482596166,0.0
274835,2025-08-21T19:00:00.000000000,0.946,0.21000000000000002,0.0,0.0,0.0,0.0
274835,2025-08-21T20:00:00.000000000,0.877,0.202,0.0,0.0,0.3229643193297889,0.0
274835,2025-08-21T21:00:00.000000000,0.562,0.262,0.0,0.0,0.0,0.0
274835,2025-08-21T22:00:00.000000000,0.542,0.261,0.0,0.0,0.0,0.0
274835,2025-08-21T23:00:00.000000000,0.511,0.244,0.0,0.0,0.3229643193297889,0.0
274835,2025-08-22T00:00:00.000000000,0.504,0.239,0.0,0.0,0.0,0.0
274835,2025-08-22T01:00:00.000000000,0.516,0.252,0.0,0.0,0.3229643193297889,0.0
274835,2025-08-22T02:00:00.000000000,0.524,0.26,0.0,0.0,0.0,0.0
274835,2025-08-22T03:00:00.000000000,0.53,0.27,0.0,0.0,0.3229643193297889,0.0
274835,2025-08-22T04:00:00.000000000,0.541,0.28200000000000003,0.0,0.0,0.0,0.0
274835,2025-08-22T05:00:00.000000000,0.556,0.297,0.0,0.0,0.32296431932978886,0.0
274835,2025-08-22T06:00:00.000000000,0.764,0.277,0.0,0.0,0.0,0.0
274835,2025-08-22T07:00:00.000000000,0.679,0.23299999999999998,0.0,0.0,0.3229643193297889,0.0
274835,2025-08-22T08:00:00.000000000,0.40700000000000003,0.147,0.0,0.0,0.0,0.0
274835,2025-08-22T09:00:00.000000000,0.30100000000000005,0.01,0.0,0.034,0.0,0.0
274835,2025-08-22T10:00:00.000000000,0.447,0.0,0.0,0.191,0.6822694513609333,0.0
274835,2025-08-22T11:00:00.000000000,0.7789999999999999,0.0,0.0,0.361,0.0,0.0
274835,2025-08-22T12:00:00.000000000,0.987,0.0,0.0,0.515,0.3229643193297889,0.0
274835,2025-08-22T13:00:00.000000000,1.066,0.0,0.0,0.597,0.0,0.0
274835,2025-08-22T14:00:00.000000000,1.066,0.0,0.0,0.592,0.3226712482596167,0.0
274835,2025-08-22T15:00:00.000000000,1.081,0.0,0.0,0.572,0.8589913066747834,0.0
274835,2025-08-22T16:00:00.000000000,1.033,0.0,0.0,0.46199999999999997,1.235587631846089,0.0
274835,2025-08-22T17:00:00.000000000,0.9369999999999999,0.0,0.0,0.34700000000000003,0.3226712482596167,0.0
274835,2025-08-22T18:00:00.000000000,0.874,0.0,0.0,0.22599999999999998,0.0,0.0
274835,2025-08-22T19:00:00.000000000,0.866,0.0,0.0,0.13,0.3226712482596167,0.0
274835,2025-08-22T20:00:00.000000000,0.881,0.0,0.0,0.074,0.0,0.0
274835,2025-08-22T21:00:00.000000000,0.734,0.028,0.0,0.01,0.3308772382244389,0.0
274835,2025-08-22T22:00:00.000000000,0.5680000000000001,0.105,0.0,0.0,0.3338079489261611,0.0
274835,2025-08-22T23:00:00.000000000,0.45699999999999996,0.139,0.0,0.0,0.3575467056101111,0.0
274835,2025-08-23T00:00:00.000000000,0.392,0.128,0.0,0.0,0.0,0.0
274835,2025-08-23T01:00:00.000000000,0.387,0.123,0.0,0.0,0.3229643193297889,0.0
274835,2025-08-23T02:00:00.000000000,0.387,0.124,0.0,0.0,0.0,0.0
274835,2025-08-23T03:00:00.000000000,0.403,0.14300000000000002,0.0,0.0,0.3229643193297889,0.0
274835,2025-08-23T04:00:00.000000000,0.429,0.16999999999999998,0.0,0.0,0.0,0.0
274835,2025-08-23T05:00:00.000000000,0.46,0.20199999999999999,0.0,0.0,0.3229643193297889,0.0
274835,2025-08-23T06:00:00.000000000,0.44100000000000006,0.17900000000000002,0.0,0.0,0.0,0.0
274835,2025-08-23T07:00:00.000000000,0.32299999999999995,0.023,0.0,0.038,0.3229643193297889,0.0
274835,2025-08-23T08:00:00.000000000,0.659,0.0,0.0,0.22400000000000003,0.0,0.0
274835,2025-08-23T09:00:00.000000000,0.9189999999999999,0.0,0.0,0.432,0.03927152340307778,0.0
274835,2025-08-23T10:00:00.000000000,1.0630000000000002,0.0,0.0,0.5850000000000001,0.2836927959267111,0.0
274835,2025-08-23T11:00:00.000000000,1.184,0.0,0.0,0.675,1.3871053751251279,0.0
274835,2025-08-23T12:00:00.000000000,1.089,0.0,0.0,0.618,0.0,0.0
274835,2025-08-23T13:00:00.000000000,1.084,0.0,0.0,0.617,0.3308772382244389,0.0
274835,2025-08-23T14:00:00.000000000,0.8989999999999999,0.0,0.0,0.59,0.3308772382244389,0.0
274835,2025-08-23T15:00:00.000000000,0.7969999999999999,0.0,0.0,0.537,0.0,0.0
274835,2025-08-23T16:00:00.000000000,1.005,0.0,0.0,0.45199999999999996,0.3226712482596167,0.0
274835,2025-08-23T17:00:00.000000000,1.0310000000000001,0.0,0.0,0.40399999999999997,1.7273608875950779,0.0
274835,2025-08-23T18:00:00.000000000,0.9119999999999999,0.0,0.0,0.262,0.0,0.0
274835,2025-08-23T19:00:00.000000000,0.875,0.0,0.0,0.141,0.34846150243477225,0.0
274835,2025-08-23T20:00:00.000000000,0.853,0.0,0.0,0.04700000000000001,0.3308772382244389,0.0
274835,2025-08-23T21:00:00.000000000,0.7970000000000002,0.101,0.0,0.0,1.1086878584615167,0.0
274835,2025-08-23T22:00:00.000000000,0.5740000000000001,0.205,0.0,0.0,0.0,0.0
274835,2025-08-23T23:00:00.000000000,0.56,0.29200000000000004,0.0,0.0,0.3229643193297889,0.0
274835,2025-08-24T00:00:00.000000000,0.62,0.354,0.0,0.0,0.3229643193297889,0.0
274835,2025-08-24T01:00:00.000000000,0.7069999999999999,0.443,0.0,0.0,0.0,0.0
274835,2025-08-24T02:00:00.000000000,0.8099999999999999,0.547,0.0,0.0,0.0,0.0
274835,2025-08-24T03:00:00.000000000,0.87,0.607,0.0,0.0,0.3229643193297889,0.0
274835,2025-08-24T04:00:00.000000000,0.946,0.6859999999999999,0.0,0.0,0.0,0.0
274835,2025-08-24T05:00:00.000000000,1.008,0.706,0.0,0.0,0.8323218392891112,0.0
274835,2025-08-24T06:00:00.000000000,0.956,0.47,0.0,0.0,0.21452802336606666,0.0
274835,2025-08-24T07:00:00.000000000,0.641,0.129,0.0,0.006,0.6775803142381778,0.0
274835,2025-08-24T08:00:00.000000000,0.6479999999999999,0.0,0.0,0.151,0.0,0.0
274835,2025-08-24T09:00:00.000000000,0.779,0.0,0.0,0.35000000000000003,0.3308772382244389,0.0
274835,2025-08-24T10:00:00.000000000,0.953,0.0,0.0,0.533,0.0,0.0
274835,2025-08-24T11:00:00.000000000,1.155,0.0,0.0,0.681,0.3226712482596167,0.0
274835,2025-08-24T12:00:00.000000000,1.23,0.0,0.0,0.7570000000000001,0.0,0.0
274835,2025-08-24T13:00:00.000000000,1.228,0.0,0.0,0.76,0.3226712482596167,0.0
274835,2025-08-24T14:00:00.000000000,1.0859999999999999,0.0,0.0,0.669,0.3308772382244389,0.0
274835,2025-08-24T15:00:00.000000000,1.172,0.0,0.0,0.681,0.3343940910665055,0.0
274835,2025-08-24T16:00:00.000000000,1.169,0.0,0.0,0.683,0.7109904162378111,0.0
274835,2025-08-24T17:00:00.000000000,0.821,0.0,0.0,0.537,0.3393762992594333,0.0
274835,2025-08-24T18:00:00.000000000,0.644,0.0,0.0,0.36100000000000004,0.0,0.0
274835,2025-08-24T19:00:00.000000000,0.486,0.0,0.0,0.19699999999999998,0.6808040960100723,0.0
274835,2025-08-24T20:00:00.000000000,0.36100000000000004,0.0,0.0,0.067,0.0,0.0
274835,2025-08-24T21:00:00.000000000,0.39499999999999996,0.095,0.0,0.001,0.3226712482596167,0.0
274835,2025-08-24T22:00:00.000000000,0.545,0.265,0.0,0.0,0.0,0.0
274835,2025-08-24T23:00:00.000000000,0.6890000000000001,0.42,0.0,0.0,0.3229643193297889,0.0
274835,2025-08-25T00:00:00.000000000,0.826,0.561,0.0,0.0,0.0,0.0
274835,2025-08-25T01:00:00.000000000,0.929,0.665,0.0,0.0,0.3229643193297889,0.0
274835,2025-08-25T02:00:00.000000000,1.0150000000000001,0.752,0.0,0.0,0.0,0.0
274835,2025-08-25T03:00:00.000000000,1.069,0.806,0.0,0.0,0.0,0.0
274835,2025-08-25T04:00:00.000000000,1.12,0.856,0.0,0.0,0.3229643193297889,0.0
274835,2025-08-25T05:00:00.000000000,1.15,0.886,0.0,0.0,0.0,0.0
274835,2025-08-25T06:00:00.000000000,0.969,0.7040000000000001,0.0,0.0,0.3229643193297889,0.0
274835,2025-08-25T07:00:00.000000000,0.5609999999999999,0.29800000000000004,0.0,0.0,0.0,0.0
274835,2025-08-25T08:00:00.000000000,0.6459999999999999,0.0,0.0,0.17200000000000001,1.3882776594058166,0.0
274835,2025-08-25T09:00:00.000000000,0.865,0.0,0.0,0.37899999999999995,0.3229643193297889,0.0
274835,2025-08-25T10:00:00.000000000,1.045,0.0,0.0,0.5660000000000001,0.0,0.0
274835,2025-08-25T11:00:00.000000000,1.218,0.0,0.0,0.743,0.3393762992594333,0.0
274835,2025-08-25T12:00:00.000000000,1.3979999999999997,0.0,0.0,0.918,0.3308772382244389,0.0
274835,2025-08-25T13:00:00.000000000,1.312,0.0,0.0,0.991,0.3308772382244389,0.0
274835,2025-08-25T14:00:00.000000000,1.325,0.0,0.0,1.057,0.3226712482596167,0.0
274835,2025-08-25T15:00:00.000000000,1.318,0.0,0.0,1.046,0.0,0.0
274835,2025-08-25T16:00:00.000000000,1.198,0.0,0.0,0.8979999999999999,0.3393762992594333,0.0
274835,2025-08-25T17:00:00.000000000,0.9829999999999999,0.0,0.0,0.618,0.3226712482596167,0.0
274835,2025-08-25T18:00:00.000000000,1.0670000000000002,0.0,0.0,0.418,0.0,0.0
274835,2025-08-25T19:00:00.000000000,0.943,0.0,0.0,0.209,0.3226712482596167,0.0
274835,2025-08-25T20:00:00.000000000,0.869,0.0,0.0,0.065,0.0,0.0
274835,2025-08-25T21:00:00.000000000,0.779,0.173,0.0,0.0,0.0,0.0
274835,2025-08-25T22:00:00.000000000,0.671,0.39199999999999996,0.0,0.0,0.3226712482596167,0.0
274835,2025-08-25T23:00:00.000000000,0.813,0.545,0.0,0.0,0.3226712482596167,0.0
274835,2025-08-26T00:00:00.000000000,0.9500000000000001,0.6839999999999999,0.0,0.0,0.0,0.0
274835,2025-08-26T01:00:00.000000000,1.054,0.7899999999999999,0.0,0.0,0.3229643193297889,0.0
274835,2025-08-26T02:00:00.000000000,1.133,0.87,0.0,0.0,0.0,0.0
274835,2025-08-26T03:00:00.000000000,1.1929999999999998,0.93,0.0,0.0,0.0,0.0
274835,2025-08-26T04:00:00.000000000,1.22,0.959,0.0,0.0,0.3229643193297889,0.0
274835,2025-08-26T05:00:00.000000000,1.22,0.956,0.0,0.0,0.3332218067858167,0.0
274835,2025-08-26T06:00:00.000000000,1.1629999999999998,0.7160000000000001,0.0,0.0,0.3229643193297889,0.0
274835,2025-08-26T07:00:00.000000000,0.573,0.30900000000000005,0.0,0.0,0.0,0.0
274835,2025-08-26T08:00:00.000000000,0.36500000000000005,0.0,0.0,0.10300000000000001,0.0,0.0
274835,2025-08-26T09:00:00.000000000,0.651,0.0,0.0,0.39299999999999996,0.3229643193297889,0.0
274835,2025-08-26T10:00:00.000000000,0.896,0.0,0.0,0.6400000000000001,0.3308772382244389,0.0
274835,2025-08-26T11:00:00.000000000,1.233,0.0,0.0,0.9680000000000001,0.0,0.0
274835,2025-08-26T12:00:00.000000000,1.48,0.0,0.0,1.208,0.3226712482596167,0.0
274835,2025-08-26T13:00:00.000000000,1.549,0.0,0.0,1.274,0.0,0.0
274835,2025-08-26T14:00:00.000000000,1.513,0.0,0.0,1.238,0.3226712482596167,0.0
274835,2025-08-26T15:00:00.000000000,1.446,0.0,0.0,1.169,0.0,0.0
274835,2025-08-26T16:00:00.000000000,1.463,0.0,0.0,1.025,0.0,0.0
274835,2025-08-26T17:00:00.000000000,1.336,0.0,0.0,0.7430000000000001,0.3226712482596167,0.0
274835,2025-08-26T18:00:00.000000000,1.1280000000000001,0.0,0.0,0.481,0.0,0.0
274835,2025-08-26T19:00:00.000000000,1.004,0.0,0.0,0.271,0.3226712482596167,0.0
274835,2025-08-26T20:00:00.000000000,0.9289999999999999,0.0,0.0,0.125,0.34846150243477225,0.0
274835,2025-08-26T21:00:00.000000000,0.495,0.049,0.0,0.016,0.34846150243477225,0.0
274835,2025-08-26T22:00:00.000000000,0.45,0.172,0.0,0.0,0.3226712482596167,0.0
274835,2025-08-26T23:00:00.000000000,0.547,0.261,0.0,0.0,0.3396693703296056,0.0
274835,2025-08-27T00:00:00.000000000,0.586,0.312,0.0,0.0,0.3226712482596167,0.0
274835,2025-08-27T01:00:00.000000000,0.605,0.34099999999999997,0.0,0.0,0.0,0.0
274835,2025-08-27T02:00:00.000000000,0.628,0.365,0.0,0.0,0.3226712482596167,0.0
274835,2025-08-27T03:00:00.000000000,0.66,0.397,0.0,0.0,0.0,0.0
274835,2025-08-27T04:00:00.000000000,0.694,0.434,0.0,0.0,0.13100276836698332,0.0
274835,2025-08-27T05:00:00.000000000,0.684,0.42400000000000004,0.0,0.0,0.19166847989263333,0.0
274835,2025-08-27T06:00:00.000000000,0.533,0.27099999999999996,0.0,0.0,0.0,0.0
274835,2025-08-27T07:00:00.000000000,0.40900000000000003,0.085,0.0,0.0,0.3226712482596167,0.0
274835,2025-08-27T08:00:00.000000000,0.5940000000000001,0.0,0.0,0.098,0.0,0.0
274835,2025-08-27T09:00:00.000000000,0.7829999999999999,0.0,0.0,0.29700000000000004,0.3226712482596167,0.0
274835,2025-08-27T10:00:00.000000000,0.995,0.0,0.0,0.518,0.0,0.0
274835,2025-08-27T11:00:00.000000000,1.1509999999999998,0.0,0.0,0.6779999999999999,0.34846150243477225,0.0
274835,2025-08-27T12:00:00.000000000,1.3319999999999999,0.0,0.0,0.856,0.3226712482596167,0.0
274835,2025-08-27T13:00:00.000000000,1.448,0.0,0.0,0.972,0.0,0.0
274835,2025-08-27T14:00:00.000000000,1.536,0.0,0.0,1.0510000000000002,0.3226712482596167,0.0
274835,2025-08-27T15:00:00.000000000,1.589,0.0,0.0,1.085,0.0,0.0
274835,2025-08-27T16:00:00.000000000,1.661,0.0,0.0,1.059,1.3788993851603055,0.0
274835,2025-08-27T17:00:00.000000000,1.261,0.0,0.0,0.668,0.3226712482596167,0.0
274835,2025-08-27T18:00:00.000000000,1.081,0.0,0.0,0.43299999999999994,0.0,0.0
274835,2025-08-27T19:00:00.000000000,0.974,0.0,0.0,0.239,0.3393762992594333,0.0
274835,2025-08-27T20:00:00.000000000,0.9169999999999999,0.0,0.0,0.111,0.6878378016942055,0.0
274835,2025-08-27T21:00:00.000000000,0.726,0.012,0.0,0.018000000000000002,0.0,0.0
274835,2025-08-27T22:00:00.000000000,0.563,0.10200000000000001,0.0,0.0,0.3226712482596167,0.0
274835,2025-08-27T23:00:00.000000000,0.486,0.18499999999999997,0.0,0.0,0.34846150243477225,0.0
274835,2025-08-28T00:00:00.000000000,0.505,0.239,0.0,0.0,0.0,0.0
274835,2025-08-28T01:00:00.000000000,0.555,0.29100000000000004,0.0,0.0,0.3226712482596167,0.0
274835,2025-08-28T02:00:00.000000000,0.586,0.323,0.0,0.0,0.0,0.0
274835,2025-08-28T03:00:00.000000000,0.601,0.33999999999999997,0.0,0.0,0.0,0.0
274835,2025-08-28T04:00:00.000000000,0.605,0.346,0.0,0.0,0.3226712482596167,0.0
274835,2025-08-28T05:00:00.000000000,0.594,0.335,0.0,0.0,0.0,0.0
274835,2025-08-28T06:00:00.000000000,0.6549999999999999,0.12,0.0,0.019,2.4339552377803053,0.0
274835,2025-08-28T07:00:00.000000000,0.611,0.105,0.0,0.0,0.0,0.0
274835,2025-08-28T08:00:00.000000000,0.546,0.0,0.0,0.05,0.3226712482596167,0.0
274835,2025-08-28T09:00:00.000000000,0.6950000000000001,0.0,0.0,0.21000000000000002,0.0,0.0
274835,2025-08-28T10:00:00.000000000,0.899,0.0,0.0,0.421,0.3226712482596167,0.0
274835,2025-08-28T11:00:00.000000000,1.1,0.0,0.0,0.6260000000000001,0.3393762992594333,0.0
274835,2025-08-28T12:00:00.000000000,1.281,0.0,0.0,0.8059999999999999,0.0,0.0
274835,2025-08-28T13:00:00.000000000,1.316,0.0,0.0,0.845,0.9249322974635332,0.0
274835,2025-08-28T14:00:00.000000000,1.5439999999999998,0.0,0.0,1.048,0.16118908859472222,0.0
274835,2025-08-28T15:00:00.000000000,1.647,0.0,0.0,1.0050000000000001,0.3458238628032222,0.0
274835,2025-08-28T16:00:00.000000000,1.382,0.0,0.0,0.6960000000000001,2.0775808164508835,0.0
274835,2025-08-28T17:00:00.000000000,1.177,0.0,0.0,0.538,1.68545172456045,0.0
274835,2025-08-28T18:00:00.000000000,1.034,0.0,0.0,0.38500000000000006,0.3311703092946111,0.0
274835,2025-08-28T19:00:00.000000000,1.08,0.0,0.0,0.308,1.3812439537216834,0.0
274835,2025-08-28T20:00:00.000000000,0.983,0.0,0.0,0.17700000000000002,0.3226712482596167,0.0
274835,2025-08-28T21:00:00.000000000,0.5189999999999999,0.0,0.0,0.08800000000000001,0.0,0.0
274835,2025-08-28T22:00:00.000000000,0.319,0.0,0.0,0.039,0.3226712482596167,0.0
274835,2025-08-28T23:00:00.000000000,0.275,0.004,0.0,0.004,0.0,0.0
274835,2025-08-29T00:00:00.000000000,0.297,0.032,0.0,0.0,0.0,0.0
274835,2025-08-29T01:00:00.000000000,0.324,0.06,0.0,0.0,0.3226712482596167,0.0
274835,2025-08-29T02:00:00.000000000,0.346,0.08399999999999999,0.0,0.0,0.3335148778559889,0.0
274835,2025-08-29T03:00:00.000000000,0.368,0.124,0.0,0.0,0.7177310508517722,0.0
274835,2025-08-29T04:00:00.000000000,0.409,0.132,0.0,0.0,0.3226712482596167,0.0
274835,2025-08-29T05:00:00.000000000,0.527,0.134,0.0,0.0,0.0,0.0
274835,2025-08-29T06:00:00.000000000,0.557,0.071,0.0,0.0,0.0,0.0
274835,2025-08-29T07:00:00.000000000,0.523,0.005,0.0,0.01,0.3308772382244389,0.0
274835,2025-08-29T08:00:00.000000000,0.35300000000000004,0.0,0.0,0.031,0.3393762992594333,0.0
274835,2025-08-29T09:00:00.000000000,0.5690000000000001,0.0,0.0,0.084,0.0,0.0
274835,2025-08-29T10:00:00.000000000,0.606,0.0,0.0,0.131,0.3226712482596167,0.0
274835,2025-08-29T11:00:00.000000000,0.653,0.0,0.0,0.18,0.3308772382244389,0.0
274835,2025-08-29T12:00:00.000000000,0.669,0.0,0.0,0.19899999999999998,0.0,0.0
274835,2025-08-29T13:00:00.000000000,0.673,0.0,0.0,0.20600000000000002,0.3226712482596167,0.0
274835,2025-08-29T14:00:00.000000000,0.666,0.0,0.0,0.192,0.0,0.0
274835,2025-08-29T15:00:00.000000000,0.658,0.0,0.0,0.168,0.3226712482596167,0.0
274835,2025-08-29T16:00:00.000000000,0.755,0.0,0.0,0.16599999999999998,1.056228136900689,0.0
274835,2025-08-29T17:00:00.000000000,0.682,0.0,0.0,0.09300000000000001,0.3226712482596167,0.0
274835,2025-08-29T18:00:00.000000000,0.71,0.0,0.0,0.063,0.0,0.0
274835,2025-08-29T19:00:00.000000000,0.756,0.004,0.0,0.016,1.0515389997779332,0.0
274835,2025-08-29T20:00:00.000000000,0.833,0.027000000000000003,0.0,0.0,0.6895962281152389,0.0
274835,2025-08-29T21:00:00.000000000,0.433,0.133,0.0,0.0,0.0,0.0
274835,2025-08-29T22:00:00.000000000,0.45399999999999996,0.173,0.0,0.0,0.3229643193297889,0.0
274835,2025-08-29T23:00:00.000000000,0.469,0.20199999999999999,0.0,0.0,0.0,0.0
274835,2025-08-30T00:00:00.000000000,0.49,0.225,0.0,0.0,0.0,0.0
274835,2025-08-30T01:00:00.000000000,0.508,0.244,0.0,0.0,0.3229643193297889,0.0
274835,2025-08-30T02:00:00.000000000,0.526,0.264,0.0,0.0,0.0,0.0
274835,2025-08-30T03:00:00.000000000,0.535,0.272,0.0,0.0,0.3229643193297889,0.0
274835,2025-08-30T04:00:00.000000000,0.558,0.299,0.0,0.0,0.0,0.0
274835,2025-08-30T05:00:00.000000000,0.612,0.354,0.0,0.0,0.3229643193297889,0.0
274835,2025-08-30T06:00:00.000000000,0.575,0.313,0.0,0.0,0.0,0.0
274835,2025-08-30T07:00:00.000000000,0.633,0.188,0.0,0.0,0.3229643193297889,0.0
274835,2025-08-30T08:00:00.000000000,0.569,0.07400000000000001,0.0,0.0,0.0,0.0
274835,2025-08-30T09:00:00.000000000,0.897,0.0,0.0,0.277,4.243669096093778,0.0
274835,2025-08-30T10:00:00.000000000,1.156,0.0,0.0,0.524,4.523845039178422,0.0
274835,2025-08-30T11:00:00.000000000,1.171,0.0,0.0,0.65,1.715638044788189,0.0
274835,2025-08-30T12:00:00.000000000,1.415,0.0,0.0,0.937,0.3396693703296056,0.0
274835,2025-08-30T13:00:00.000000000,1.6889999999999998,0.0,0.0,1.206,0.3226712482596167,0.0
274835,2025-08-30T14:00:00.000000000,1.517,0.0,0.0,1.088,0.0,0.0
274835,2025-08-30T15:00:00.000000000,1.3199999999999998,0.0,0.0,0.8260000000000001,0.3226712482596167,0.0
274835,2025-08-30T16:00:00.000000000,1.147,0.0,0.0,0.594,0.0,0.0
274835,2025-08-30T17:00:00.000000000,1.08,0.0,0.0,0.489,0.3226712482596167,0.0
274835,2025-08-30T18:00:00.000000000,0.987,0.0,0.0,0.338,0.3285326696630611,0.0
274835,2025-08-30T19:00:00.000000000,0.6839999999999999,0.0,0.0,0.182,0.3393762992594333,0.0
274835,2025-08-30T20:00:00.000000000,0.35500000000000004,0.0,0.0,0.063,0.0,0.0
274835,2025-08-30T21:00:00.000000000,0.7190000000000001,0.008,0.0,0.015,0.3308772382244389,0.0
274835,2025-08-30T22:00:00.000000000,0.569,0.10700000000000001,0.0,0.0,0.3273603853823722,0.0
274835,2025-08-30T23:00:00.000000000,0.552,0.253,0.0,0.0,0.0,0.0
274835,2025-08-31T00:00:00.000000000,0.6679999999999999,0.40099999999999997,0.0,0.0,0.32296431932978886,0.0
274835,2025-08-31T01:00:00.000000000,0.7829999999999999,0.52,0.0,0.0,0.0,0.0
274835,2025-08-31T02:00:00.000000000,0.861,0.597,0.0,0.0,0.3229643193297889,0.0
274835,2025-08-31T03:00:00.000000000,0.916,0.653,0.0,0.0,0.0,0.0
274835,2025-08-31T04:00:00.000000000,0.956,0.696,0.0,0.0,0.3229643193297889,0.0
274835,2025-08-31T05:00:00.000000000,0.979,0.7190000000000001,0.0,0.0,0.0,0.0
274835,2025-08-31T06:00:00.000000000,0.806,0.545,0.0,0.0,0.0,0.0
274835,2025-08-31T07:00:00.000000000,0.6100000000000001,0.14500000000000002,0.0,0.044,1.3791924562304778,0.0
274835,2025-08-31T08:00:00.000000000,0.683,0.0,0.0,0.186,0.0,0.0
274835,2025-08-31T09:00:00.000000000,0.9710000000000001,0.0,0.0,0.485,0.3229643193297889,0.0
274835,2025-08-31T10:00:00.000000000,1.282,0.0,0.0,0.8039999999999999,0.0,0.0
274835,2025-08-31T11:00:00.000000000,1.617,0.0,0.0,1.1300000000000001,0.7080597055360889,0.0
274835,2025-08-31T12:00:00.000000000,1.698,0.0,0.0,1.211,0.3308772382244389,0.0
274835,2025-08-31T13:00:00.000000000,1.6629999999999998,0.0,0.0,1.181,0.0,0.0
274835,2025-08-31T14:00:00.000000000,1.505,0.0,0.0,1.0230000000000001,0.32237817718944445,0.0
274835,2025-08-31T15:00:00.000000000,1.386,0.0,0.0,0.891,0.3226712482596167,0.0
274835,2025-08-31T16:00:00.000000000,1.3139999999999998,0.0,0.0,0.7589999999999999,0.3393762992594333,0.0
274835,2025-08-31T17:00:00.000000000,1.184,0.0,0.0,0.593,0.3311703092946111,0.0
274835,2025-08-31T18:00:00.000000000,1.0670000000000002,0.0,0.0,0.4159999999999999,0.0,0.0
274835,2025-08-31T19:00:00.000000000,0.995,0.0,0.0,0.258,0.3226712482596167,0.0
274835,2025-08-31T20:00:00.000000000,0.945,0.0,0.0,0.13799999999999998,0.3308772382244389,0.0
274835,2025-08-31T21:00:00.000000000,0.47100000000000003,0.006,0.0,0.034,0.0,0.0
274835,2025-08-31T22:00:00.000000000,0.376,0.095,0.0,0.0,0.0,0.0
274835,2025-08-31T23:00:00.000000000,0.482,0.213,0.0,0.0,0.3226712482596167,0.0
274835,2025-09-01T00:00:00.000000000,0.5970000000000001,0.33199999999999996,0.0,0.0,0.32648117217185557,0.0
274835,2025-09-01T01:00:00.000000000,0.7,0.436,0.0,0.0,0.0,0.0
274835,2025-09-01T02:00:00.000000000,0.793,0.53,0.0,0.0,0.26200553673396665,0.0
274835,2025-09-01T03:00:00.000000000,0.883,0.621,0.0,0.0,0.06066571152565,0.0
274835,2025-09-01T04:00:00.000000000,0.9359999999999999,0.673,0.0,0.0,0.0,0.0
274835,2025-09-01T05:00:00.000000000,0.927,0.663,0.0,0.0,0.3229643193297889,0.0
274835,2025-09-01T06:00:00.000000000,1.046,0.591,0.0,0.0,0.32765345645254446,0.0
274835,2025-09-01T07:00:00.000000000,0.9169999999999999,0.39599999999999996,0.0,0.0,1.053590497269139,0.0
274835,2025-09-01T08:00:00.000000000,0.6619999999999999,0.104,0.0,0.027,0.8850746319201112,0.0
274835,2025-09-01T09:00:00.000000000,0.623,0.0,0.0,0.10400000000000001,0.8592843777449556,0.0
274835,2025-09-01T10:00:00.000000000,0.65,0.0,0.0,0.15800000000000003,0.0,0.0
274835,2025-09-01T11:00:00.000000000,0.571,0.0,0.0,0.199,0.3229643193297889,0.0
274835,2025-09-01T12:00:00.000000000,0.508,0.0,0.0,0.252,0.6913546545362723,0.0
274835,2025-09-01T13:00:00.000000000,0.555,0.0,0.0,0.299,0.7083527766062612,0.0
274835,2025-09-01T14:00:00.000000000,0.588,0.0,0.0,0.335,0.3226712482596167,0.0
274835,2025-09-01T15:00:00.000000000,0.567,0.0,0.0,0.306,0.0,0.0
274835,2025-09-01T16:00:00.000000000,0.491,0.0,0.0,0.19999999999999998,0.3226712482596167,0.0
274835,2025-09-01T17:00:00.000000000,0.394,0.0,0.0,0.109,0.0,0.0
274835,2025-09-01T18:00:00.000000000,0.7989999999999999,0.0,0.0,0.058,0.3229643193297889,0.0
274835,2025-09-01T19:00:00.000000000,0.925,0.015,0.0,0.049,1.056228136900689,0.0
274835,2025-09-01T20:00:00.000000000,0.99,0.14200000000000002,0.0,0.0,0.3229643193297889,0.0
274835,2025-09-01T21:00:00.000000000,0.946,0.254,0.0,0.0,0.3396693703296056,0.0
274835,2025-09-01T22:00:00.000000000,0.7630000000000001,0.305,0.0,0.0,0.0,0.0
274835,2025-09-01T23:00:00.000000000,0.649,0.331,0.0,0.0,0.3229643193297889,0.0
274835,2025-09-02T00:00:00.000000000,0.6,0.335,0.0,0.0,0.0,0.0
274835,2025-09-02T01:00:00.000000000,0.599,0.334,0.0,0.0,0.3396693703296056,0.0
274835,2025-09-02T02:00:00.000000000,0.588,0.324,0.0,0.0,0.3229643193297889,0.0
274835,2025-09-02T03:00:00.000000000,0.576,0.314,0.0,0.0,0.0,0.0
274835,2025-09-02T04:00:00.000000000,0.566,0.305,0.0,0.0,0.3229643193297889,0.0
274835,2025-09-02T05:00:00.000000000,0.564,0.3,0.0,0.0,0.0,0.0
274835,2025-09-02T06:00:00.000000000,0.578,0.314,0.0,0.0,0.0,0.0
274835,2025-09-02T07:00:00.000000000,0.569,0.305,0.0,0.0,0.3229643193297889,0.0
274835,2025-09-02T08:00:00.000000000,0.553,0.292,0.0,0.0,0.3323425935753,0.0
274835,2025-09-02T09:00:00.000000000,0.657,0.21599999999999997,0.0,0.0,0.6761149588873167,0.0
274835,2025-09-02T10:00:00.000000000,0.562,0.07,0.0,0.0,0.34201393889098336,0.0
274835,2025-09-02T11:00:00.000000000,0.467,0.0,0.0,0.038,0.34318622317167224,0.0
274835,2025-09-02T12:00:00.000000000,0.348,0.0,0.0,0.092,0.3229643193297889,0.0
274835,2025-09-02T13:00:00.000000000,0.39,0.0,0.0,0.134,0.0,0.0
274835,2025-09-02T14:00:00.000000000,0.415,0.0,0.0,0.159,0.6919407966766167,0.0
274835,2025-09-02T15:00:00.000000000,0.647,0.0,0.0,0.19399999999999998,0.0,0.0
274835,2025-09-02T16:00:00.000000000,0.7750000000000001,0.0,0.0,0.184,0.3229643193297889,0.0
274835,2025-09-02T17:00:00.000000000,0.835,0.0,0.0,0.18,0.0,0.0
274835,2025-09-02T18:00:00.000000000,0.861,0.0,0.0,0.121,0.0,0.0
274835,2025-09-02T19:00:00.000000000,0.875,0.0,0.0,0.051000000000000004,0.3229643193297889,0.0
274835,2025-09-02T20:00:00.000000000,0.75,0.041999999999999996,0.0,0.0,1.4410304520368167,0.0
274835,2025-09-02T21:00:00.000000000,0.434,0.136,0.0,0.0,0.3396693703296056,0.0
274835,2025-09-02T22:00:00.000000000,0.44699999999999995,0.168,0.0,0.0,0.3229643193297889,0.0
274835,2025-09-02T23:00:00.000000000,0.435,0.166,0.0,0.0,0.32823959859288887,0.0
274835,2025-09-03T00:00:00.000000000,0.41200000000000003,0.148,0.0,0.0,0.0,0.0
274835,2025-09-03T01:00:00.000000000,0.401,0.138,0.0,0.0,0.3229643193297889,0.0
274835,2025-09-03T02:00:00.000000000,0.4,0.137,0.0,0.0,0.0,0.0
274835,2025-09-03T03:00:00.000000000,0.4,0.14,0.0,0.0,0.3229643193297889,0.0
274835,2025-09-03T04:00:00.000000000,0.401,0.14200000000000002,0.0,0.0,0.0,0.0
274835,2025-09-03T05:00:00.000000000,0.54,0.151,0.0,0.0,0.726523182956939,0.0
274835,2025-09-03T06:00:00.000000000,0.44599999999999995,0.14,0.0,0.0,0.3229643193297889,0.0
274835,2025-09-03T07:00:00.000000000,0.36800000000000005,0.107,0.0,0.0,0.0,0.0
274835,2025-09-03T08:00:00.000000000,0.47500000000000003,0.014,0.0,0.014,0.3229643193297889,0.0
274835,2025-09-03T09:00:00.000000000,0.594,0.0,0.0,0.093,0.33996244139977777,0.0
274835,2025-09-03T10:00:00.000000000,0.958,0.0,0.0,0.372,2.7900365880395555,0.0
274835,2025-09-03T11:00:00.000000000,1.237,0.0,0.0,0.5940000000000001,4.846516287438039,0.0
274835,2025-09-03T12:00:00.000000000,1.314,0.0,0.0,0.6739999999999999,4.863514409508028,0.0
274835,2025-09-03T13:00:00.000000000,1.3980000000000001,0.0,0.0,0.7590000000000001,5.079214717154783,0.0
274835,2025-09-03T14:00:00.000000000,0.907,0.0,0.0,0.476,0.12602056017405555,0.0
274835,2025-09-03T15:00:00.000000000,0.635,0.0,0.0,0.374,0.3311703092946111,0.0
274835,2025-09-03T16:00:00.000000000,0.594,0.0,0.0,0.301,0.3396693703296056,0.0
274835,2025-09-03T17:00:00.000000000,0.523,0.0,0.0,0.238,0.3396693703296056,0.0
274835,2025-09-03T18:00:00.000000000,0.441,0.0,0.0,0.159,0.0,0.0
274835,2025-09-03T19:00:00.000000000,0.958,0.0,0.0,0.13,1.0228180349010556,0.0
274835,2025-09-03T20:00:00.000000000,0.49699999999999994,0.0,0.0,0.065,0.3563744213294222,0.0
274835,2025-09-03T21:00:00.000000000,0.315,0.006,0.0,0.01,0.0,0.0
274835,2025-09-03T22:00:00.000000000,0.315,0.035,0.0,0.0,0.3229643193297889,0.0
274835,2025-09-03T23:00:00.000000000,0.335,0.067,0.0,0.0,0.34904764457511667,0.0
274835,2025-09-04T00:00:00.000000000,0.354,0.088,0.0,0.0,0.0,0.0
274835,2025-09-04T01:00:00.000000000,0.373,0.11,0.0,0.0,0.3229643193297889,0.0
274835,2025-09-04T02:00:00.000000000,0.381,0.118,0.0,0.0,0.0,0.0
274835,2025-09-04T03:00:00.000000000,0.391,0.13,0.0,0.0,0.3229643193297889,0.0
274835,2025-09-04T04:00:00.000000000,0.402,0.11199999999999999,0.0,0.004,0.5281140684503445,0.0
274835,2025-09-04T05:00:00.000000000,0.512,0.087,0.0,0.008,0.8510783877801333,0.0
274835,2025-09-04T06:00:00.000000000,0.6010000000000001,0.047,0.0,0.024,1.056228136900689,0.0
274835,2025-09-04T07:00:00.000000000,0.601,0.084,0.0,0.0,0.3229643193297889,0.0
274835,2025-09-04T08:00:00.000000000,0.551,0.039,0.0,0.0,0.6957507205888556,0.0
274835,2025-09-04T09:00:00.000000000,0.557,0.0,0.0,0.057999999999999996,1.109274000601861,0.0
274835,2025-09-04T10:00:00.000000000,0.474,0.0,0.0,0.158,0.3660457666451056,0.0
274835,2025-09-04T11:00:00.000000000,0.724,0.0,0.0,0.391,0.8510783877801333,0.0
274835,2025-09-04T12:00:00.000000000,1.222,0.0,0.0,0.716,1.2282608550917833,0.0
274835,2025-09-04T13:00:00.000000000,1.437,0.0,0.0,1.06,0.3686834062766556,0.0
274835,2025-09-04T14:00:00.000000000,1.944,0.0,0.0,1.436,0.3226712482596167,0.0
274835,2025-09-04T15:00:00.000000000,2.016,0.0,0.0,1.483,0.0,0.0
274835,2025-09-04T16:00:00.000000000,1.985,0.0,0.0,1.3760000000000001,0.3226712482596167,0.0
274835,2025-09-04T17:00:00.000000000,1.687,0.0,0.0,1.023,0.0,0.0
274835,2025-09-04T18:00:00.000000000,1.423,0.0,0.0,0.643,2.1511416550641114,0.0
274835,2025-09-04T19:00:00.000000000,1.23,0.0,0.0,0.40099999999999997,0.0,0.0
274835,2025-09-04T20:00:00.000000000,1.08,0.0,0.0,0.22999999999999998,0.3308772382244389,0.0
274835,2025-09-04T21:00:00.000000000,0.704,0.0,0.0,0.097,0.3311703092946111,0.0
274835,2025-09-04T22:00:00.000000000,0.391,0.009000000000000001,0.0,0.007,0.0,0.0
274835,2025-09-04T23:00:00.000000000,0.424,0.094,0.0,0.0,0.0,0.0
274835,2025-09-05T00:00:00.000000000,0.454,0.183,0.0,0.0,0.3229643193297889,0.0
274835,2025-09-05T01:00:00.000000000,0.493,0.247,0.0,0.0,0.0,0.0
274835,2025-09-05T02:00:00.000000000,0.556,0.313,0.0,0.0,0.3229643193297889,0.0
274835,2025-09-05T03:00:00.000000000,0.628,0.366,0.0,0.0,0.0,0.0
274835,2025-09-05T04:00:00.000000000,0.6759999999999999,0.417,0.0,0.0,0.3229643193297889,0.0
274835,2025-09-05T05:00:00.000000000,0.7249999999999999,0.46499999999999997,0.0,0.0,0.0,0.0
274835,2025-09-05T06:00:00.000000000,0.7230000000000001,0.39799999999999996,0.0,0.0,0.6819763802907612,0.0
274835,2025-09-05T07:00:00.000000000,0.651,0.13,0.0,0.002,0.0,0.0
274835,2025-09-05T08:00:00.000000000,0.6479999999999999,0.0,0.0,0.13599999999999998,0.3229643193297889,0.0
274835,2025-09-05T09:00:00.000000000,0.827,0.0,0.0,0.325,0.0,0.0
274835,2025-09-05T10:00:00.000000000,0.96,0.0,0.0,0.46699999999999997,0.6901823702555834,0.0
274835,2025-09-05T11:00:00.000000000,0.858,0.0,0.0,0.544,0.36897647734682776,0.0
274835,2025-09-05T12:00:00.000000000,0.867,0.0,0.0,0.609,0.32296431932978886,0.0
274835,2025-09-05T13:00:00.000000000,0.94,0.0,0.0,0.6819999999999999,0.3396693703296056,0.0
274835,2025-09-05T14:00:00.000000000,0.941,0.0,0.0,0.685,0.6916477256064444,0.0
274835,2025-09-05T15:00:00.000000000,0.961,0.0,0.0,0.7010000000000001,0.0,0.0
274835,2025-09-05T16:00:00.000000000,0.992,0.0,0.0,0.7010000000000001,0.0,0.0
274835,2025-09-05T17:00:00.000000000,0.861,0.0,0.0,0.575,0.3226712482596167,0.0
274835,2025-09-05T18:00:00.000000000,1.016,0.0,0.0,0.37100000000000005,0.6775803142381778,0.0
274835,2025-09-05T19:00:00.000000000,1.005,0.0,0.0,0.176,0.7142141980097055,0.0
274835,2025-09-05T20:00:00.000000000,0.499,0.047,0.0,0.019000000000000003,0.33732480176822777,0.0
274835,2025-09-05T21:00:00.000000000,0.5980000000000001,0.29900000000000004,0.0,0.0,0.0,0.0
274835,2025-09-05T22:00:00.000000000,0.734,0.452,0.0,0.0,0.3311703092946111,0.0
274835,2025-09-05T23:00:00.000000000,0.813,0.546,0.0,0.0,0.0,0.0
274835,2025-09-06T00:00:00.000000000,0.857,0.592,0.0,0.0,0.3229643193297889,0.0
274835,2025-09-06T01:00:00.000000000,0.897,0.633,0.0,0.0,0.0,0.0
274835,2025-09-06T02:00:00.000000000,0.995,0.732,0.0,0.0,0.3229643193297889,0.0
274835,2025-09-06T03:00:00.000000000,1.176,0.9299999999999999,0.0,0.0,0.0,0.0
274835,2025-09-06T04:00:00.000000000,1.322,1.0390000000000001,0.0,0.0,0.3229643193297889,0.0
274835,2025-09-06T05:00:00.000000000,1.488,1.085,0.0,0.0,0.0,0.0
274835,2025-09-06T06:00:00.000000000,1.396,0.901,0.0,0.0,0.3335148778559889,0.0
274835,2025-09-06T07:00:00.000000000,1.048,0.417,0.0,0.0,0.3229643193297889,0.0
274835,2025-09-06T08:00:00.000000000,0.7790000000000001,0.021,0.0,0.053000000000000005,0.3279465275227167,0.0
274835,2025-09-06T09:00:00.000000000,0.82,0.0,0.0,0.22999999999999998,1.5034545899835001,0.0
274835,2025-09-06T10:00:00.000000000,1.074,0.0,0.0,0.447,2.114214700222411,0.0
274835,2025-09-06T11:00:00.000000000,1.1620000000000001,0.0,0.0,0.673,0.6939922941678222,0.0
274835,2025-09-06T12:00:00.000000000,1.4129999999999998,0.0,0.0,0.9199999999999999,0.3291188118034056,0.0
274835,2025-09-06T13:00:00.000000000,1.524,0.0,0.0,1.03,0.33204952250512776,0.0
274835,2025-09-06T14:00:00.000000000,1.5050000000000001,0.0,0.0,1.12,0.3253088878911667,0.0
274835,2025-09-06T15:00:00.000000000,1.8479999999999999,0.0,0.0,1.1600000000000001,0.32501581682099445,0.0
274835,2025-09-06T16:00:00.000000000,1.624,0.0,0.0,0.9329999999999999,0.9706513844104,0.0
274835,2025-09-06T17:00:00.000000000,1.4289999999999998,0.0,0.0,0.636,2.1637437110815165,0.0
274835,2025-09-06T18:00:00.000000000,1.096,0.0,0.0,0.35400000000000004,0.3229643193297889,0.0
274835,2025-09-06T19:00:00.000000000,0.969,0.0,0.0,0.142,0.3341010199963333,0.0
274835,2025-09-06T20:00:00.000000000,0.902,0.039,0.0,0.013999999999999999,0.32589503003151116,0.0
274835,2025-09-06T21:00:00.000000000,0.996,0.303,0.0,0.0,0.0,0.0
274835,2025-09-06T22:00:00.000000000,0.974,0.513,0.0,0.0,0.32765345645254446,0.0
274835,2025-09-06T23:00:00.000000000,1.017,0.687,0.0,0.0,0.6904754413257557,0.0
274835,2025-09-07T00:00:00.000000000,1.0670000000000002,0.792,0.0,0.0,0.32648117217185557,0.0
274835,2025-09-07T01:00:00.000000000,1.1420000000000001,0.878,0.0,0.0,0.0,0.0
274835,2025-09-07T02:00:00.000000000,1.2409999999999999,0.977,0.0,0.0,0.3229643193297889,0.0
274835,2025-09-07T03:00:00.000000000,1.314,1.05,0.0,0.0,0.0,0.0
274835,2025-09-07T04:00:00.000000000,1.352,1.093,0.0,0.0,0.3229643193297889,0.0
274835,2025-09-07T05:00:00.000000000,1.484,1.092,0.0,0.0,0.0,0.0
274835,2025-09-07T06:00:00.000000000,1.255,0.885,0.0,0.0,0.3229643193297889,0.0
274835,2025-09-07T07:00:00.000000000,0.8959999999999999,0.377,0.0,0.0,0.0,0.0
274835,2025-09-07T08:00:00.000000000,0.41000000000000003,0.009,0.0,0.07400000000000001,0.0,0.0
274835,2025-09-07T09:00:00.000000000,0.88,0.0,0.0,0.379,0.3229643193297889,0.0
274835,2025-09-07T10:00:00.000000000,1.171,0.0,0.0,0.677,0.0,0.0
274835,2025-09-07T11:00:00.000000000,1.557,0.0,0.0,1.058,0.3311703092946111,0.0
274835,2025-09-07T12:00:00.000000000,1.8370000000000002,0.0,0.0,1.334,0.3226712482596167,0.0
274835,2025-09-07T13:00:00.000000000,1.9899999999999998,0.0,0.0,1.486,0.0,0.0
274835,2025-09-07T14:00:00.000000000,2.12,0.0,0.0,1.605,0.3226712482596167,0.0
274835,2025-09-07T15:00:00.000000000,2.1100000000000003,0.0,0.0,1.573,0.0,0.0
274835,2025-09-07T16:00:00.000000000,1.902,0.0,0.0,1.2930000000000001,0.3226712482596166,0.0
274835,2025-09-07T17:00:00.000000000,1.46,0.0,0.0,0.7999999999999999,0.3308772382244389,0.0
274835,2025-09-07T18:00:00.000000000,1.3030000000000002,0.0,0.0,0.525,1.3788993851603055,0.0
274835,2025-09-07T19:00:00.000000000,1.2229999999999999,0.0,0.0,0.33699999999999997,1.65907532824495,0.0
274835,2025-09-07T20:00:00.000000000,1.0299999999999998,0.0,0.0,0.162,1.225037073319889,0.0
274835,2025-09-07T21:00:00.000000000,0.734,0.019,0.0,0.023,0.0,0.0
274835,2025-09-07T22:00:00.000000000,0.598,0.17,0.0,0.0,0.7382460257638278,0.0
274835,2025-09-07T23:00:00.000000000,0.5740000000000001,0.30700000000000005,0.0,0.0,0.0,0.0
274835,2025-09-08T00:00:00.000000000,0.664,0.39899999999999997,0.0,0.0,0.3226712482596167,0.0
274835,2025-09-08T01:00:00.000000000,0.702,0.438,0.0,0.0,0.0,0.0
274835,2025-09-08T02:00:00.000000000,0.722,0.458,0.0,0.0,0.3229643193297889,0.0
274835,2025-09-08T03:00:00.000000000,0.7370000000000001,0.474,0.0,0.0,0.0,0.0
274835,2025-09-08T04:00:00.000000000,0.762,0.501,0.0,0.0,0.0,0.0
274835,2025-09-08T05:00:00.000000000,0.806,0.543,0.0,0.0,0.3229643193297889,0.0
274835,2025-09-08T06:00:00.000000000,0.7040000000000001,0.43899999999999995,0.0,0.0,0.0,0.0
274835,2025-09-08T07:00:00.000000000,0.40399999999999997,0.136,0.0,0.003,0.3229643193297889,0.0
274835,2025-09-08T08:00:00.000000000,0.413,0.0,0.0,0.15,0.0,0.0
274835,2025-09-08T09:00:00.000000000,0.6559999999999999,0.0,0.0,0.39599999999999996,0.3226712482596167,0.0
274835,2025-09-08T10:00:00.000000000,0.887,0.0,0.0,0.6300000000000001,0.0,0.0
274835,2025-09-08T11:00:00.000000000,1.139,0.0,0.0,0.88,0.3226712482596167,0.0
274835,2025-09-08T12:00:00.000000000,1.384,0.0,0.0,1.117,0.0,0.0
274835,2025-09-08T13:00:00.000000000,1.598,0.0,0.0,1.328,0.0,0.0
274835,2025-09-08T14:00:00.000000000,1.841,0.0,0.0,1.505,0.3223781771894445,0.0
274835,2025-09-08T15:00:00.000000000,1.921,0.0,0.0,1.4509999999999998,0.0,0.0
274835,2025-09-08T16:00:00.000000000,1.838,0.0,0.0,1.23,0.3226712482596167,0.0
274835,2025-09-08T17:00:00.000000000,1.239,0.0,0.0,0.775,0.0,0.0
274835,2025-09-08T18:00:00.000000000,0.855,0.0,0.0,0.45399999999999996,0.3396693703296056,0.0
274835,2025-09-08T19:00:00.000000000,1.0859999999999999,0.0,0.0,0.26,0.3329287357156444,0.0
274835,2025-09-08T20:00:00.000000000,0.971,0.0,0.0,0.124,1.0700024771987833,0.0
274835,2025-09-08T21:00:00.000000000,0.8859999999999999,0.006,0.0,0.027999999999999997,0.3253088878911667,0.0
274835,2025-09-08T22:00:00.000000000,0.699,0.14900000000000002,0.0,0.0,1.3876915172654722,0.0
274835,2025-09-08T23:00:00.000000000,0.683,0.28500000000000003,0.0,0.0,1.6400257086837557,0.0
274835,2025-09-09T00:00:00.000000000,0.5640000000000001,0.29900000000000004,0.0,0.0,0.0,0.0
274835,2025-09-09T01:00:00.000000000,0.6659999999999999,0.40199999999999997,0.0,0.0,0.0,0.0
274835,2025-09-09T02:00:00.000000000,0.72,0.46,0.0,0.0,0.3226712482596167,0.0
274835,2025-09-09T03:00:00.000000000,0.728,0.483,0.0,0.0,0.0,0.0
274835,2025-09-09T04:00:00.000000000,0.762,0.499,0.0,0.0,0.3229643193297889,0.0
274835,2025-09-09T05:00:00.000000000,0.7609999999999999,0.497,0.0,0.0,0.0,0.0
274835,2025-09-09T06:00:00.000000000,0.654,0.39,0.0,0.0,0.7133349847991889,0.0
274835,2025-09-09T07:00:00.000000000,0.619,0.078,0.0,0.019999999999999997,0.6890100859748944,0.0
274835,2025-09-09T08:00:00.000000000,0.535,0.0,0.0,0.20900000000000002,0.0,0.0
274835,2025-09-09T09:00:00.000000000,0.7689999999999999,0.0,0.0,0.509,0.3226712482596167,0.0
274835,2025-09-09T10:00:00.000000000,1.105,0.0,0.0,0.845,0.0,0.0
274835,2025-09-09T11:00:00.000000000,1.631,0.0,0.0,1.358,0.738539096834,0.0
274835,2025-09-09T12:00:00.000000000,2.177,0.0,0.0,1.893,0.0,0.0
274835,2025-09-09T13:00:00.000000000,2.556,0.0,0.0,2.263,0.3226712482596167,0.0
274835,2025-09-09T14:00:00.000000000,3.0060000000000002,0.0,0.0,2.3789999999999996,0.0,0.0
274835,2025-09-09T15:00:00.000000000,2.945,0.0,0.0,2.299,1.5330547680708946,0.0
274835,2025-09-09T16:00:00.000000000,3.032,0.0,0.0,2.2399999999999998,2.135901959415156,0.0
274835,2025-09-09T17:00:00.000000000,2.178,0.0,0.0,1.4580000000000002,1.2607917438809,0.0
274835,2025-09-09T18:00:00.000000000,1.445,0.0,0.0,0.7010000000000001,0.7054220659045389,0.0
274835,2025-09-09T19:00:00.000000000,1.304,0.0,0.0,0.45999999999999996,0.5281140684503445,0.0
274835,2025-09-09T20:00:00.000000000,1.355,0.0,0.0,0.415,3.376178728384,0.0
274835,2025-09-09T21:00:00.000000000,0.975,0.0,0.0,0.17400000000000002,0.0,0.0
274835,2025-09-09T22:00:00.000000000,0.633,0.0,0.0,0.073,0.43198675743385556,0.0
274835,2025-09-09T23:00:00.000000000,0.5660000000000001,0.077,0.0,0.0,2.4585732076747724,0.0
274835,2025-09-10T00:00:00.000000000,0.393,0.104,0.0,0.0,0.21364881015554998,0.0
274835,2025-09-10T01:00:00.000000000,0.438,0.18,0.0,0.0,0.0,0.0
274835,2025-09-10T02:00:00.000000000,0.486,0.22899999999999998,0.0,0.0,0.3226712482596167,0.0
274835,2025-09-10T03:00:00.000000000,0.541,0.279,0.0,0.0,0.0,0.0
274835,2025-09-10T04:00:00.000000000,0.603,0.34299999999999997,0.0,0.0,0.3226712482596167,0.0
274835,2025-09-10T05:00:00.000000000,0.625,0.366,0.0,0.0,0.0,0.0
274835,2025-09-10T06:00:00.000000000,0.51,0.24800000000000003,0.0,0.0,0.3226712482596167,0.0
274835,2025-09-10T07:00:00.000000000,0.341,0.02,0.0,0.061,0.0,0.0
274835,2025-09-10T08:00:00.000000000,0.774,0.0,0.0,0.327,0.0,0.0
274835,2025-09-10T09:00:00.000000000,1.1260000000000001,0.0,0.0,0.623,0.3226712482596167,0.0
274835,2025-09-10T10:00:00.000000000,1.374,0.0,0.0,0.879,0.0,0.0
274835,2025-09-10T11:00:00.000000000,1.6869999999999998,0.0,0.0,1.188,0.3226712482596167,0.0
274835,2025-09-10T12:00:00.000000000,1.8370000000000002,0.0,0.0,1.334,0.0,0.0
274835,2025-09-10T13:00:00.000000000,1.941,0.0,0.0,1.441,0.6813902381504167,0.0
274835,2025-09-10T14:00:00.000000000,1.936,0.0,0.0,1.428,0.0,0.0
274835,2025-09-10T15:00:00.000000000,1.83,0.0,0.0,1.304,0.3308772382244389,0.0
274835,2025-09-10T16:00:00.000000000,1.548,0.0,0.0,1.104,0.6725981060452499,0.0
274835,2025-09-10T17:00:00.000000000,1.159,0.0,0.0,0.793,0.0,0.0
274835,2025-09-10T18:00:00.000000000,0.7830000000000001,0.0,0.0,0.502,0.7382460257638278,0.0
274835,2025-09-10T19:00:00.000000000,1.058,0.0,0.0,0.35100000000000003,0.35901206096097227,0.0
274835,2025-09-10T20:00:00.000000000,1.089,0.0,0.0,0.239,0.7599332849565722,0.0
274835,2025-09-10T21:00:00.000000000,0.849,0.0,0.0,0.157,0.0,0.0
274835,2025-09-10T22:00:00.000000000,0.562,0.0,0.0,0.10199999999999998,0.3226712482596167,0.0
274835,2025-09-10T23:00:00.000000000,0.552,0.0,0.0,0.07100000000000001,0.2845720091372278,0.0
274835,2025-09-11T00:00:00.000000000,0.424,0.0,0.0,0.059,1.5940135506667166,0.0
274835,2025-09-11T01:00:00.000000000,0.5,0.0,0.0,0.08299999999999999,2.135901959415156,0.0
274835,2025-09-11T02:00:00.000000000,0.342,0.0,0.0,0.073,0.39359444724129444,0.0
274835,2025-09-11T03:00:00.000000000,0.336,0.0,0.0,0.073,0.0,0.0
274835,2025-09-11T04:00:00.000000000,0.333,0.0,0.0,0.076,0.0,0.0
274835,2025-09-11T05:00:00.000000000,0.335,0.0,0.0,0.076,0.3226712482596167,0.0
274835,2025-09-11T06:00:00.000000000,0.345,0.0,0.0,0.08399999999999999,0.0,0.0
274835,2025-09-11T07:00:00.000000000,0.5790000000000001,0.0,0.0,0.123,0.3226712482596167,0.0
274835,2025-09-11T08:00:00.000000000,0.692,0.0,0.0,0.18,0.0,0.0
274835,2025-09-11T09:00:00.000000000,0.7590000000000001,0.0,0.0,0.258,0.3226712482596167,0.0
274835,2025-09-11T10:00:00.000000000,0.7200000000000001,0.0,0.0,0.346,0.0,0.0
274835,2025-09-11T11:00:00.000000000,0.718,0.0,0.0,0.461,0.33996244139977777,0.0
274835,2025-09-11T12:00:00.000000000,0.853,0.0,0.0,0.597,0.3308772382244389,0.0
274835,2025-09-11T13:00:00.000000000,0.894,0.0,0.0,0.638,0.681976380290761,0.0
274835,2025-09-11T14:00:00.000000000,0.893,0.0,0.0,0.636,0.0,0.0
274835,2025-09-11T15:00:00.000000000,0.804,0.0,0.0,0.5449999999999999,0.0,0.0
274835,2025-09-11T16:00:00.000000000,0.646,0.0,0.0,0.35500000000000004,0.3226712482596167,0.0
274835,2025-09-11T17:00:00.000000000,0.865,0.0,0.0,0.209,0.0,0.0
274835,2025-09-11T18:00:00.000000000,0.8069999999999999,0.0,0.0,0.064,0.3226712482596167,0.0
274835,2025-09-11T19:00:00.000000000,0.62,0.07,0.0,0.0,0.0,0.0
274835,2025-09-11T20:00:00.000000000,0.536,0.244,0.0,0.0,0.3226712482596167,0.0
274835,2025-09-11T21:00:00.000000000,0.69,0.39,0.0,0.0,0.33996244139977777,0.0
274835,2025-09-11T22:00:00.000000000,0.6990000000000001,0.418,0.0,0.0,0.0,0.0
274835,2025-09-11T23:00:00.000000000,0.728,0.46,0.0,0.0,0.3226712482596167,0.0
274835,2025-09-12T00:00:00.000000000,0.787,0.52,0.0,0.0,0.0,0.0
274835,2025-09-12T01:00:00.000000000,0.869,0.604,0.0,0.0,0.3229643193297889,0.0
274835,2025-09-12T02:00:00.000000000,0.902,0.638,0.0,0.0,0.0,0.0
274835,2025-09-12T03:00:00.000000000,0.95,0.688,0.0,0.0,0.3229643193297889,0.0
274835,2025-09-12T04:00:00.000000000,1.009,0.7490000000000001,0.0,0.0,0.0,0.0
274835,2025-09-12T05:00:00.000000000,1.065,0.8030000000000002,0.0,0.0,0.3229643193297889,0.0
274835,2025-09-12T06:00:00.000000000,1.1709999999999998,0.72,0.0,0.0,0.0,0.0
274835,2025-09-12T07:00:00.000000000,0.997,0.479,0.0,0.0,0.3229643193297889,0.0
274835,2025-09-12T08:00:00.000000000,0.605,0.216,0.0,0.0,0.0,0.0
274835,2025-09-12T09:00:00.000000000,0.365,0.031,0.0,0.017,0.0,0.0
274835,2025-09-12T10:00:00.000000000,0.43799999999999994,0.0,0.0,0.122,0.3311703092946111,0.0
274835,2025-09-12T11:00:00.000000000,0.511,0.0,0.0,0.255,0.6541346286244001,0.0
274835,2025-09-12T12:00:00.000000000,0.704,0.0,0.0,0.39,0.0,0.0
274835,2025-09-12T13:00:00.000000000,0.99,0.0,0.0,0.507,0.7124557715886722,0.0
274835,2025-09-12T14:00:00.000000000,1.1869999999999998,0.0,0.0,0.661,1.056228136900689,0.0
274835,2025-09-12T15:00:00.000000000,1.144,0.0,0.0,0.631,0.0,0.0
274835,2025-09-12T16:00:00.000000000,1.139,0.0,0.0,0.548,0.6623406185892222,0.0
274835,2025-09-12T17:00:00.000000000,1.048,0.0,0.0,0.391,0.0,0.0
274835,2025-09-12T18:00:00.000000000,0.9199999999999999,0.0,0.0,0.177,0.47682663117020563,0.0
274835,2025-09-12T19:00:00.000000000,0.91,0.067,0.0,0.015,0.18551398741901667,0.0
274835,2025-09-12T20:00:00.000000000,1.283,0.432,0.0,0.0,0.7010259998519556,0.0
274835,2025-09-12T21:00:00.000000000,1.455,0.7609999999999999,0.0,0.0,0.0,0.0
274835,2025-09-12T22:00:00.000000000,1.3419999999999999,0.975,0.0,0.0,0.3229643193297889,0.0
274835,2025-09-12T23:00:00.000000000,1.396,1.126,0.0,0.0,0.0,0.0
274835,2025-09-13T00:00:00.000000000,1.51,1.243,0.0,0.0,0.32296431932978886,0.0
274835,2025-09-13T01:00:00.000000000,1.5740000000000003,1.3090000000000002,0.0,0.0,0.0,0.0
274835,2025-09-13T02:00:00.000000000,1.616,1.351,0.0,0.0,0.3229643193297889,0.0
274835,2025-09-13T03:00:00.000000000,1.644,1.38,0.0,0.0,0.0,0.0
274835,2025-09-13T04:00:00.000000000,1.652,1.3639999999999999,0.0,0.0,0.5281140684503445,0.0
274835,2025-09-13T05:00:00.000000000,1.5699999999999998,1.0030000000000001,0.0,0.0,4.846809358508211,0.0
274835,2025-09-13T06:00:00.000000000,1.52,0.668,0.0,0.0,4.85061928242045,0.0
274835,2025-09-13T07:00:00.000000000,1.1280000000000001,0.499,0.0,0.0,0.5624033836604945,0.0
274835,2025-09-13T08:00:00.000000000,0.8180000000000001,0.134,0.0,0.012,2.235253052203539,0.0
274835,2025-09-13T09:00:00.000000000,0.69,0.0,0.0,0.173,0.903245038270789,0.0
274835,2025-09-13T10:00:00.000000000,0.852,0.0,0.0,0.361,1.0700024771987833,0.0
274835,2025-09-13T11:00:00.000000000,0.971,0.0,0.0,0.54,0.3229643193297889,0.0
274835,2025-09-13T12:00:00.000000000,0.917,0.0,0.0,0.661,0.0,0.0
274835,2025-09-13T13:00:00.000000000,0.984,0.0,0.0,0.728,0.3311703092946111,0.0
274835,2025-09-13T14:00:00.000000000,1.125,0.0,0.0,0.8079999999999999,0.3226712482596167,0.0
274835,2025-09-13T15:00:00.000000000,1.3110000000000002,0.0,0.0,0.796,0.3226712482596167,0.0
274835,2025-09-13T16:00:00.000000000,1.314,0.0,0.0,0.7220000000000001,0.0,0.0
274835,2025-09-13T17:00:00.000000000,0.9039999999999999,0.0,0.0,0.542,0.0,0.0
274835,2025-09-13T18:00:00.000000000,0.601,0.0,0.0,0.319,0.3226712482596167,0.0
274835,2025-09-13T19:00:00.000000000,0.72,0.0,0.0,0.153,1.5066783717553944,0.0
274835,2025-09-13T20:00:00.000000000,0.9199999999999999,0.0,0.0,0.07100000000000001,1.924304646750811,0.0
274835,2025-09-13T21:00:00.000000000,0.496,0.049,0.0,0.009,0.06125185366599444,0.0
274835,2025-09-13T22:00:00.000000000,0.432,0.15200000000000002,0.0,0.0,0.0,0.0
274835,2025-09-13T23:00:00.000000000,0.54,0.273,0.0,0.0,0.3229643193297889,0.0
274835,2025-09-14T00:00:00.000000000,0.7010000000000001,0.436,0.0,0.0,0.0,0.0
274835,2025-09-14T01:00:00.000000000,0.818,0.554,0.0,0.0,0.32296431932978886,0.0
274835,2025-09-14T02:00:00.000000000,0.864,0.601,0.0,0.0,0.0,0.0
274835,2025-09-14T03:00:00.000000000,0.88,0.618,0.0,0.0,0.3229643193297889,0.0
274835,2025-09-14T04:00:00.000000000,0.861,0.603,0.0,0.0,0.0,0.0
274835,2025-09-14T05:00:00.000000000,0.861,0.601,0.0,0.0,0.3229643193297889,0.0
274835,2025-09-14T06:00:00.000000000,0.9149999999999999,0.46399999999999997,0.0,0.0,0.0,0.0
274835,2025-09-14T07:00:00.000000000,0.656,0.134,0.0,0.004,0.0,0.0
274835,2025-09-14T08:00:00.000000000,0.667,0.0,0.0,0.154,0.3229643193297889,0.0
274835,2025-09-14T09:00:00.000000000,0.906,0.0,0.0,0.40399999999999997,0.0,0.0
274835,2025-09-14T10:00:00.000000000,1.109,0.0,0.0,0.6180000000000001,0.7400044521848611,0.0
274835,2025-09-14T11:00:00.000000000,1.405,0.0,0.0,0.911,0.3311703092946111,0.0
274835,2025-09-14T12:00:00.000000000,1.5379999999999998,0.0,0.0,1.154,0.0,0.0
274835,2025-09-14T13:00:00.000000000,1.769,0.0,0.0,1.27,0.3226712482596167,0.0
274835,2025-09-14T14:00:00.000000000,1.79,0.0,0.0,1.284,0.0,0.0
274835,2025-09-14T15:00:00.000000000,1.685,0.0,0.0,1.158,0.18522091634884444,0.0
274835,2025-09-14T16:00:00.000000000,1.5150000000000001,0.0,0.0,0.9169999999999999,0.13745033191077222,0.0
274835,2025-09-14T17:00:00.000000000,1.267,0.0,0.0,0.612,0.3396693703296056,0.0
274835,2025-09-14T18:00:00.000000000,1.147,0.0,0.0,0.40299999999999997,0.3226712482596167,0.0
274835,2025-09-14T19:00:00.000000000,1.072,0.0,0.0,0.243,0.3493407156452889,0.0
274835,2025-09-14T20:00:00.000000000,1.001,0.0,0.0,0.152,0.0,0.0
274835,2025-09-14T21:00:00.000000000,0.7869999999999999,0.0,0.0,0.095,0.3226712482596167,0.0
274835,2025-09-14T22:00:00.000000000,0.41300000000000003,0.0,0.0,0.04700000000000001,0.3695626194871722,0.0
274835,2025-09-14T23:00:00.000000000,0.28800000000000003,0.0,0.0,0.02,0.6904754413257556,0.0
274835,2025-09-15T00:00:00.000000000,0.27,0.0,0.0,0.004,0.0,0.0
274835,2025-09-15T01:00:00.000000000,0.266,0.0,0.0,0.003,0.3226712482596167,0.0
274835,2025-09-15T02:00:00.000000000,0.268,0.0,0.0,0.007,0.0,0.0
274835,2025-09-15T03:00:00.000000000,0.268,0.0,0.0,0.008,0.3226712482596167,0.0
274835,2025-09-15T04:00:00.000000000,0.266,0.0,0.0,0.005,0.0,0.0
274835,2025-09-15T05:00:00.000000000,0.264,0.0,0.0,0.002,0.3226712482596167,0.0
274835,2025-09-15T06:00:00.000000000,0.404,0.0,0.0,0.059,0.5281140684503445,0.0
274835,2025-09-15T07:00:00.000000000,0.7070000000000001,0.0,0.0,0.16899999999999998,0.8616289463063334,0.0
274835,2025-09-15T08:00:00.000000000,0.7729999999999999,0.0,0.0,0.26,0.3226712482596167,0.0
274835,2025-09-15T09:00:00.000000000,0.87,0.0,0.0,0.367,0.0,0.0
274835,2025-09-15T10:00:00.000000000,0.768,0.0,0.0,0.451,0.3226712482596167,0.0
274835,2025-09-15T11:00:00.000000000,0.9930000000000001,0.0,0.0,0.5640000000000001,0.6907685123959277,0.0
274835,2025-09-15T12:00:00.000000000,1.158,0.0,0.0,0.6719999999999999,0.3493407156452889,0.0
274835,2025-09-15T13:00:00.000000000,1.1469999999999998,0.0,0.0,0.664,0.3226712482596167,0.0
274835,2025-09-15T14:00:00.000000000,0.823,0.0,0.0,0.511,0.3226712482596167,0.0
274835,2025-09-15T15:00:00.000000000,0.618,0.0,0.0,0.36000000000000004,0.3387901571190889,0.0
274835,2025-09-15T16:00:00.000000000,0.7929999999999999,0.0,0.0,0.267,0.33996244139977777,0.0
274835,2025-09-15T17:00:00.000000000,0.875,0.0,0.0,0.21800000000000003,0.0,0.0
274835,2025-09-15T18:00:00.000000000,0.962,0.0,0.0,0.203,0.8507853167099612,0.0
274835,2025-09-15T19:00:00.000000000,1.024,0.0,0.0,0.17900000000000002,0.8774547840956334,0.0
274835,2025-09-15T20:00:00.000000000,1.1300000000000001,0.0,0.0,0.12,0.32648117217185557,0.0
274835,2025-09-15T21:00:00.000000000,0.436,0.0,0.0,0.04800000000000001,1.3536952731254945,0.0
274835,2025-09-15T22:00:00.000000000,0.482,0.0,0.0,0.042,2.135901959415156,0.0
274835,2025-09-15T23:00:00.000000000,0.324,0.0,0.0,0.043000000000000003,0.5005653878541556,0.0
274835,2025-09-16T00:00:00.000000000,0.299,0.0,0.0,0.034,0.0,0.0
274835,2025-09-16T01:00:00.000000000,0.289,0.0,0.0,0.025,0.0,0.0
274835,2025-09-16T02:00:00.000000000,0.271,0.001,0.0,0.008,0.3226712482596167,0.0
274835,2025-09-16T03:00:00.000000000,0.29100000000000004,0.029,0.0,0.0,0.0,0.0
274835,2025-09-16T04:00:00.000000000,0.314,0.05399999999999999,0.0,0.0,0.3226712482596167,0.0
274835,2025-09-16T05:00:00.000000000,0.308,0.047,0.0,0.0,0.0,0.0
274835,2025-09-16T06:00:00.000000000,0.569,0.009,0.0,0.069,1.3788993851603055,0.0
274835,2025-09-16T07:00:00.000000000,0.54,0.0,0.0,0.019,0.0,0.0
274835,2025-09-16T08:00:00.000000000,0.9189999999999999,0.0,0.0,0.29500000000000004,3.5652095686450833,0.0
274835,2025-09-16T09:00:00.000000000,0.692,0.0,0.0,0.19,0.0,0.0
274835,2025-09-16T10:00:00.000000000,0.6,0.0,0.0,0.226,0.34963378671546114,0.0
274835,2025-09-16T11:00:00.000000000,0.471,0.0,0.0,0.215,0.6904754413257556,0.0
274835,2025-09-16T12:00:00.000000000,0.476,0.0,0.0,0.22,0.6819763802907611,0.0
274835,2025-09-16T13:00:00.000000000,0.474,0.0,0.0,0.218,0.34963378671546114,0.0
274835,2025-09-16T14:00:00.000000000,0.481,0.0,0.0,0.227,0.0,0.0
274835,2025-09-16T15:00:00.000000000,0.46699999999999997,0.0,0.0,0.20899999999999996,0.3226712482596167,0.0
274835,2025-09-16T16:00:00.000000000,0.35500000000000004,0.0,0.0,0.063,0.0,0.0
274835,2025-09-16T17:00:00.000000000,0.31999999999999995,0.036000000000000004,0.0,0.0,0.3226712482596167,0.0
274835,2025-09-16T18:00:00.000000000,0.44,0.161,0.0,0.0,0.0,0.0
274835,2025-09-16T19:00:00.000000000,0.968,0.203,0.0,0.0,0.3229643193297889,0.0
274835,2025-09-16T20:00:00.000000000,1.149,0.202,0.0,0.0,0.4821019104333056,0.0
274835,2025-09-16T21:00:00.000000000,1.1139999999999999,0.431,0.0,0.0,2.8304803957233227,0.0
274835,2025-09-16T22:00:00.000000000,0.613,0.32,0.0,0.0,0.5480429012220556,0.0
274835,2025-09-16T23:00:00.000000000,0.59,0.322,0.0,0.0,0.34025551246995,0.0
274835,2025-09-17T00:00:00.000000000,0.598,0.334,0.0,0.0,0.3229643193297889,0.0
274835,2025-09-17T01:00:00.000000000,0.61,0.346,0.0,0.0,0.0,0.0
274835,2025-09-17T02:00:00.000000000,0.615,0.352,0.0,0.0,0.3229643193297889,0.0
274835,2025-09-17T03:00:00.000000000,0.63,0.368,0.0,0.0,0.0,0.0
274835,2025-09-17T04:00:00.000000000,0.667,0.409,0.0,0.0,0.3229643193297889,0.0
274835,2025-09-17T05:00:00.000000000,0.712,0.452,0.0,0.0,0.0,0.0
274835,2025-09-17T06:00:00.000000000,0.7429999999999999,0.482,0.0,0.0,0.3229643193297889,0.0
274835,2025-09-17T07:00:00.000000000,0.73,0.46699999999999997,0.0,0.0,0.0,0.0
274835,2025-09-17T08:00:00.000000000,0.822,0.37600000000000006,0.0,0.0,1.5263141334569335,0.0
274835,2025-09-17T09:00:00.000000000,0.724,0.223,0.0,0.0,0.7370737414831389,0.0
274835,2025-09-17T10:00:00.000000000,0.597,0.10400000000000001,0.0,0.0,1.0427468676727667,0.0
274835,2025-09-17T11:00:00.000000000,0.512,0.009,0.0,0.016,0.6714258217645611,0.0
274835,2025-09-17T12:00:00.000000000,0.6479999999999999,0.0,0.0,0.163,0.6834417356416222,0.0
274835,2025-09-17T13:00:00.000000000,1.0190000000000001,0.0,0.0,0.498,1.4228600456861389,0.0
274835,2025-09-17T14:00:00.000000000,1.254,0.0,0.0,0.76,0.3229643193297889,0.0
274835,2025-09-17T15:00:00.000000000,1.485,0.0,0.0,0.96,0.3311703092946111,0.0
274835,2025-09-17T16:00:00.000000000,1.3980000000000001,0.0,0.0,0.801,0.7402975232550333,0.0
274835,2025-09-17T17:00:00.000000000,1.189,0.0,0.0,0.531,0.0,0.0
274835,2025-09-17T18:00:00.000000000,1.0270000000000001,0.0,0.0,0.285,0.3226712482596167,0.0
274835,2025-09-17T19:00:00.000000000,0.9019999999999999,0.0,0.0,0.07300000000000001,0.13305426585818889,0.0
274835,2025-09-17T20:00:00.000000000,0.993,0.144,0.0,0.0,0.19489226166452778,0.0
274835,2025-09-17T21:00:00.000000000,1.073,0.38,0.0,0.0,0.3229643193297889,0.0
274835,2025-09-17T22:00:00.000000000,0.977,0.517,0.0,0.0,0.0,0.0
274835,2025-09-17T23:00:00.000000000,0.9069999999999999,0.597,0.0,0.0,0.33146338036478334,0.0
274835,2025-09-18T00:00:00.000000000,0.886,0.621,0.0,0.0,0.0,0.0
274835,2025-09-18T01:00:00.000000000,0.883,0.617,0.0,0.0,0.3229643193297889,0.0
274835,2025-09-18T02:00:00.000000000,0.906,0.643,0.0,0.0,0.0,0.0
274835,2025-09-18T03:00:00.000000000,0.945,0.6819999999999999,0.0,0.0,0.3229643193297889,0.0
274835,2025-09-18T04:00:00.000000000,1.036,0.776,0.0,0.0,0.0,0.0
274835,2025-09-18T05:00:00.000000000,1.094,0.833,0.0,0.0,0.3229643193297889,0.0
274835,2025-09-18T06:00:00.000000000,0.994,0.7310000000000001,0.0,0.0,0.0,0.0
274835,2025-09-18T07:00:00.000000000,0.663,0.40099999999999997,0.0,0.0,0.3229643193297889,0.0
274835,2025-09-18T08:00:00.000000000,0.627,0.032,0.0,0.112,1.056228136900689,0.0
274835,2025-09-18T09:00:00.000000000,0.5619999999999999,0.0,0.0,0.242,0.3229643193297889,0.0
274835,2025-09-18T10:00:00.000000000,0.679,0.0,0.0,0.423,0.0,0.0
274835,2025-09-18T11:00:00.000000000,0.9490000000000001,0.0,0.0,0.5770000000000001,0.3229643193297889,0.0
274835,2025-09-18T12:00:00.000000000,1.157,0.0,0.0,0.671,0.0,0.0
274835,2025-09-18T13:00:00.000000000,1.319,0.0,0.0,0.831,0.3226712482596167,0.0
274835,2025-09-18T14:00:00.000000000,1.4180000000000001,0.0,0.0,0.92,0.0,0.0
274835,2025-09-18T15:00:00.000000000,1.373,0.0,0.0,0.854,0.34025551246995,0.0
274835,2025-09-18T16:00:00.000000000,1.226,0.0,0.0,0.635,0.6822694513609333,0.0
274835,2025-09-18T17:00:00.000000000,1.081,0.0,0.0,0.424,0.0,0.0
274835,2025-09-18T18:00:00.000000000,0.954,0.0,0.0,0.211,0.3469961470839111,0.0
274835,2025-09-18T19:00:00.000000000,0.88,0.0,0.0,0.052000000000000005,0.3226712482596167,0.0
274835,2025-09-18T20:00:00.000000000,0.877,0.167,0.0,0.0,0.3229643193297889,0.0
274835,2025-09-18T21:00:00.000000000,0.7190000000000001,0.419,0.0,0.0,0.0,0.0
274835,2025-09-18T22:00:00.000000000,0.834,0.553,0.0,0.0,0.34025551246995,0.0
274835,2025-09-18T23:00:00.000000000,0.93,0.6599999999999999,0.0,0.0,0.3229643193297889,0.0
274835,2025-09-19T00:00:00.000000000,1.013,0.748,0.0,0.0,0.0,0.0
274835,2025-09-19T01:00:00.000000000,1.073,0.8079999999999999,0.0,0.0,0.3229643193297889,0.0
274835,2025-09-19T02:00:00.000000000,1.1199999999999999,0.855,0.0,0.0,0.0,0.0
274835,2025-09-19T03:00:00.000000000,1.157,0.894,0.0,0.0,0.3229643193297889,0.0
274835,2025-09-19T04:00:00.000000000,1.18,0.893,0.0,0.0,0.0,0.0
274835,2025-09-19T05:00:00.000000000,1.248,0.847,0.0,0.0,0.3229643193297889,0.0
274835,2025-09-19T06:00:00.000000000,1.26,0.764,0.0,0.0,0.8592843777449556,0.0
274835,2025-09-19T07:00:00.000000000,1.1099999999999999,0.589,0.0,0.0,1.053590497269139,0.0
274835,2025-09-19T08:00:00.000000000,0.764,0.253,0.0,0.0,0.34025551246995,0.0
274835,2025-09-19T09:00:00.000000000,0.5640000000000001,0.004,0.0,0.058,0.33146338036478334,0.0
274835,2025-09-19T10:00:00.000000000,0.763,0.0,0.0,0.27,0.3229643193297889,0.0
274835,2025-09-19T11:00:00.000000000,0.85,0.0,0.0,0.478,0.33146338036478334,0.0
274835,2025-09-19T12:00:00.000000000,1.139,0.0,0.0,0.6519999999999999,0.0,0.0
274835,2025-09-19T13:00:00.000000000,1.472,0.0,0.0,0.9440000000000001,1.3788993851603055,0.0
274835,2025-09-19T14:00:00.000000000,1.503,0.0,0.0,1.005,0.0,0.0
274835,2025-09-19T15:00:00.000000000,1.143,0.0,0.0,0.877,0.3226712482596167,0.0
274835,2025-09-19T16:00:00.000000000,0.9079999999999999,0.0,0.0,0.614,0.0,0.0
274835,2025-09-19T17:00:00.000000000,1.005,0.0,0.0,0.42599999999999993,0.3226712482596167,0.0
274835,2025-09-19T18:00:00.000000000,0.973,0.0,0.0,0.231,0.0,0.0
274835,2025-09-19T19:00:00.000000000,0.9139999999999999,0.0,0.0,0.086,0.3226712482596167,0.0
274835,2025-09-19T20:00:00.000000000,0.9079999999999999,0.05499999999999999,0.0,0.004,0.6881308727643778,0.0
274835,2025-09-19T21:00:00.000000000,0.5660000000000001,0.265,0.0,0.0,0.7235924722552167,0.0
274835,2025-09-19T22:00:00.000000000,0.6659999999999999,0.384,0.0,0.0,0.34025551246995,0.0
274835,2025-09-19T23:00:00.000000000,0.7969999999999999,0.53,0.0,0.0,0.7019052130624722,0.0
274835,2025-09-20T00:00:00.000000000,0.881,0.615,0.0,0.0,0.0,0.0
274835,2025-09-20T01:00:00.000000000,0.915,0.651,0.0,0.0,0.3229643193297889,0.0
274835,2025-09-20T02:00:00.000000000,0.957,0.694,0.0,0.0,0.0,0.0
274835,2025-09-20T03:00:00.000000000,0.97,0.706,0.0,0.0,0.3229643193297889,0.0
274835,2025-09-20T04:00:00.000000000,1.0030000000000001,0.744,0.0,0.0,0.0,0.0
274835,2025-09-20T05:00:00.000000000,1.0550000000000002,0.794,0.0,0.0,0.3229643193297889,0.0
274835,2025-09-20T06:00:00.000000000,0.969,0.643,0.0,0.0,0.3510991420663222,0.0
274835,2025-09-20T07:00:00.000000000,0.805,0.287,0.0,0.0,1.0559350658305167,0.0
274835,2025-09-20T08:00:00.000000000,0.562,0.012,0.0,0.039,0.42348769639886114,0.0
274835,2025-09-20T09:00:00.000000000,0.6739999999999999,0.0,0.0,0.17400000000000002,0.6028471913442611,0.0
274835,2025-09-20T10:00:00.000000000,0.67,0.0,0.0,0.29500000000000004,0.32296431932978886,0.0
274835,2025-09-20T11:00:00.000000000,0.844,0.0,0.0,0.414,0.0,0.0
274835,2025-09-20T12:00:00.000000000,1.028,0.0,0.0,0.542,0.6544276996945723,0.0
274835,2025-09-20T13:00:00.000000000,0.951,0.0,0.0,0.636,0.0,0.0
274835,2025-09-20T14:00:00.000000000,0.95,0.0,0.0,0.694,0.3226712482596167,0.0
274835,2025-09-20T15:00:00.000000000,0.9189999999999999,0.0,0.0,0.659,0.33146338036478334,0.0
274835,2025-09-20T16:00:00.000000000,1.0550000000000002,0.0,0.0,0.528,0.12250370733198888,0.0
274835,2025-09-20T17:00:00.000000000,1.024,0.0,0.0,0.36600000000000005,0.20016754092762779,0.0
274835,2025-09-20T18:00:00.000000000,0.951,0.0,0.0,0.208,0.0,0.0
274835,2025-09-20T19:00:00.000000000,0.9259999999999999,0.0,0.0,0.09799999999999999,0.6725981060452499,0.0
274835,2025-09-20T20:00:00.000000000,0.871,0.004,0.0,0.018000000000000002,0.0,0.0
274835,2025-09-20T21:00:00.000000000,0.7889999999999999,0.097,0.0,0.0,0.3229643193297889,0.0
274835,2025-09-20T22:00:00.000000000,0.633,0.174,0.0,0.0,0.0,0.0
274835,2025-09-20T23:00:00.000000000,0.537,0.238,0.0,0.0,0.3226712482596167,0.0
274835,2025-09-21T00:00:00.000000000,0.546,0.28,0.0,0.0,0.0,0.0
274835,2025-09-21T01:00:00.000000000,0.556,0.292,0.0,0.0,0.3229643193297889,0.0
274835,2025-09-21T02:00:00.000000000,0.544,0.282,0.0,0.0,0.0,0.0
274835,2025-09-21T03:00:00.000000000,0.517,0.256,0.0,0.0,0.3229643193297889,0.0
274835,2025-09-21T04:00:00.000000000,0.496,0.237,0.0,0.0,0.0,0.0
274835,2025-09-21T05:00:00.000000000,0.549,0.245,0.0,0.0,0.3338079489261611,0.0
274835,2025-09-21T06:00:00.000000000,0.671,0.177,0.0,0.0,0.6810971670802445,0.0
274835,2025-09-21T07:00:00.000000000,0.5760000000000001,0.018,0.0,0.039,0.3440654363821889,0.0
274835,2025-09-21T08:00:00.000000000,0.726,0.0,0.0,0.21399999999999997,0.3229643193297889,0.0
274835,2025-09-21T09:00:00.000000000,0.91,0.0,0.0,0.407,0.0,0.0
274835,2025-09-21T10:00:00.000000000,1.078,0.0,0.0,0.5840000000000001,0.69369922309765,0.0
274835,2025-09-21T11:00:00.000000000,1.256,0.0,0.0,0.766,0.0,0.0
274835,2025-09-21T12:00:00.000000000,1.4529999999999998,0.0,0.0,0.9610000000000001,0.33146338036478334,0.0
274835,2025-09-21T13:00:00.000000000,1.585,0.0,0.0,1.092,0.6723050349750779,0.0
274835,2025-09-21T14:00:00.000000000,1.6720000000000002,0.0,0.0,1.169,0.0,0.0
274835,2025-09-21T15:00:00.000000000,1.554,0.0,0.0,1.095,0.0,0.0
274835,2025-09-21T16:00:00.000000000,1.075,0.0,0.0,0.78,0.3311703092946111,0.0
274835,2025-09-21T17:00:00.000000000,0.8009999999999999,0.0,0.0,0.515,0.6808040960100723,0.0
274835,2025-09-21T18:00:00.000000000,0.599,0.0,0.0,0.317,0.3311703092946111,0.0
274835,2025-09-21T19:00:00.000000000,0.46199999999999997,0.0,0.0,0.17300000000000001,0.0,0.0
274835,2025-09-21T20:00:00.000000000,0.36200000000000004,0.0,0.0,0.06999999999999999,0.3226712482596167,0.0
274835,2025-09-21T21:00:00.000000000,0.41600000000000004,0.027999999999999997,0.0,0.004,0.0,0.0
274835,2025-09-21T22:00:00.000000000,0.5489999999999999,0.08900000000000001,0.0,0.0,0.22244094226071667,0.0
274835,2025-09-21T23:00:00.000000000,0.45299999999999996,0.15400000000000003,0.0,0.0,0.10023030599890001,0.0
274835,2025-09-22T00:00:00.000000000,0.472,0.206,0.0,0.0,0.0,0.0
274835,2025-09-22T01:00:00.000000000,0.52,0.256,0.0,0.0,0.32296431932978886,0.0
274835,2025-09-22T02:00:00.000000000,0.541,0.279,0.0,0.0,0.0,0.0
274835,2025-09-22T03:00:00.000000000,0.509,0.249,0.0,0.0,0.3229643193297889,0.0
274835,2025-09-22T04:00:00.000000000,0.45299999999999996,0.192,0.0,0.0,0.0,0.0
274835,2025-09-22T05:00:00.000000000,0.534,0.14100000000000001,0.0,0.0,0.6825625224311056,0.0
274835,2025-09-22T06:00:00.000000000,0.5700000000000001,0.071,0.0,0.0,0.6799248827995555,0.0
274835,2025-09-22T07:00:00.000000000,0.551,0.006,0.0,0.024999999999999998,0.7232994011850444,0.0
274835,2025-09-22T08:00:00.000000000,0.43899999999999995,0.0,0.0,0.11199999999999999,0.3229643193297889,0.0
274835,2025-09-22T09:00:00.000000000,0.55,0.0,0.0,0.29000000000000004,0.3405485835401222,0.0
274835,2025-09-22T10:00:00.000000000,0.772,0.0,0.0,0.516,0.6901823702555834,0.0
274835,2025-09-22T11:00:00.000000000,0.971,0.0,0.0,0.7149999999999999,0.3499268577856333,0.0
274835,2025-09-22T12:00:00.000000000,1.178,0.0,0.0,0.9169999999999999,0.3226712482596167,0.0
274835,2025-09-22T13:00:00.000000000,1.346,0.0,0.0,1.08,0.0,0.0
274835,2025-09-22T14:00:00.000000000,1.435,0.0,0.0,1.168,0.0,0.0
274835,2025-09-22T15:00:00.000000000,1.219,0.0,0.0,0.953,0.3226712482596167,0.0
274835,2025-09-22T16:00:00.000000000,0.98,0.0,0.0,0.687,0.0,0.0
274835,2025-09-22T17:00:00.000000000,0.806,0.0,0.0,0.521,0.3226712482596167,0.0
274835,2025-09-22T18:00:00.000000000,0.647,0.0,0.0,0.36700000000000005,0.0,0.0
274835,2025-09-22T19:00:00.000000000,0.983,0.0,0.0,0.279,0.3226712482596167,0.0
274835,2025-09-22T20:00:00.000000000,1.074,0.0,0.0,0.22599999999999998,0.0,0.0
274835,2025-09-22T21:00:00.000000000,0.861,0.0,0.0,0.17,0.6998537155712666,0.0
274835,2025-09-22T22:00:00.000000000,0.593,0.0,0.0,0.134,0.3341010199963333,0.0
274835,2025-09-22T23:00:00.000000000,0.42599999999999993,0.0,0.0,0.098,0.6860793752731722,0.0
274835,2025-09-23T00:00:00.000000000,0.362,0.0,0.0,0.08800000000000001,0.3226712482596167,0.0
274835,2025-09-23T01:00:00.000000000,0.343,0.0,0.0,0.08,0.0,0.0
274835,2025-09-23T02:00:00.000000000,0.335,0.0,0.0,0.073,0.0,0.0
274835,2025-09-23T03:00:00.000000000,0.329,0.0,0.0,0.068,0.3226712482596167,0.0
274835,2025-09-23T04:00:00.000000000,0.322,0.0,0.0,0.061,0.0,0.0
274835,2025-09-23T05:00:00.000000000,0.311,0.0,0.0,0.048,0.3226712482596167,0.0
274835,2025-09-23T06:00:00.000000000,0.308,0.0,0.0,0.044,0.0,0.0
274835,2025-09-23T07:00:00.000000000,0.33199999999999996,0.0,0.0,0.068,0.3226712482596167,0.0
274835,2025-09-23T08:00:00.000000000,0.597,0.0,0.0,0.14800000000000002,0.3226712482596167,0.0
274835,2025-09-23T09:00:00.000000000,0.75,0.0,0.0,0.248,1.1573376561101054,0.0
274835,2025-09-23T10:00:00.000000000,0.792,0.0,0.0,0.3,0.6790456695890389,0.0
274835,2025-09-23T11:00:00.000000000,0.7349999999999999,0.0,0.0,0.248,0.45836315374935555,0.0
274835,2025-09-23T12:00:00.000000000,0.46599999999999997,0.0,0.0,0.21,0.9773920190243611,0.0
274835,2025-09-23T13:00:00.000000000,0.5640000000000001,0.0,0.0,0.30800000000000005,0.0,0.0
274835,2025-09-23T14:00:00.000000000,0.638,0.0,0.0,0.384,0.6805110249399,0.0
274835,2025-09-23T15:00:00.000000000,0.6839999999999999,0.0,0.0,0.425,0.0,0.0
274835,2025-09-23T16:00:00.000000000,0.73,0.0,0.0,0.438,0.3226712482596167,0.0
274835,2025-09-23T17:00:00.000000000,0.739,0.0,0.0,0.35500000000000004,0.0,0.0
274835,2025-09-23T18:00:00.000000000,1.0070000000000001,0.0,0.0,0.265,0.3226712482596167,0.0
274835,2025-09-23T19:00:00.000000000,1.002,0.0,0.0,0.17400000000000002,0.0,0.0
274835,2025-09-23T20:00:00.000000000,1.015,0.0,0.0,0.10799999999999998,0.0,0.0
274835,2025-09-23T21:00:00.000000000,0.8380000000000001,0.0,0.0,0.046000000000000006,0.8041870165525777,0.0
274835,2025-09-23T22:00:00.000000000,0.662,0.067,0.0,0.0,1.815575279716917,0.0
274835,2025-09-23T23:00:00.000000000,0.376,0.078,0.0,0.0,0.3226712482596167,0.0
274835,2025-09-24T00:00:00.000000000,0.40199999999999997,0.137,0.0,0.0,0.0,0.0
274835,2025-09-24T01:00:00.000000000,0.443,0.179,0.0,0.0,0.3229643193297889,0.0
274835,2025-09-24T02:00:00.000000000,0.467,0.206,0.0,0.0,0.0,0.0
274835,2025-09-24T03:00:00.000000000,0.489,0.228,0.0,0.0,0.3229643193297889,0.0
274835,2025-09-24T04:00:00.000000000,0.514,0.254,0.0,0.0,0.0,0.0
274835,2025-09-24T05:00:00.000000000,0.53,0.27,0.0,0.0,0.3229643193297889,0.0
274835,2025-09-24T06:00:00.000000000,0.5780000000000001,0.31600000000000006,0.0,0.0,0.0,0.0
274835,2025-09-24T07:00:00.000000000,0.636,0.375,0.0,0.0,0.0,0.0
274835,2025-09-24T08:00:00.000000000,0.7549999999999999,0.308,0.0,0.0,0.3229643193297889,0.0
274835,2025-09-24T09:00:00.000000000,0.652,0.15,0.0,0.0,0.0,0.0
274835,2025-09-24T10:00:00.000000000,0.518,0.013,0.0,0.014,0.3229643193297889,0.0
274835,2025-09-24T11:00:00.000000000,0.5870000000000001,0.0,0.0,0.099,0.0,0.0
274835,2025-09-24T12:00:00.000000000,0.629,0.0,0.0,0.144,0.33146338036478334,0.0
274835,2025-09-24T13:00:00.000000000,0.526,0.0,0.0,0.096,0.3229643193297889,0.0
274835,2025-09-24T14:00:00.000000000,0.609,0.0,0.0,0.036,0.0,0.0
274835,2025-09-24T15:00:00.000000000,0.919,0.0,0.0,0.133,2.5098606449549115,0.0
274835,2025-09-24T16:00:00.000000000,0.8240000000000001,0.14700000000000002,0.0,0.001,1.462131569089217,0.0
274835,2025-09-24T17:00:00.000000000,0.77,0.091,0.0,0.0,0.6705466085540444,0.0
274835,2025-09-24T18:00:00.000000000,0.855,0.112,0.0,0.0,0.3229643193297889,0.0
274835,2025-09-24T19:00:00.000000000,1.0,0.172,0.0,0.0,0.3229643193297889,0.0
274835,2025-09-24T20:00:00.000000000,1.073,0.223,0.0,0.0,0.0,0.0
274835,2025-09-24T21:00:00.000000000,1.0350000000000001,0.34199999999999997,0.0,0.0,0.3229643193297889,0.0
274835,2025-09-24T22:00:00.000000000,0.853,0.393,0.0,0.0,0.0,0.0
274835,2025-09-24T23:00:00.000000000,0.7090000000000001,0.409,0.0,0.0,0.3229643193297889,0.0
274835,2025-09-25T00:00:00.000000000,0.7,0.434,0.0,0.0,0.0,0.0
274835,2025-09-25T01:00:00.000000000,0.73,0.466,0.0,0.0,0.3229643193297889,0.0
274835,2025-09-25T02:00:00.000000000,0.75,0.486,0.0,0.0,0.0,0.0
274835,2025-09-25T03:00:00.000000000,0.766,0.503,0.0,0.0,0.3229643193297889,0.0
274835,2025-09-25T04:00:00.000000000,0.7770000000000001,0.518,0.0,0.0,0.0,0.0
274835,2025-09-25T05:00:00.000000000,0.7829999999999999,0.523,0.0,0.0,0.3229643193297889,0.0
274835,2025-09-25T06:00:00.000000000,0.766,0.504,0.0,0.0,0.0,0.0
274835,2025-09-25T07:00:00.000000000,0.648,0.385,0.0,0.0,0.3343940910665056,0.0
274835,2025-09-25T08:00:00.000000000,0.635,0.188,0.0,0.0,1.0793807514442946,0.0
274835,2025-09-25T09:00:00.000000000,0.534,0.018000000000000002,0.0,0.014,0.7165587665710833,0.0
274835,2025-09-25T10:00:00.000000000,0.524,0.0,0.0,0.149,0.3229643193297889,0.0
274835,2025-09-25T11:00:00.000000000,0.825,0.0,0.0,0.337,0.33146338036478334,0.0
274835,2025-09-25T12:00:00.000000000,0.9430000000000001,0.0,0.0,0.457,0.3229643193297889,0.0
274835,2025-09-25T13:00:00.000000000,1.029,0.0,0.0,0.536,0.0,0.0
274835,2025-09-25T14:00:00.000000000,1.192,0.0,0.0,0.5599999999999999,0.33556637534719447,0.0
274835,2025-09-25T15:00:00.000000000,1.0910000000000002,0.0,0.0,0.44699999999999995,2.0734778214684724,0.0
274835,2025-09-25T16:00:00.000000000,0.949,0.0,0.0,0.305,1.0506597865674168,0.0
274835,2025-09-25T17:00:00.000000000,0.839,0.0,0.0,0.184,0.32999802501392217,0.0
274835,2025-09-25T18:00:00.000000000,0.794,0.0,0.0,0.053000000000000005,0.32589503003151116,0.0
274835,2025-09-25T19:00:00.000000000,0.932,0.10400000000000001,0.0,0.0,0.6907685123959277,0.0
274835,2025-09-25T20:00:00.000000000,0.9570000000000001,0.245,0.0,0.0,0.33146338036478334,0.0
274835,2025-09-25T21:00:00.000000000,0.7109999999999999,0.411,0.0,0.0,0.0,0.0
274835,2025-09-25T22:00:00.000000000,0.756,0.474,0.0,0.0,0.3229643193297889,0.0
274835,2025-09-25T23:00:00.000000000,0.8079999999999999,0.54,0.0,0.0,0.0,0.0
274835,2025-09-26T00:00:00.000000000,0.871,0.605,0.0,0.0,0.3229643193297889,0.0
274835,2025-09-26T01:00:00.000000000,0.909,0.645,0.0,0.0,0.0,0.0
274835,2025-09-26T02:00:00.000000000,0.928,0.664,0.0,0.0,0.3229643193297889,0.0
274835,2025-09-26T03:00:00.000000000,0.9319999999999999,0.675,0.0,0.0,0.0,0.0
274835,2025-09-26T04:00:00.000000000,0.916,0.634,0.0,0.0,0.3229643193297889,0.0
274835,2025-09-26T05:00:00.000000000,0.986,0.585,0.0,0.0,0.0,0.0
274835,2025-09-26T06:00:00.000000000,1.012,0.517,0.0,0.0,0.0,0.0
274835,2025-09-26T07:00:00.000000000,0.765,0.44,0.0,0.0,0.3229643193297889,0.0
274835,2025-09-26T08:00:00.000000000,0.606,0.34600000000000003,0.0,0.0,0.3229643193297889,0.0
274835,2025-09-26T09:00:00.000000000,0.494,0.236,0.0,0.0,0.0,0.0
274835,2025-09-26T10:00:00.000000000,0.37000000000000005,0.117,0.0,0.0,0.3229643193297889,0.0
274835,2025-09-26T11:00:00.000000000,0.403,0.02,0.0,0.012,0.0,0.0
274835,2025-09-26T12:00:00.000000000,0.548,0.0,0.0,0.063,0.3229643193297889,0.0
274835,2025-09-26T13:00:00.000000000,0.573,0.0,0.0,0.091,0.0,0.0
274835,2025-09-26T14:00:00.000000000,0.569,0.0,0.0,0.08,1.0714678325496445,0.0
274835,2025-09-26T15:00:00.000000000,0.35300000000000004,0.0,0.0,0.033999999999999996,0.6910615834661001,0.0
274835,2025-09-26T16:00:00.000000000,0.368,0.07300000000000001,0.0,0.002,0.5767638660989334,0.0
274835,2025-09-26T17:00:00.000000000,0.401,0.116,0.0,0.0,0.14477710866507779,0.0
274835,2025-09-26T18:00:00.000000000,0.8630000000000001,0.044,0.0,0.08,3.4810981715056553,0.0
274835,2025-09-26T19:00:00.000000000,1.1460000000000001,0.0,0.0,0.163,4.523845039178422,0.0
274835,2025-09-26T20:00:00.000000000,0.979,0.121,0.0,0.0,0.6248275216071778,0.0
274835,2025-09-26T21:00:00.000000000,0.9309999999999999,0.239,0.0,0.0,0.0,0.0
274835,2025-09-26T22:00:00.000000000,0.7100000000000001,0.345,0.0,0.0,0.3229643193297889,0.0
274835,2025-09-26T23:00:00.000000000,0.667,0.40099999999999997,0.0,0.0,0.0,0.0
274835,2025-09-27T00:00:00.000000000,0.673,0.40700000000000003,0.0,0.0,0.3229643193297889,0.0
274835,2025-09-27T01:00:00.000000000,0.664,0.4,0.0,0.0,0.0,0.0
274835,2025-09-27T02:00:00.000000000,0.677,0.415,0.0,0.0,0.3229643193297889,0.0
274835,2025-09-27T03:00:00.000000000,0.7269999999999999,0.46599999999999997,0.0,0.0,0.0,0.0
274835,2025-09-27T04:00:00.000000000,0.756,0.496,0.0,0.0,0.3229643193297889,0.0
274835,2025-09-27T05:00:00.000000000,0.7710000000000001,0.512,0.0,0.0,0.0,0.0
274835,2025-09-27T06:00:00.000000000,0.776,0.515,0.0,0.0,0.3229643193297889,0.0
274835,2025-09-27T07:00:00.000000000,0.7530000000000001,0.491,0.0,0.0,0.0,0.0
274835,2025-09-27T08:00:00.000000000,0.889,0.44299999999999995,0.0,0.0,0.3232573903999611,0.0
274835,2025-09-27T09:00:00.000000000,0.865,0.36400000000000005,0.0,0.0,0.0,0.0
274835,2025-09-27T10:00:00.000000000,0.68,0.15200000000000002,0.0,0.0,1.3791924562304778,0.0
274835,2025-09-27T11:00:00.000000000,0.625,0.137,0.0,0.0,0.0,0.0
274835,2025-09-27T12:00:00.000000000,0.605,0.119,0.0,0.0,0.3229643193297889,0.0
274835,2025-09-27T13:00:00.000000000,0.675,0.19299999999999998,0.0,0.0,0.0,0.0
274835,2025-09-27T14:00:00.000000000,0.7149999999999999,0.227,0.0,0.0,0.3408416546102945,0.0
274835,2025-09-27T15:00:00.000000000,0.657,0.10800000000000001,0.0,0.0,1.3791924562304776,0.0
274835,2025-09-27T16:00:00.000000000,0.8089999999999999,0.219,0.0,0.0,0.0,0.0
274835,2025-09-27T17:00:00.000000000,0.857,0.203,0.0,0.0,0.7438143760971,0.0
274835,2025-09-27T18:00:00.000000000,0.958,0.215,0.0,0.0,0.3229643193297889,0.0
274835,2025-09-27T19:00:00.000000000,1.068,0.24,0.0,0.0,0.0,0.0
274835,2025-09-27T20:00:00.000000000,1.081,0.23199999999999998,0.0,0.0,0.3229643193297889,0.0
274835,2025-09-27T21:00:00.000000000,0.552,0.252,0.0,0.0,0.5152189413627667,0.0
274835,2025-09-27T22:00:00.000000000,0.44199999999999995,0.162,0.0,0.0,0.16294751501575558,0.0
274835,2025-09-27T23:00:00.000000000,0.34700000000000003,0.078,0.0,0.0,0.34113472568046666,0.0
274835,2025-09-28T00:00:00.000000000,0.28300000000000003,0.011,0.0,0.007,0.0,0.0
274835,2025-09-28T01:00:00.000000000,0.304,0.0,0.0,0.040999999999999995,0.3229643193297889,0.0
274835,2025-09-28T02:00:00.000000000,0.311,0.0,0.0,0.048999999999999995,0.0,0.0
274835,2025-09-28T03:00:00.000000000,0.321,0.0,0.0,0.057999999999999996,0.3229643193297889,0.0
274835,2025-09-28T04:00:00.000000000,0.31,0.0,0.0,0.052,0.0,0.0
274835,2025-09-28T05:00:00.000000000,0.314,0.0,0.0,0.011,0.3229643193297889,0.0
274835,2025-09-28T06:00:00.000000000,0.606,0.009000000000000001,0.0,0.066,1.056228136900689,0.0
274835,2025-09-28T07:00:00.000000000,0.49900000000000005,0.045,0.0,0.0,0.3229643193297889,0.0
274835,2025-09-28T08:00:00.000000000,0.31700000000000006,0.008,0.0,0.047,0.0,0.0
274835,2025-09-28T09:00:00.000000000,0.474,0.0,0.0,0.21599999999999997,0.3229643193297889,0.0
274835,2025-09-28T10:00:00.000000000,0.6299999999999999,0.0,0.0,0.375,0.0,0.0
274835,2025-09-28T11:00:00.000000000,0.788,0.0,0.0,0.531,0.3229643193297889,0.0
274835,2025-09-28T12:00:00.000000000,1.044,0.0,0.0,0.673,0.0,0.0
274835,2025-09-28T13:00:00.000000000,1.293,0.0,0.0,0.8079999999999999,0.3229643193297889,0.0
274835,2025-09-28T14:00:00.000000000,1.6039999999999999,0.0,0.0,1.0270000000000001,2.1871893966952944,0.0
274835,2025-09-28T15:00:00.000000000,1.26,0.0,0.0,0.745,0.3229643193297889,0.0
274835,2025-09-28T16:00:00.000000000,1.382,0.0,0.0,0.6940000000000001,3.6786280728017333,0.0
274835,2025-09-28T17:00:00.000000000,1.158,0.0,0.0,0.44700000000000006,3.0121844592301,0.0
274835,2025-09-28T18:00:00.000000000,0.8969999999999999,0.0,0.0,0.15400000000000003,1.0216457506203667,0.0
274835,2025-09-28T19:00:00.000000000,0.878,0.040999999999999995,0.0,0.007,0.3499268577856333,0.0
274835,2025-09-28T20:00:00.000000000,1.0590000000000002,0.209,0.0,0.0,0.3408416546102945,0.0
274835,2025-09-28T21:00:00.000000000,1.056,0.363,0.0,0.0,0.6822694513609333,0.0
274835,2025-09-28T22:00:00.000000000,0.895,0.53,0.0,0.0,0.0,0.0
274835,2025-09-28T23:00:00.000000000,0.977,0.708,0.0,0.0,0.3229643193297889,0.0
274835,2025-09-29T00:00:00.000000000,1.086,0.82,0.0,0.0,0.32296431932978886,0.0
274835,2025-09-29T01:00:00.000000000,1.142,0.876,0.0,0.0,0.0,0.0
274835,2025-09-29T02:00:00.000000000,1.2069999999999999,0.944,0.0,0.0,0.3229643193297889,0.0
274835,2025-09-29T03:00:00.000000000,1.274,1.01,0.0,0.0,0.0,0.0
274835,2025-09-29T04:00:00.000000000,1.334,1.07,0.0,0.0,0.3232573903999611,0.0
274835,2025-09-29T05:00:00.000000000,1.4189999999999998,1.156,0.0,0.0,0.0,0.0
274835,2025-09-29T06:00:00.000000000,1.353,1.088,0.0,0.0,0.3232573903999611,0.0
274835,2025-09-29T07:00:00.000000000,1.1749999999999998,0.7170000000000001,0.0,0.0,0.7567095031846778,0.0
274835,2025-09-29T08:00:00.000000000,0.723,0.27199999999999996,0.0,0.0,0.35490906597856114,0.0
274835,2025-09-29T09:00:00.000000000,0.30800000000000005,0.019,0.0,0.028999999999999998,0.0,0.0
274835,2025-09-29T10:00:00.000000000,0.455,0.0,0.0,0.2,0.3229643193297889,0.0
274835,2025-09-29T11:00:00.000000000,0.616,0.0,0.0,0.36,0.34113472568046666,0.0
274835,2025-09-29T12:00:00.000000000,0.696,0.0,0.0,0.44,0.3317564514349555,0.0
274835,2025-09-29T13:00:00.000000000,0.7689999999999999,0.0,0.0,0.512,0.3229643193297889,0.0
274835,2025-09-29T14:00:00.000000000,0.815,0.0,0.0,0.5589999999999999,0.0,0.0
274835,2025-09-29T15:00:00.000000000,0.766,0.0,0.0,0.505,0.3229643193297889,0.0
274835,2025-09-29T16:00:00.000000000,0.648,0.0,0.0,0.35500000000000004,0.0,0.0
274835,2025-09-29T17:00:00.000000000,0.829,0.0,0.0,0.215,1.056228136900689,0.0
274835,2025-09-29T18:00:00.000000000,0.849,0.091,0.0,0.018000000000000002,0.3229643193297889,0.0
274835,2025-09-29T19:00:00.000000000,1.246,0.419,0.0,0.0,0.0,0.0
274835,2025-09-29T20:00:00.000000000,1.5519999999999998,0.704,0.0,0.0,0.3229643193297889,0.0
274835,2025-09-29T21:00:00.000000000,1.296,0.998,0.0,0.0,0.6945784363081666,0.0
274835,2025-09-29T22:00:00.000000000,1.4259999999999997,1.1429999999999998,0.0,0.0,0.7036636394835055,0.0
274835,2025-09-29T23:00:00.000000000,1.489,1.22,0.0,0.0,0.5193219363451778,0.0
274835,2025-09-30T00:00:00.000000000,1.5539999999999998,1.286,0.0,0.0,0.18199713457695,0.0
274835,2025-09-30T01:00:00.000000000,1.6179999999999999,1.3530000000000002,0.0,0.0,0.0,0.0
274835,2025-09-30T02:00:00.000000000,1.651,1.386,0.0,0.0,0.3232573903999611,0.0
274835,2025-09-30T03:00:00.000000000,1.648,1.384,0.0,0.0,0.33498023320685,0.0
274835,2025-09-30T04:00:00.000000000,1.6489999999999998,1.358,0.0,0.0,0.7024913552028167,0.0
274835,2025-09-30T05:00:00.000000000,1.756,1.351,0.0,0.0,0.6682020399926667,0.0
274835,2025-09-30T06:00:00.000000000,1.725,1.225,0.0,0.0,0.0,0.0
274835,2025-09-30T07:00:00.000000000,1.352,0.829,0.0,0.0,0.3232573903999611,0.0
274835,2025-09-30T08:00:00.000000000,0.698,0.371,0.0,0.0,0.33204952250512776,0.0
274835,2025-09-30T09:00:00.000000000,0.309,0.038,0.0,0.012,0.3317564514349555,0.0
274835,2025-09-30T10:00:00.000000000,0.38799999999999996,0.0,0.0,0.131,0.3232573903999611,0.0
274835,2025-09-30T11:00:00.000000000,0.455,0.0,0.0,0.199,0.0,0.0
274835,2025-09-30T12:00:00.000000000,0.422,0.0,0.0,0.166,0.32296431932978886,0.0
274835,2025-09-30T13:00:00.000000000,0.438,0.0,0.0,0.183,0.0,0.0
274835,2025-09-30T14:00:00.000000000,0.536,0.0,0.0,0.28,0.3229643193297889,0.0
274835,2025-09-30T15:00:00.000000000,0.595,0.0,0.0,0.336,0.0,0.0
274835,2025-09-30T16:00:00.000000000,0.5529999999999999,0.0,0.0,0.262,0.3229643193297889,0.0
274835,2025-09-30T17:00:00.000000000,0.7229999999999999,0.0,0.0,0.147,0.0,0.0
274835,2025-09-30T18:00:00.000000000,0.776,0.002,0.0,0.034,0.3229643193297889,0.0
274835,2025-09-30T19:00:00.000000000,0.945,0.11900000000000001,0.0,0.0,0.0,0.0
274835,2025-09-30T20:00:00.000000000,1.116,0.269,0.0,0.0,0.3229643193297889,0.0
274835,2025-09-30T21:00:00.000000000,0.948,0.426,0.0,0.0,0.3229643193297889,0.0
274835,2025-09-30T22:00:00.000000000,0.8640000000000001,0.5,0.0,0.0,0.0,0.0
274835,2025-09-30T23:00:00.000000000,0.837,0.5720000000000001,0.0,0.0,0.3229643193297889,0.0
274835,2025-10-01T00:00:00.000000000,0.894,0.631,0.0,0.0,0.3232573903999611,0.0
274835,2025-10-01T01:00:00.000000000,0.926,0.665,0.0,0.0,0.0,0.0
274835,2025-10-01T02:00:00.000000000,0.9390000000000001,0.678,0.0,0.0,0.3232573903999611,0.0
274835,2025-10-01T03:00:00.000000000,0.957,0.698,0.0,0.0,0.0,0.0
274835,2025-10-01T04:00:00.000000000,0.975,0.72,0.0,0.0,0.32296431932978886,0.0
274835,2025-10-01T05:00:00.000000000,1.132,0.7130000000000001,0.0,0.0,0.0,0.0
274835,2025-10-01T06:00:00.000000000,1.228,0.6900000000000001,0.0,0.0,0.3232573903999611,0.0
274835,2025-10-01T07:00:00.000000000,1.225,0.658,0.0,0.0,0.7898265341141388,0.0
274835,2025-10-01T08:00:00.000000000,1.16,0.594,0.0,0.0,0.0,0.0
274835,2025-10-01T09:00:00.000000000,1.088,0.533,0.0,0.0,0.3232573903999611,0.0
274835,2025-10-01T10:00:00.000000000,1.01,0.46599999999999997,0.0,0.0,0.3510991420663222,0.0
274835,2025-10-01T11:00:00.000000000,0.947,0.405,0.0,0.0,1.1177730616368555,0.0
274835,2025-10-01T12:00:00.000000000,0.7969999999999999,0.257,0.0,0.0,0.34113472568046666,0.0
274835,2025-10-01T13:00:00.000000000,0.563,0.101,0.0,0.0,0.3616497005925222,0.0
274835,2025-10-01T14:00:00.000000000,0.43999999999999995,0.039999999999999994,0.0,0.0,0.3232573903999611,0.0
274835,2025-10-01T15:00:00.000000000,0.6459999999999999,0.060000000000000005,0.0,0.0,0.0,0.0
274835,2025-10-01T16:00:00.000000000,0.903,0.20500000000000002,0.0,0.0,0.3232573903999611,0.0
274835,2025-10-01T17:00:00.000000000,1.07,0.267,0.0,0.0,0.0,0.0
274835,2025-10-01T18:00:00.000000000,1.298,0.40099999999999997,0.0,0.0,0.7063012791150556,0.0
274835,2025-10-01T19:00:00.000000000,1.468,0.536,0.0,0.0,0.3232573903999611,0.0
274835,2025-10-01T20:00:00.000000000,1.5330000000000001,0.6639999999999999,0.0,0.0,0.3232573903999611,0.0
274835,2025-10-01T21:00:00.000000000,1.5,0.8109999999999999,0.0,0.0,0.0,0.0
274835,2025-10-01T22:00:00.000000000,1.3370000000000002,0.855,0.0,0.0,0.3414277967506389,0.0
274835,2025-10-01T23:00:00.000000000,1.302,0.9430000000000001,0.0,0.0,0.3232573903999611,0.0
274835,2025-10-02T00:00:00.000000000,1.299,1.018,0.0,0.0,0.0,0.0
274835,2025-10-02T01:00:00.000000000,1.332,1.07,0.0,0.0,0.7080597055360889,0.0
274835,2025-10-02T02:00:00.000000000,1.342,1.08,0.0,0.0,0.3232573903999611,0.0
274835,2025-10-02T03:00:00.000000000,1.377,1.116,0.0,0.0,0.0,0.0
274835,2025-10-02T04:00:00.000000000,1.443,1.185,0.0,0.0,0.3232573903999611,0.0
274835,2025-10-02T05:00:00.000000000,1.8330000000000002,1.5650000000000002,0.0,0.0,0.0,0.0
274835,2025-10-02T06:00:00.000000000,1.94,1.448,0.0,0.0,0.6796318117293834,0.0
274835,2025-10-02T07:00:00.000000000,1.617,1.05,0.0,0.0,0.8663180834290889,0.0
274835,2025-10-02T08:00:00.000000000,1.253,0.687,0.0,0.0,0.49997924571381114,0.0
274835,2025-10-02T09:00:00.000000000,0.988,0.43399999999999994,0.0,0.0,1.0805530357249835,0.0
274835,2025-10-02T10:00:00.000000000,0.7789999999999999,0.235,0.0,0.0,0.3338079489261611,0.0
274835,2025-10-02T11:00:00.000000000,0.61,0.068,0.0,0.001,1.045970649444661,0.0
274835,2025-10-02T12:00:00.000000000,0.627,0.0,0.0,0.089,0.0,0.0
274835,2025-10-02T13:00:00.000000000,0.822,0.0,0.0,0.28700000000000003,0.3232573903999611,0.0
274835,2025-10-02T14:00:00.000000000,0.941,0.0,0.0,0.393,0.0,0.0
274835,2025-10-02T15:00:00.000000000,1.0339999999999998,0.0,0.0,0.40800000000000003,1.876827133382911,0.0
274835,2025-10-02T16:00:00.000000000,1.002,0.0,0.0,0.302,1.053883568339311,0.0
274835,2025-10-02T17:00:00.000000000,1.0070000000000001,0.0,0.0,0.204,0.7432282339567556,0.0
274835,2025-10-02T18:00:00.000000000,0.973,0.0,0.0,0.07600000000000001,0.7297469647288334,0.0
274835,2025-10-02T19:00:00.000000000,0.977,0.045,0.0,0.003,0.3343940910665056,0.0
274835,2025-10-02T20:00:00.000000000,0.6990000000000001,0.246,0.0,0.0,0.3232573903999611,0.0
274835,2025-10-02T21:00:00.000000000,0.7739999999999999,0.47400000000000003,0.0,0.0,0.0,0.0
274835,2025-10-02T22:00:00.000000000,0.907,0.628,0.0,0.0,0.7455728025181334,0.0
274835,2025-10-02T23:00:00.000000000,1.0350000000000001,0.7690000000000001,0.0,0.0,0.0,0.0
274835,2025-10-03T00:00:00.000000000,1.1580000000000001,0.895,0.0,0.0,0.3232573903999611,0.0
274835,2025-10-03T01:00:00.000000000,1.24,0.977,0.0,0.0,0.0,0.0
274835,2025-10-03T02:00:00.000000000,1.274,1.013,0.0,0.0,0.3232573903999611,0.0
274835,2025-10-03T03:00:00.000000000,1.3050000000000002,1.045,0.0,0.0,0.0,0.0
274835,2025-10-03T04:00:00.000000000,1.3350000000000002,1.078,0.0,0.0,0.3232573903999611,0.0
274835,2025-10-03T05:00:00.000000000,1.369,1.111,0.0,0.0,0.0,0.0
274835,2025-10-03T06:00:00.000000000,1.327,0.994,0.0,0.0,0.3232573903999611,0.0
274835,2025-10-03T07:00:00.000000000,1.137,0.571,0.0,0.0,0.0,0.0
274835,2025-10-03T08:00:00.000000000,0.687,0.111,0.0,0.011,0.3232573903999611,0.0
274835,2025-10-03T09:00:00.000000000,0.728,0.0,0.0,0.17300000000000001,0.0,0.0
274835,2025-10-03T10:00:00.000000000,1.133,0.0,0.0,0.51,2.585179909989172,0.0
274835,2025-10-03T11:00:00.000000000,1.1380000000000001,0.0,0.0,0.5950000000000001,0.3232573903999611,0.0
274835,2025-10-03T12:00:00.000000000,1.1689999999999998,0.0,0.0,0.628,0.0,0.0
274835,2025-10-03T13:00:00.000000000,1.1549999999999998,0.0,0.0,0.618,0.33204952250512776,0.0
274835,2025-10-03T14:00:00.000000000,1.138,0.0,0.0,0.588,0.3317564514349555,0.0
274835,2025-10-03T15:00:00.000000000,1.1070000000000002,0.0,0.0,0.521,0.6957507205888556,0.0
274835,2025-10-03T16:00:00.000000000,1.107,0.0,0.0,0.40800000000000003,0.3317564514349555,0.0
274835,2025-10-03T17:00:00.000000000,1.0670000000000002,0.0,0.0,0.263,0.0,0.0
274835,2025-10-03T18:00:00.000000000,1.0110000000000001,0.0,0.0,0.114,0.3229643193297889,0.0
274835,2025-10-03T19:00:00.000000000,0.974,0.03,0.0,0.013000000000000001,0.3232573903999611,0.0
274835,2025-10-03T20:00:00.000000000,1.108,0.242,0.0,0.0,0.3335148778559889,0.0
274835,2025-10-03T21:00:00.000000000,1.216,0.528,0.0,0.0,0.33791094390857224,0.0
274835,2025-10-03T22:00:00.000000000,0.983,0.704,0.0,0.0,0.0,0.0
274835,2025-10-03T23:00:00.000000000,1.0550000000000002,0.79,0.0,0.0,0.3232573903999611,0.0
274835,2025-10-04T00:00:00.000000000,1.085,0.821,0.0,0.0,0.0,0.0
274835,2025-10-04T01:00:00.000000000,1.0710000000000002,0.8089999999999999,0.0,0.0,0.3232573903999611,0.0
274835,2025-10-04T02:00:00.000000000,1.0150000000000001,0.7549999999999999,0.0,0.0,0.0,0.0
274835,2025-10-04T03:00:00.000000000,0.943,0.683,0.0,0.0,0.3232573903999611,0.0
274835,2025-10-04T04:00:00.000000000,0.9369999999999999,0.628,0.0,0.0,1.5776015707370723,0.0
274835,2025-10-04T05:00:00.000000000,0.971,0.535,0.0,0.0,0.33351487785598893,0.0
274835,2025-10-04T06:00:00.000000000,0.812,0.237,0.0,0.0,1.4656484219312833,0.0
274835,2025-10-04T07:00:00.000000000,0.647,0.06,0.0,0.02,0.36077048738200557,0.0
274835,2025-10-04T08:00:00.000000000,0.627,0.0,0.0,0.198,0.8513714588503056,0.0
274835,2025-10-04T09:00:00.000000000,0.991,0.0,0.0,0.415,0.9348967138493889,0.0
274835,2025-10-04T10:00:00.000000000,1.074,0.0,0.0,0.529,0.33204952250512776,0.0
274835,2025-10-04T11:00:00.000000000,1.182,0.0,0.0,0.641,0.33204952250512776,0.0
274835,2025-10-04T12:00:00.000000000,1.2369999999999999,0.0,0.0,0.6969999999999998,0.0,0.0
274835,2025-10-04T13:00:00.000000000,1.25,0.0,0.0,0.7130000000000001,0.33204952250512776,0.0
274835,2025-10-04T14:00:00.000000000,1.26,0.0,0.0,0.7109999999999999,0.3229643193297889,0.0
274835,2025-10-04T15:00:00.000000000,1.283,0.0,0.0,0.7410000000000001,1.5037476610536722,0.0
274835,2025-10-04T16:00:00.000000000,1.2590000000000001,0.0,0.0,0.5589999999999999,0.3229643193297889,0.0
274835,2025-10-04T17:00:00.000000000,1.18,0.0,0.0,0.378,0.0,0.0
274835,2025-10-04T18:00:00.000000000,1.1059999999999999,0.0,0.0,0.209,0.34113472568046666,0.0
274835,2025-10-04T19:00:00.000000000,1.025,0.0,0.0,0.095,0.898262830077861,0.0
274835,2025-10-04T20:00:00.000000000,0.8949999999999999,0.004,0.0,0.022,0.15884452003334446,0.0
274835,2025-10-04T21:00:00.000000000,0.796,0.10800000000000001,0.0,0.0,0.0,0.0
274835,2025-10-04T22:00:00.000000000,0.673,0.192,0.0,0.0,0.3229643193297889,0.0
274835,2025-10-04T23:00:00.000000000,0.602,0.245,0.0,0.0,0.0,0.0
274835,2025-10-05T00:00:00.000000000,0.552,0.272,0.0,0.0,0.3229643193297889,0.0
274835,2025-10-05T01:00:00.000000000,0.554,0.294,0.0,0.0,0.0,0.0
274835,2025-10-05T02:00:00.000000000,0.578,0.318,0.0,0.0,0.3232573903999611,0.0
274835,2025-10-05T03:00:00.000000000,0.621,0.363,0.0,0.0,0.0,0.0
274835,2025-10-05T04:00:00.000000000,0.679,0.40599999999999997,0.0,0.0,0.6611683343085333,0.0
274835,2025-10-05T05:00:00.000000000,0.86,0.424,0.0,0.0,1.1980745348640445,0.0
274835,2025-10-05T06:00:00.000000000,0.9279999999999999,0.391,0.0,0.0,0.7177310508517722,0.0
274835,2025-10-05T07:00:00.000000000,0.897,0.331,0.0,0.0,1.0442122230236277,0.0
274835,2025-10-05T08:00:00.000000000,0.851,0.28600000000000003,0.0,0.0,1.4556840055454279,0.0
274835,2025-10-05T09:00:00.000000000,0.784,0.22899999999999998,0.0,0.0,0.7130419137290167,0.0
274835,2025-10-05T10:00:00.000000000,0.719,0.15600000000000003,0.0,0.0,1.2282608550917833,0.0
274835,2025-10-05T11:00:00.000000000,0.673,0.10600000000000001,0.0,0.006,0.6028471913442611,0.0
274835,2025-10-05T12:00:00.000000000,0.638,0.161,0.0,0.0,0.3232573903999611,0.0
274835,2025-10-05T13:00:00.000000000,0.8919999999999999,0.225,0.0,0.0,0.3323425935753,0.0
274835,2025-10-05T14:00:00.000000000,1.1039999999999999,0.415,0.0,0.0,2.5482529551474724,0.0
274835,2025-10-05T15:00:00.000000000,1.044,0.37,0.0,0.0,1.5014030924922945,0.0
274835,2025-10-05T16:00:00.000000000,1.105,0.40399999999999997,0.0,0.0,0.32706731431220004,0.0
274835,2025-10-05T17:00:00.000000000,0.8619999999999999,0.472,0.0,0.0,0.6808040960100722,0.0
274835,2025-10-05T18:00:00.000000000,1.259,0.501,0.0,0.0,0.0,0.0
274835,2025-10-05T19:00:00.000000000,1.46,0.53,0.0,0.0,0.6963368627291999,0.0
274835,2025-10-05T20:00:00.000000000,1.382,0.513,0.0,0.0,0.3232573903999611,0.0
274835,2025-10-05T21:00:00.000000000,1.268,0.5790000000000001,0.0,0.0,0.0,0.0
274835,2025-10-05T22:00:00.000000000,0.912,0.633,0.0,0.0,0.3232573903999611,0.0
274835,2025-10-05T23:00:00.000000000,0.878,0.613,0.0,0.0,0.0,0.0
274835,2025-10-06T00:00:00.000000000,0.883,0.62,0.0,0.0,0.3232573903999611,0.0
274835,2025-10-06T01:00:00.000000000,0.904,0.644,0.0,0.0,0.0,0.0
274835,2025-10-06T02:00:00.000000000,0.894,0.635,0.0,0.0,0.3232573903999611,0.0
274835,2025-10-06T03:00:00.000000000,0.897,0.637,0.0,0.0,0.0,0.0
274835,2025-10-06T04:00:00.000000000,0.869,0.61,0.0,0.0,0.3232573903999611,0.0
274835,2025-10-06T05:00:00.000000000,0.776,0.516,0.0,0.0,0.0,0.0
274835,2025-10-06T06:00:00.000000000,0.703,0.442,0.0,0.0,0.3232573903999611,0.0
274835,2025-10-06T07:00:00.000000000,0.681,0.34800000000000003,0.0,0.0,0.0,0.0
274835,2025-10-06T08:00:00.000000000,0.505,0.247,0.0,0.0,0.3232573903999611,0.0
274835,2025-10-06T09:00:00.000000000,0.5770000000000001,0.099,0.0,0.0,0.0,0.0
274835,2025-10-06T10:00:00.000000000,0.5660000000000001,0.020999999999999998,0.0,0.0,0.7965671687281,0.0
274835,2025-10-06T11:00:00.000000000,0.33,0.006,0.0,0.003,0.3232573903999611,0.0
274835,2025-10-06T12:00:00.000000000,0.495,0.0,0.0,0.027999999999999997,0.0,0.0
274835,2025-10-06T13:00:00.000000000,0.571,0.0,0.0,0.026,0.3232573903999611,0.0
274835,2025-10-06T14:00:00.000000000,0.6950000000000001,0.013,0.0,0.004,0.3308772382244389,0.0
274835,2025-10-06T15:00:00.000000000,0.9650000000000001,0.239,0.0,0.0,1.851329950277928,0.0
274835,2025-10-06T16:00:00.000000000,1.327,0.428,0.0,0.0,3.5901206096097225,0.0
274835,2025-10-06T17:00:00.000000000,1.195,0.388,0.0,0.0,0.4126440668024889,0.0
274835,2025-10-06T18:00:00.000000000,1.3929999999999998,0.498,0.0,0.0,1.1198245591280611,0.0
274835,2025-10-06T19:00:00.000000000,1.525,0.597,0.0,0.0,0.0,0.0
274835,2025-10-06T20:00:00.000000000,1.51,0.645,0.0,0.0,0.6834417356416221,0.0
274835,2025-10-06T21:00:00.000000000,1.368,0.6829999999999998,0.0,0.0,0.3232573903999611,0.0
274835,2025-10-06T22:00:00.000000000,1.096,0.736,0.0,0.0,0.3232573903999611,0.0
274835,2025-10-06T23:00:00.000000000,1.0270000000000001,0.762,0.0,0.0,0.0,0.0
274835,2025-10-07T00:00:00.000000000,1.024,0.762,0.0,0.0,0.3232573903999611,0.0
274835,2025-10-07T01:00:00.000000000,1.0190000000000001,0.758,0.0,0.0,0.0,0.0
274835,2025-10-07T02:00:00.000000000,1.02,0.7590000000000001,0.0,0.0,0.3232573903999611,0.0
274835,2025-10-07T03:00:00.000000000,1.016,0.756,0.0,0.0,0.0,0.0
274835,2025-10-07T04:00:00.000000000,1.01,0.75,0.0,0.0,0.3232573903999611,0.0
274835,2025-10-07T05:00:00.000000000,0.998,0.738,0.0,0.0,0.0,0.0
274835,2025-10-07T06:00:00.000000000,0.982,0.72,0.0,0.0,0.3232573903999611,0.0
274835,2025-10-07T07:00:00.000000000,1.0879999999999999,0.5549999999999999,0.0,0.0,1.1309612597946055,0.0
274835,2025-10-07T08:00:00.000000000,1.123,0.5569999999999999,0.0,0.0,0.3232573903999611,0.0
274835,2025-10-07T09:00:00.000000000,1.03,0.475,0.0,0.0,0.0,0.0
274835,2025-10-07T10:00:00.000000000,0.9349999999999999,0.39,0.0,0.0,0.3232573903999611,0.0
274835,2025-10-07T11:00:00.000000000,0.743,0.348,0.0,0.0,0.3232573903999611,0.0
274835,2025-10-07T12:00:00.000000000,0.625,0.376,0.0,0.0,0.3232573903999611,0.0
274835,2025-10-07T13:00:00.000000000,0.7130000000000001,0.46299999999999997,0.0,0.0,0.34172086782081107,0.0
274835,2025-10-07T14:00:00.000000000,0.7529999999999999,0.505,0.0,0.0,0.34172086782081107,0.0
274835,2025-10-07T15:00:00.000000000,0.742,0.489,0.0,0.0,0.0,0.0
274835,2025-10-07T16:00:00.000000000,0.833,0.547,0.0,0.0,0.3232573903999611,0.0
274835,2025-10-07T17:00:00.000000000,1.066,0.511,0.0,0.0,0.0,0.0
274835,2025-10-07T18:00:00.000000000,1.3840000000000001,0.488,0.0,0.0,0.3232573903999611,0.0
274835,2025-10-07T19:00:00.000000000,0.9989999999999999,0.555,0.0,0.0,0.0,0.0
274835,2025-10-07T20:00:00.000000000,0.901,0.611,0.0,0.0,0.3232573903999611,0.0
274835,2025-10-07T21:00:00.000000000,0.978,0.6799999999999999,0.0,0.0,0.7156795533605667,0.0
274835,2025-10-07T22:00:00.000000000,0.963,0.685,0.0,0.0,0.3232573903999611,0.0
274835,2025-10-07T23:00:00.000000000,0.96,0.694,0.0,0.0,0.0,0.0
274835,2025-10-08T00:00:00.000000000,0.968,0.7050000000000001,0.0,0.0,0.3232573903999611,0.0
274835,2025-10-08T01:00:00.000000000,0.97,0.708,0.0,0.0,0.0,0.0
274835,2025-10-08T02:00:00.000000000,0.972,0.712,0.0,0.0,0.3232573903999611,0.0
274835,2025-10-08T03:00:00.000000000,0.972,0.712,0.0,0.0,0.0,0.0
274835,2025-10-08T04:00:00.000000000,0.966,0.71,0.0,0.0,0.32355046147013333,0.0
274835,2025-10-08T05:00:00.000000000,0.97,0.712,0.0,0.0,0.0,0.0
274835,2025-10-08T06:00:00.000000000,0.981,0.724,0.0,0.0,0.3232573903999611,0.0
274835,2025-10-08T07:00:00.000000000,0.968,0.7089999999999999,0.0,0.0,0.0,0.0
274835,2025-10-08T08:00:00.000000000,0.9319999999999999,0.676,0.0,0.0,0.3232573903999611,0.0
274835,2025-10-08T09:00:00.000000000,0.927,0.599,0.0,0.0,0.0,0.0
274835,2025-10-08T10:00:00.000000000,0.96,0.489,0.0,0.0,0.3232573903999611,0.0
274835,2025-10-08T11:00:00.000000000,0.716,0.394,0.0,0.0,0.0,0.0
274835,2025-10-08T12:00:00.000000000,0.669,0.132,0.0,0.0,0.3232573903999611,0.0
274835,2025-10-08T13:00:00.000000000,0.683,0.0,0.0,0.148,0.3323425935753,0.0
274835,2025-10-08T14:00:00.000000000,0.969,0.0,0.0,0.421,0.0,0.0
274835,2025-10-08T15:00:00.000000000,1.1380000000000001,0.0,0.0,0.512,1.4542186501945666,0.0
274835,2025-10-08T16:00:00.000000000,1.013,0.0,0.0,0.313,0.5656271654323889,0.0
274835,2025-10-08T17:00:00.000000000,0.6439999999999999,0.0,0.0,0.118,0.10521251419182777,0.0
274835,2025-10-08T18:00:00.000000000,0.368,0.091,0.0,0.0,0.66732282678215,0.0
274835,2025-10-08T19:00:00.000000000,0.5940000000000001,0.30800000000000005,0.0,0.0,0.3323425935753,0.0
274835,2025-10-08T20:00:00.000000000,0.8019999999999999,0.509,0.0,0.0,0.3232573903999611,0.0
274835,2025-10-08T21:00:00.000000000,1.014,0.714,0.0,0.0,0.0,0.0
274835,2025-10-08T22:00:00.000000000,1.1789999999999998,0.899,0.0,0.0,0.3232573903999611,0.0
274835,2025-10-08T23:00:00.000000000,1.34,1.074,0.0,0.0,0.0,0.0
274835,2025-10-09T00:00:00.000000000,1.4469999999999998,1.184,0.0,0.0,0.3235504614701334,0.0
274835,2025-10-09T01:00:00.000000000,1.4619999999999997,1.2,0.0,0.0,0.0,0.0
274835,2025-10-09T02:00:00.000000000,1.4580000000000002,1.1969999999999998,0.0,0.0,0.3235504614701334,0.0
274835,2025-10-09T03:00:00.000000000,1.472,1.2109999999999999,0.0,0.0,0.0,0.0
274835,2025-10-09T04:00:00.000000000,1.507,1.25,0.0,0.0,0.3235504614701334,0.0
274835,2025-10-09T05:00:00.000000000,1.547,1.29,0.0,0.0,0.0,0.0
274835,2025-10-09T06:00:00.000000000,1.513,1.253,0.0,0.0,0.32355046147013333,0.0
274835,2025-10-09T07:00:00.000000000,1.306,1.0470000000000002,0.0,0.0,0.0,0.0
274835,2025-10-09T08:00:00.000000000,1.117,0.629,0.0,0.0,0.3235504614701334,0.0
274835,2025-10-09T09:00:00.000000000,0.746,0.192,0.0,0.0,0.0,0.0
274835,2025-10-09T10:00:00.000000000,0.625,0.0,0.0,0.07999999999999999,0.3232573903999611,0.0
274835,2025-10-09T11:00:00.000000000,0.8029999999999999,0.0,0.0,0.263,0.34172086782081107,0.0
274835,2025-10-09T12:00:00.000000000,0.897,0.0,0.0,0.358,0.34172086782081107,0.0
274835,2025-10-09T13:00:00.000000000,0.886,0.0,0.0,0.34900000000000003,0.3232573903999611,0.0
274835,2025-10-09T14:00:00.000000000,0.852,0.0,0.0,0.304,0.0,0.0
274835,2025-10-09T15:00:00.000000000,0.993,0.0,0.0,0.36700000000000005,1.4829396150714445,0.0
274835,2025-10-09T16:00:00.000000000,0.9119999999999999,0.0,0.0,0.212,0.3232573903999611,0.0
274835,2025-10-09T17:00:00.000000000,0.854,0.0,0.0,0.051000000000000004,0.3232573903999611,0.0
274835,2025-10-09T18:00:00.000000000,1.1260000000000001,0.229,0.0,0.0,0.0,0.0
274835,2025-10-09T19:00:00.000000000,1.0470000000000002,0.599,0.0,0.0,0.8950390483059667,0.0
274835,2025-10-09T20:00:00.000000000,1.149,0.856,0.0,0.0,0.5075990935382889,0.0
274835,2025-10-09T21:00:00.000000000,1.319,1.017,0.0,0.0,0.0,0.0
274835,2025-10-09T22:00:00.000000000,1.33,1.05,0.0,0.0,0.3232573903999611,0.0
274835,2025-10-09T23:00:00.000000000,1.403,1.1360000000000001,0.0,0.0,0.0,0.0
274835,2025-10-10T00:00:00.000000000,1.472,1.208,0.0,0.0,0.3232573903999611,0.0
274835,2025-10-10T01:00:00.000000000,1.5500000000000003,1.288,0.0,0.0,0.0,0.0
274835,2025-10-10T02:00:00.000000000,1.612,1.3490000000000002,0.0,0.0,0.3235504614701334,0.0
274835,2025-10-10T03:00:00.000000000,2.013,1.7359999999999998,0.0,0.0,0.2652293185058611,0.0
274835,2025-10-10T04:00:00.000000000,2.468,2.177,0.0,0.0,0.0580280718941,0.0
274835,2025-10-10T05:00:00.000000000,2.59,2.296,0.0,0.0,0.3235504614701334,0.0
274835,2025-10-10T06:00:00.000000000,2.586,2.021,0.0,0.0,0.0,0.0
274835,2025-10-10T07:00:00.000000000,1.529,1.194,0.0,0.0,0.3235504614701334,0.0
274835,2025-10-10T08:00:00.000000000,1.0290000000000001,0.772,0.0,0.0,0.0,0.0
274835,2025-10-10T09:00:00.000000000,0.585,0.332,0.0,0.0,0.3235504614701334,0.0
274835,2025-10-10T10:00:00.000000000,0.30600000000000005,0.024,0.0,0.031,0.0,0.0
274835,2025-10-10T11:00:00.000000000,0.6900000000000001,0.0,0.0,0.22299999999999998,0.3232573903999611,0.0
274835,2025-10-10T12:00:00.000000000,0.913,0.0,0.0,0.373,0.1412602558230111,0.0
274835,2025-10-10T13:00:00.000000000,1.005,0.0,0.0,0.46799999999999997,0.18199713457695,0.0
274835,2025-10-10T14:00:00.000000000,1.198,0.0,0.0,0.506,0.3285326696630611,0.0
274835,2025-10-10T15:00:00.000000000,1.115,0.0,0.0,0.42999999999999994,2.0725986082579553,0.0
274835,2025-10-10T16:00:00.000000000,1.0459999999999998,0.0,0.0,0.256,1.5365716209129612,0.0
274835,2025-10-10T17:00:00.000000000,0.8869999999999999,0.0,0.0,0.08600000000000001,0.34172086782081107,0.0
274835,2025-10-10T18:00:00.000000000,1.099,0.202,0.0,0.0,0.3232573903999611,0.0
274835,2025-10-10T19:00:00.000000000,1.456,0.526,0.0,0.0,0.3323425935753,0.0
274835,2025-10-10T20:00:00.000000000,1.6600000000000001,0.7899999999999999,0.0,0.0,0.3628219848732111,0.0
274835,2025-10-10T21:00:00.000000000,1.692,1.002,0.0,0.0,0.3232573903999611,0.0
274835,2025-10-10T22:00:00.000000000,1.5260000000000002,1.1620000000000001,0.0,0.0,0.3323425935753,0.0
274835,2025-10-10T23:00:00.000000000,1.5250000000000001,1.259,0.0,0.0,0.3232573903999611,0.0
274835,2025-10-11T00:00:00.000000000,1.562,1.298,0.0,0.0,0.0,0.0
274835,2025-10-11T01:00:00.000000000,1.591,1.328,0.0,0.0,0.3235504614701334,0.0
274835,2025-10-11T02:00:00.000000000,1.5780000000000003,1.278,0.0,0.0,1.1309612597946055,0.0
274835,2025-10-11T03:00:00.000000000,1.652,1.392,0.0,0.0,0.3235504614701334,0.0
274835,2025-10-11T04:00:00.000000000,1.719,1.4579999999999997,0.0,0.0,0.0,0.0
274835,2025-10-11T05:00:00.000000000,1.854,1.592,0.0,0.0,0.3235504614701334,0.0
274835,2025-10-11T06:00:00.000000000,1.708,1.448,0.0,0.0,0.34201393889098336,0.0
274835,2025-10-11T07:00:00.000000000,1.46,1.201,0.0,0.0,0.0,0.0
274835,2025-10-11T08:00:00.000000000,0.9770000000000001,0.7190000000000001,0.0,0.0,0.3232573903999611,0.0
274835,2025-10-11T09:00:00.000000000,0.7110000000000001,0.23399999999999999,0.0,0.0,0.0,0.0
274835,2025-10-11T10:00:00.000000000,0.5780000000000001,0.007,0.0,0.028,0.3235504614701334,0.0
274835,2025-10-11T11:00:00.000000000,0.688,0.0,0.0,0.14700000000000002,0.0,0.0
274835,2025-10-11T12:00:00.000000000,0.77,0.0,0.0,0.22999999999999998,0.3232573903999611,0.0
274835,2025-10-11T13:00:00.000000000,0.782,0.0,0.0,0.245,0.34201393889098336,0.0
274835,2025-10-11T14:00:00.000000000,0.7829999999999999,0.0,0.0,0.236,0.0,0.0
274835,2025-10-11T15:00:00.000000000,0.577,0.0,0.0,0.164,0.3232573903999611,0.0
274835,2025-10-11T16:00:00.000000000,0.7610000000000001,0.0,0.0,0.063,0.34172086782081107,0.0
274835,2025-10-11T17:00:00.000000000,0.814,0.008,0.0,0.003,0.6843209488521389,0.0
274835,2025-10-11T18:00:00.000000000,1.029,0.132,0.0,0.0,0.0,0.0
274835,2025-10-11T19:00:00.000000000,1.2530000000000001,0.323,0.0,0.0,0.7737076252546667,0.0
274835,2025-10-11T20:00:00.000000000,1.375,0.507,0.0,0.0,0.0,0.0
274835,2025-10-11T21:00:00.000000000,1.179,0.7409999999999999,0.0,0.0,0.3232573903999611,0.0
274835,2025-10-11T22:00:00.000000000,1.176,0.896,0.0,0.0,0.3323425935753,0.0
274835,2025-10-11T23:00:00.000000000,1.285,1.0190000000000001,0.0,0.0,0.0,0.0
274835,2025-10-12T00:00:00.000000000,1.374,1.11,0.0,0.0,0.33263566464547223,0.0
274835,2025-10-12T01:00:00.000000000,1.4049999999999998,1.142,0.0,0.0,0.16236137287541114,0.0
274835,2025-10-12T02:00:00.000000000,1.4459999999999997,1.1849999999999998,0.0,0.0,0.16089601752455002,0.0
274835,2025-10-12T03:00:00.000000000,1.505,1.242,0.0,0.0,0.3235504614701334,0.0
274835,2025-10-12T04:00:00.000000000,1.5350000000000001,1.278,0.0,0.0,0.0,0.0
274835,2025-10-12T05:00:00.000000000,1.708,1.288,0.0,0.0,0.6972160759397167,0.0
274835,2025-10-12T06:00:00.000000000,1.778,1.2389999999999999,0.0,0.0,0.33263566464547223,0.0
274835,2025-10-12T07:00:00.000000000,1.6309999999999998,1.063,0.0,0.0,0.0,0.0
274835,2025-10-12T08:00:00.000000000,1.3479999999999999,0.782,0.0,0.0,0.686958588483689,0.0
274835,2025-10-12T09:00:00.000000000,1.0819999999999999,0.527,0.0,0.0,0.0,0.0
274835,2025-10-12T10:00:00.000000000,0.813,0.27099999999999996,0.0,0.0,0.3235504614701334,0.0
274835,2025-10-12T11:00:00.000000000,0.5900000000000001,0.044,0.0,0.005,0.0,0.0
274835,2025-10-12T12:00:00.000000000,0.5229999999999999,0.0,0.0,0.057999999999999996,0.7496757975005444,0.0
274835,2025-10-12T13:00:00.000000000,0.354,0.0,0.0,0.106,0.6743565324662835,0.0
274835,2025-10-12T14:00:00.000000000,0.39,0.0,0.0,0.14200000000000002,0.0,0.0
274835,2025-10-12T15:00:00.000000000,0.391,0.0,0.0,0.137,0.34201393889098336,0.0
274835,2025-10-12T16:00:00.000000000,0.83,0.0,0.0,0.178,1.4542186501945666,0.0
274835,2025-10-12T17:00:00.000000000,0.885,0.0,0.0,0.082,0.0,0.0
274835,2025-10-12T18:00:00.000000000,0.9179999999999999,0.0,0.0,0.022000000000000002,0.3232573903999611,0.0
274835,2025-10-12T19:00:00.000000000,0.99,0.061,0.0,0.0,0.0,0.0
274835,2025-10-12T20:00:00.000000000,1.053,0.184,0.0,0.0,0.3232573903999611,0.0
274835,2025-10-12T21:00:00.000000000,1.005,0.40099999999999997,0.0,0.0,0.36340812701355557,0.0
274835,2025-10-12T22:00:00.000000000,0.856,0.5780000000000001,0.0,0.0,0.3232573903999611,0.0
274835,2025-10-12T23:00:00.000000000,0.981,0.718,0.0,0.0,0.3232573903999611,0.0
274835,2025-10-13T00:00:00.000000000,1.124,0.862,0.0,0.0,0.0,0.0
274835,2025-10-13T01:00:00.000000000,1.227,0.967,0.0,0.0,0.3235504614701334,0.0
274835,2025-10-13T02:00:00.000000000,1.318,1.056,0.0,0.0,0.0,0.0
274835,2025-10-13T03:00:00.000000000,1.388,1.1280000000000001,0.0,0.0,0.3235504614701334,0.0
274835,2025-10-13T04:00:00.000000000,1.452,1.192,0.0,0.0,0.0,0.0
274835,2025-10-13T05:00:00.000000000,1.5070000000000001,1.244,0.0,0.0,0.3235504614701334,0.0
274835,2025-10-13T06:00:00.000000000,1.477,1.215,0.0,0.0,0.33468716213667776,0.0
274835,2025-10-13T07:00:00.000000000,1.392,0.899,0.0,0.0,0.7092319898167778,0.0
274835,2025-10-13T08:00:00.000000000,0.9079999999999999,0.34299999999999997,0.0,0.0,0.6708396796242166,0.0
274835,2025-10-13T09:00:00.000000000,0.6539999999999999,0.007,0.0,0.092,0.3232573903999611,0.0
274835,2025-10-13T10:00:00.000000000,0.894,0.0,0.0,0.34800000000000003,0.36340812701355557,0.0
274835,2025-10-13T11:00:00.000000000,1.112,0.0,0.0,0.5700000000000001,0.3323425935753,0.0
274835,2025-10-13T12:00:00.000000000,1.24,0.0,0.0,0.6990000000000001,0.3522714263470111,0.0
274835,2025-10-13T13:00:00.000000000,1.363,0.0,0.0,0.823,0.3232573903999611,0.0
274835,2025-10-13T14:00:00.000000000,1.3610000000000002,0.0,0.0,0.883,0.34201393889098336,0.0
274835,2025-10-13T15:00:00.000000000,1.2630000000000001,0.0,0.0,0.7509999999999999,0.7479173710795112,0.0
274835,2025-10-13T16:00:00.000000000,1.2710000000000001,0.0,0.0,0.5700000000000001,0.0,0.0
274835,2025-10-13T17:00:00.000000000,1.145,0.0,0.0,0.341,0.3232573903999611,0.0
274835,2025-10-13T18:00:00.000000000,1.057,0.0,0.0,0.163,0.0,0.0
274835,2025-10-13T19:00:00.000000000,0.965,0.0,0.0,0.03900000000000001,0.6652713292909445,0.0
274835,2025-10-13T20:00:00.000000000,0.954,0.089,0.0,0.0,0.0,0.0
274835,2025-10-13T21:00:00.000000000,0.7190000000000001,0.28600000000000003,0.0,0.0,0.34201393889098336,0.0
274835,2025-10-13T22:00:00.000000000,0.6699999999999999,0.392,0.0,0.0,0.3323425935753,0.0
274835,2025-10-13T23:00:00.000000000,0.7190000000000001,0.455,0.0,0.0,0.0,0.0
274835,2025-10-14T00:00:00.000000000,0.7489999999999999,0.488,0.0,0.0,0.3232573903999611,0.0
274835,2025-10-14T01:00:00.000000000,0.774,0.513,0.0,0.0,0.0,0.0
274835,2025-10-14T02:00:00.000000000,0.7990000000000002,0.538,0.0,0.0,0.3232573903999611,0.0
274835,2025-10-14T03:00:00.000000000,0.843,0.583,0.0,0.0,0.0,0.0
274835,2025-10-14T04:00:00.000000000,0.882,0.622,0.0,0.0,0.3232573903999611,0.0
274835,2025-10-14T05:00:00.000000000,0.892,0.632,0.0,0.0,0.0,0.0
274835,2025-10-14T06:00:00.000000000,0.888,0.628,0.0,0.0,0.3232573903999611,0.0
274835,2025-10-14T07:00:00.000000000,0.81,0.552,0.0,0.0,0.0,0.0
274835,2025-10-14T08:00:00.000000000,0.667,0.4109999999999999,0.0,0.0,0.3232573903999611,0.0
274835,2025-10-14T09:00:00.000000000,0.444,0.191,0.0,0.0,0.0,0.0
274835,2025-10-14T10:00:00.000000000,0.29500000000000004,0.005,0.0,0.040999999999999995,0.3232573903999611,0.0
274835,2025-10-14T11:00:00.000000000,0.6160000000000001,0.0,0.0,0.22100000000000003,0.8021355190613723,0.0
274835,2025-10-14T12:00:00.000000000,0.577,0.0,0.0,0.326,0.3232573903999611,0.0
274835,2025-10-14T13:00:00.000000000,0.59,0.0,0.0,0.33999999999999997,0.0,0.0
274835,2025-10-14T14:00:00.000000000,0.626,0.0,0.0,0.378,0.3232573903999611,0.0
274835,2025-10-14T15:00:00.000000000,0.598,0.0,0.0,0.34400000000000003,0.3323425935753,0.0
274835,2025-10-14T16:00:00.000000000,0.522,0.0,0.0,0.235,0.3232573903999611,0.0
274835,2025-10-14T17:00:00.000000000,0.404,0.0,0.0,0.126,0.0,0.0
274835,2025-10-14T18:00:00.000000000,0.321,0.0,0.0,0.046,0.3232573903999611,0.0
274835,2025-10-14T19:00:00.000000000,0.294,0.007,0.0,0.005,0.0,0.0
274835,2025-10-14T20:00:00.000000000,0.984,0.0,0.0,0.07900000000000001,1.4542186501945666,0.0
274835,2025-10-14T21:00:00.000000000,0.6990000000000001,0.011000000000000001,0.0,0.003,0.3546159949083889,0.0
274835,2025-10-14T22:00:00.000000000,0.456,0.016,0.0,0.0,0.3232573903999611,0.0
274835,2025-10-14T23:00:00.000000000,0.313,0.048,0.0,0.0,0.5155120124329389,0.0
274835,2025-10-15T00:00:00.000000000,0.33499999999999996,0.07400000000000001,0.0,0.0,0.5401299823274055,0.0
274835,2025-10-15T01:00:00.000000000,0.373,0.111,0.0,0.0,0.6901823702555834,0.0
274835,2025-10-15T02:00:00.000000000,0.396,0.136,0.0,0.0,0.0,0.0
274835,2025-10-15T03:00:00.000000000,0.498,0.239,0.0,0.0,0.3232573903999611,0.0
274835,2025-10-15T04:00:00.000000000,0.632,0.376,0.0,0.0,0.0,0.0
274835,2025-10-15T05:00:00.000000000,0.7,0.445,0.0,0.0,0.3232573903999611,0.0
274835,2025-10-15T06:00:00.000000000,0.8510000000000001,0.519,0.0,0.0,0.33468716213667776,0.0
274835,2025-10-15T07:00:00.000000000,1.106,0.539,0.0,0.0,1.188403189548361,0.0
274835,2025-10-15T08:00:00.000000000,0.717,0.45999999999999996,0.0,0.0,0.0,0.0
274835,2025-10-15T09:00:00.000000000,0.7300000000000001,0.176,0.0,0.0,0.3232573903999611,0.0
274835,2025-10-15T10:00:00.000000000,0.5790000000000001,0.023,0.0,0.011,0.0,0.0
274835,2025-10-15T11:00:00.000000000,0.622,0.0,0.0,0.08,0.3232573903999611,0.0
274835,2025-10-15T12:00:00.000000000,0.653,0.0,0.0,0.168,0.9032450382707888,0.0
274835,2025-10-15T13:00:00.000000000,0.7670000000000001,0.0,0.0,0.21099999999999997,0.9261045817442222,0.0
274835,2025-10-15T14:00:00.000000000,0.718,0.0,0.0,0.17,0.0,0.0
274835,2025-10-15T15:00:00.000000000,0.7250000000000001,0.0,0.0,0.137,0.3323425935753,0.0
274835,2025-10-15T16:00:00.000000000,0.77,0.049,0.0,0.023,0.7646224220793277,0.0
274835,2025-10-15T17:00:00.000000000,0.861,0.196,0.0,0.0,1.1130839245141,0.0
274835,2025-10-15T18:00:00.000000000,1.0350000000000001,0.435,0.0,0.0,0.6849070909924834,0.0
274835,2025-10-15T19:00:00.000000000,1.576,0.645,0.0,0.0,0.34230700996115554,0.0
274835,2025-10-15T20:00:00.000000000,1.668,0.7989999999999999,0.0,0.0,0.0,0.0
274835,2025-10-15T21:00:00.000000000,1.612,0.9229999999999999,0.0,0.0,0.3232573903999611,0.0
274835,2025-10-15T22:00:00.000000000,1.4859999999999998,1.0030000000000001,0.0,0.0,0.0,0.0
274835,2025-10-15T23:00:00.000000000,1.412,1.052,0.0,0.0,0.32325739039996115,0.0
274835,2025-10-16T00:00:00.000000000,1.4049999999999998,1.104,0.0,0.0,0.0,0.0
274835,2025-10-16T01:00:00.000000000,1.426,1.1569999999999998,0.0,0.0,0.34230700996115554,0.0
274835,2025-10-16T02:00:00.000000000,1.443,1.1809999999999998,0.0,0.0,0.3232573903999611,0.0
274835,2025-10-16T03:00:00.000000000,1.462,1.202,0.0,0.0,0.0,0.0
274835,2025-10-16T04:00:00.000000000,1.478,1.2209999999999999,0.0,0.0,0.3235504614701334,0.0
274835,2025-10-16T05:00:00.000000000,1.5,1.242,0.0,0.0,0.3235504614701334,0.0
274835,2025-10-16T06:00:00.000000000,1.4929999999999999,1.2329999999999999,0.0,0.0,0.0,0.0
274835,2025-10-16T07:00:00.000000000,1.58,1.1649999999999998,0.0,0.0,0.3235504614701334,0.0
274835,2025-10-16T08:00:00.000000000,1.339,1.081,0.0,0.0,0.0,0.0
274835,2025-10-16T09:00:00.000000000,1.164,0.9099999999999999,0.0,0.0,0.3235504614701334,0.0
274835,2025-10-16T10:00:00.000000000,1.033,0.7809999999999999,0.0,0.0,0.0,0.0
274835,2025-10-16T11:00:00.000000000,0.9209999999999999,0.671,0.0,0.0,0.3235504614701334,0.0
274835,2025-10-16T12:00:00.000000000,0.981,0.44299999999999995,0.0,0.0,0.0,0.0
274835,2025-10-16T13:00:00.000000000,0.5519999999999999,0.23199999999999998,0.0,0.0,0.3232573903999611,0.0
274835,2025-10-16T14:00:00.000000000,0.633,0.157,0.0,0.0,0.0,0.0
274835,2025-10-16T15:00:00.000000000,0.767,0.181,0.0,0.0,0.3232573903999611,0.0
274835,2025-10-16T16:00:00.000000000,1.095,0.39599999999999996,0.0,0.0,1.124806767320989,0.0
274835,2025-10-16T17:00:00.000000000,0.966,0.5780000000000001,0.0,0.0,0.3232573903999611,0.0
274835,2025-10-16T18:00:00.000000000,1.0510000000000002,0.7729999999999999,0.0,0.0,1.1151354220053056,0.0
274835,2025-10-16T19:00:00.000000000,1.195,0.906,0.0,0.0,0.0,0.0
274835,2025-10-16T20:00:00.000000000,1.546,0.975,0.0,0.0,1.1268582648121945,0.0
274835,2025-10-16T21:00:00.000000000,1.679,0.99,0.0,0.0,0.0,0.0
274835,2025-10-16T22:00:00.000000000,1.53,1.046,0.0,0.0,1.0553489236901723,0.0
274835,2025-10-16T23:00:00.000000000,1.466,1.107,0.0,0.0,0.3672180509257944,0.0
274835,2025-10-17T00:00:00.000000000,1.455,1.161,0.0,0.0,0.3235504614701334,0.0
274835,2025-10-17T01:00:00.000000000,1.4389999999999998,1.176,0.0,0.0,0.0,0.0
274835,2025-10-17T02:00:00.000000000,1.4540000000000002,1.1929999999999998,0.0,0.0,0.3235504614701334,0.0
274835,2025-10-17T03:00:00.000000000,1.496,1.2329999999999999,0.0,0.0,0.0,0.0
274835,2025-10-17T04:00:00.000000000,1.5610000000000002,1.303,0.0,0.0,0.3235504614701334,0.0
274835,2025-10-17T05:00:00.000000000,1.633,1.376,0.0,0.0,0.3235504614701334,0.0
274835,2025-10-17T06:00:00.000000000,1.643,1.384,0.0,0.0,0.0,0.0
274835,2025-10-17T07:00:00.000000000,1.601,1.264,0.0,0.0,0.32355046147013333,0.0
274835,2025-10-17T08:00:00.000000000,1.605,1.0379999999999998,0.0,0.0,0.0,0.0
274835,2025-10-17T09:00:00.000000000,1.291,0.718,0.0,0.0,0.8516645299204779,0.0
274835,2025-10-17T10:00:00.000000000,0.9129999999999999,0.308,0.0,0.0,1.7338084511388665,0.0
274835,2025-10-17T11:00:00.000000000,0.581,0.258,0.0,0.0,0.32355046147013333,0.0
274835,2025-10-17T12:00:00.000000000,0.37000000000000005,0.12199999999999998,0.0,0.0,0.3426000810313278,0.0
274835,2025-10-17T13:00:00.000000000,0.516,0.0,0.0,0.052000000000000005,0.3235504614701334,0.0
274835,2025-10-17T14:00:00.000000000,0.688,0.0,0.0,0.14100000000000001,0.3235504614701334,0.0
274835,2025-10-17T15:00:00.000000000,0.75,0.0,0.0,0.164,0.0,0.0
274835,2025-10-17T16:00:00.000000000,0.7669999999999999,0.009,0.0,0.059000000000000004,0.32325739039996115,0.0
274835,2025-10-17T17:00:00.000000000,1.084,0.28099999999999997,0.0,0.0,0.35285756848735556,0.0
274835,2025-10-17T18:00:00.000000000,1.7069999999999999,0.811,0.0,0.0,0.3235504614701334,0.0
274835,2025-10-17T19:00:00.000000000,2.2720000000000002,1.338,0.0,0.0,0.33263566464547223,0.0
274835,2025-10-17T20:00:00.000000000,2.8329999999999997,1.9420000000000002,0.0,0.0,0.3757171119607889,0.0
274835,2025-10-17T21:00:00.000000000,3.2249999999999996,2.495,0.0,0.0,0.6661505425014611,0.0
274835,2025-10-17T22:00:00.000000000,3.29,2.759,0.0,0.0,0.35285756848735556,0.0
274835,2025-10-17T23:00:00.000000000,3.415,3.002,0.0,0.0,0.0,0.0
274835,2025-10-18T00:00:00.000000000,3.5700000000000003,3.227,0.0,0.0,0.3235504614701334,0.0
274835,2025-10-18T01:00:00.000000000,3.644,3.3179999999999996,0.0,0.0,0.0,0.0
274835,2025-10-18T02:00:00.000000000,3.732,3.4029999999999996,0.0,0.0,0.3329287357156444,0.0
274835,2025-10-18T03:00:00.000000000,3.782,3.4530000000000003,0.0,0.0,0.3235504614701334,0.0
274835,2025-10-18T04:00:00.000000000,3.803,3.4759999999999995,0.0,0.0,0.0,0.0
274835,2025-10-18T05:00:00.000000000,3.7729999999999997,3.447,0.0,0.0,0.3235504614701334,0.0
274835,2025-10-18T06:00:00.000000000,3.5260000000000002,3.2049999999999996,0.0,0.0,0.0,0.0
274835,2025-10-18T07:00:00.000000000,2.2580000000000005,1.641,0.0,0.0,1.454511721264739,0.0
274835,2025-10-18T08:00:00.000000000,1.4579999999999997,0.892,0.0,0.0,0.3235504614701334,0.0
274835,2025-10-18T09:00:00.000000000,0.9319999999999999,0.377,0.0,0.0,0.0,0.0
274835,2025-10-18T10:00:00.000000000,0.614,0.068,0.0,0.001,0.3235504614701334,0.0
274835,2025-10-18T11:00:00.000000000,0.606,0.0,0.0,0.065,0.3426000810313278,0.0
274835,2025-10-18T12:00:00.000000000,0.688,0.0,0.0,0.15000000000000002,0.3235504614701334,0.0
274835,2025-10-18T13:00:00.000000000,0.746,0.0,0.0,0.21,0.0,0.0
274835,2025-10-18T14:00:00.000000000,0.7909999999999999,0.0,0.0,0.242,0.3235504614701334,0.0
274835,2025-10-18T15:00:00.000000000,0.802,0.0,0.0,0.21599999999999997,0.0,0.0
274835,2025-10-18T16:00:00.000000000,0.782,0.0,0.0,0.083,0.6761149588873167,0.0
274835,2025-10-18T17:00:00.000000000,0.849,0.045,0.0,0.0,0.0,0.0
274835,2025-10-18T18:00:00.000000000,0.7060000000000001,0.29200000000000004,0.0,0.0,0.6767011010276611,0.0
274835,2025-10-18T19:00:00.000000000,0.785,0.496,0.0,0.0,0.0,0.0
274835,2025-10-18T20:00:00.000000000,1.171,0.602,0.0,0.0,0.3426000810313278,0.0
274835,2025-10-18T21:00:00.000000000,1.349,0.6599999999999999,0.0,0.0,0.6635129028699112,0.0
274835,2025-10-18T22:00:00.000000000,1.183,0.7010000000000001,0.0,0.0,0.3335148778559889,0.0
274835,2025-10-18T23:00:00.000000000,1.08,0.7229999999999999,0.0,0.0,0.7060082080448833,0.0
274835,2025-10-19T00:00:00.000000000,1.0230000000000001,0.742,0.0,0.0,0.6553069129050889,0.0
274835,2025-10-19T01:00:00.000000000,1.028,0.7670000000000001,0.0,0.0,0.0,0.0
274835,2025-10-19T02:00:00.000000000,1.0630000000000002,0.802,0.0,0.0,0.3235504614701334,0.0
274835,2025-10-19T03:00:00.000000000,1.1400000000000001,0.88,0.0,0.0,0.0,0.0
274835,2025-10-19T04:00:00.000000000,1.2449999999999999,0.988,0.0,0.0,0.3235504614701334,0.0
274835,2025-10-19T05:00:00.000000000,1.3030000000000002,1.045,0.0,0.0,0.0,0.0
274835,2025-10-19T06:00:00.000000000,1.335,1.077,0.0,0.0,0.3235504614701334,0.0
274835,2025-10-19T07:00:00.000000000,1.25,0.992,0.0,0.0,0.28662350662843333,0.0
274835,2025-10-19T08:00:00.000000000,1.02,0.7630000000000001,0.0,0.0,0.0369269548417,0.0
274835,2025-10-19T09:00:00.000000000,1.0030000000000001,0.525,0.0,0.0,0.33498023320685,0.0
274835,2025-10-19T10:00:00.000000000,0.8579999999999999,0.312,0.0,0.0,1.1494247372154556,0.0
274835,2025-10-19T11:00:00.000000000,0.663,0.123,0.0,0.0,0.8285119153768723,0.0
274835,2025-10-19T12:00:00.000000000,0.561,0.012,0.0,0.012,0.6069501863266722,0.0
274835,2025-10-19T13:00:00.000000000,0.609,0.0,0.0,0.075,0.0,0.0
274835,2025-10-19T14:00:00.000000000,0.7029999999999998,0.0,0.0,0.15500000000000003,0.6468078518700945,0.0
274835,2025-10-19T15:00:00.000000000,0.736,0.0,0.0,0.15,0.7083527766062612,0.0
274835,2025-10-19T16:00:00.000000000,0.744,0.006,0.0,0.04000000000000001,0.0,0.0
274835,2025-10-19T17:00:00.000000000,0.882,0.08,0.0,0.0,0.3235504614701334,0.0
274835,2025-10-19T18:00:00.000000000,1.1649999999999998,0.268,0.0,0.0,0.6561861261156057,0.0
274835,2025-10-19T19:00:00.000000000,1.403,0.47200000000000003,0.0,0.0,0.3426000810313278,0.0
274835,2025-10-19T20:00:00.000000000,1.5230000000000001,0.6539999999999999,0.0,0.0,0.0,0.0
274835,2025-10-19T21:00:00.000000000,1.5230000000000001,0.834,0.0,0.0,0.3329287357156444,0.0
274835,2025-10-19T22:00:00.000000000,1.253,0.973,0.0,0.0,0.25116190713759445,0.0
274835,2025-10-19T23:00:00.000000000,1.329,1.0630000000000002,0.0,0.0,0.8033078033420611,0.0
274835,2025-10-20T00:00:00.000000000,1.407,1.144,0.0,0.0,0.0,0.0
274835,2025-10-20T01:00:00.000000000,1.4779999999999998,1.216,0.0,0.0,0.3235504614701334,0.0
274835,2025-10-20T02:00:00.000000000,1.532,1.27,0.0,0.0,0.0,0.0
274835,2025-10-20T03:00:00.000000000,1.5579999999999998,1.296,0.0,0.0,0.3235504614701334,0.0
274835,2025-10-20T04:00:00.000000000,1.627,1.314,0.0,0.0,0.3235504614701334,0.0
274835,2025-10-20T05:00:00.000000000,1.5999999999999999,1.3210000000000002,0.0,0.0,0.0,0.0
274835,2025-10-20T06:00:00.000000000,1.518,1.257,0.0,0.0,0.3235504614701334,0.0
274835,2025-10-20T07:00:00.000000000,1.388,1.127,0.0,0.0,0.7795690466581111,0.0
274835,2025-10-20T08:00:00.000000000,1.166,0.9079999999999999,0.0,0.0,0.35344371062769997,0.0
274835,2025-10-20T09:00:00.000000000,0.877,0.622,0.0,0.0,0.0,0.0
274835,2025-10-20T10:00:00.000000000,0.589,0.34,0.0,0.0,0.3235504614701334,0.0
274835,2025-10-20T11:00:00.000000000,0.35000000000000003,0.1,0.0,0.0,0.0,0.0
274835,2025-10-20T12:00:00.000000000,0.264,0.012,0.0,0.004,0.3235504614701334,0.0
274835,2025-10-20T13:00:00.000000000,0.271,0.0,0.0,0.021,0.3235504614701334,0.0
274835,2025-10-20T14:00:00.000000000,0.266,0.0,0.0,0.017,0.0,0.0
274835,2025-10-20T15:00:00.000000000,0.271,0.015,0.0,0.002,0.3235504614701334,0.0
274835,2025-10-20T16:00:00.000000000,0.419,0.134,0.0,0.0,0.0,0.0
274835,2025-10-20T17:00:00.000000000,0.839,0.09,0.0,0.015,1.454511721264739,0.0
274835,2025-10-20T18:00:00.000000000,1.1189999999999998,0.222,0.0,0.0,0.0,0.0
274835,2025-10-20T19:00:00.000000000,1.242,0.31399999999999995,0.0,0.0,0.3235504614701334,0.0
274835,2025-10-20T20:00:00.000000000,1.246,0.381,0.0,0.0,0.049235939788933335,0.0
274835,2025-10-20T21:00:00.000000000,1.052,0.45,0.0,0.0,0.5990372674320223,0.0
274835,2025-10-20T22:00:00.000000000,0.7670000000000001,0.491,0.0,0.0,0.0,0.0
274835,2025-10-20T23:00:00.000000000,0.76,0.495,0.0,0.0,1.0796738225144666,0.0
274835,2025-10-21T00:00:00.000000000,0.7309999999999999,0.46799999999999997,0.0,0.0,0.3235504614701334,0.0
274835,2025-10-21T01:00:00.000000000,0.708,0.448,0.0,0.0,0.0,0.0
274835,2025-10-21T02:00:00.000000000,0.692,0.432,0.0,0.0,0.3235504614701334,0.0
274835,2025-10-21T03:00:00.000000000,0.674,0.414,0.0,0.0,0.0,0.0
274835,2025-10-21T04:00:00.000000000,0.664,0.406,0.0,0.0,0.3235504614701334,0.0
274835,2025-10-21T05:00:00.000000000,0.653,0.393,0.0,0.0,0.0,0.0
274835,2025-10-21T06:00:00.000000000,0.638,0.378,0.0,0.0,0.3235504614701334,0.0
274835,2025-10-21T07:00:00.000000000,0.593,0.332,0.0,0.0,0.3235504614701334,0.0
274835,2025-10-21T08:00:00.000000000,0.496,0.238,0.0,0.0,0.0,0.0
274835,2025-10-21T09:00:00.000000000,0.603,0.057999999999999996,0.0,0.028,1.454511721264739,0.0
274835,2025-10-21T10:00:00.000000000,0.567,0.018000000000000002,0.0,0.004,0.0,0.0
274835,2025-10-21T11:00:00.000000000,0.442,0.0,0.0,0.046,0.3235504614701334,0.0
274835,2025-10-21T12:00:00.000000000,0.374,0.0,0.0,0.124,0.0,0.0
274835,2025-10-21T13:00:00.000000000,0.402,0.0,0.0,0.154,0.6878378016942055,0.0
274835,2025-10-21T14:00:00.000000000,0.527,0.0,0.0,0.126,0.2760729481022333,0.0
274835,2025-10-21T15:00:00.000000000,0.46399999999999997,0.003,0.0,0.047,0.8358386921311778,0.0
274835,2025-10-21T16:00:00.000000000,0.349,0.063,0.0,0.0,0.0,0.0
274835,2025-10-21T17:00:00.000000000,0.638,0.083,0.0,0.0,0.3232573903999611,0.0
274835,2025-10-21T18:00:00.000000000,0.976,0.082,0.0,0.0,0.3426000810313278,0.0
274835,2025-10-21T19:00:00.000000000,1.02,0.091,0.0,0.0,0.6816833092205888,0.0
274835,2025-10-21T20:00:00.000000000,0.961,0.096,0.0,0.0,0.7593471428162278,0.0
274835,2025-10-21T21:00:00.000000000,0.8140000000000001,0.129,0.0,0.0,1.7894919544715888,0.0
274835,2025-10-21T22:00:00.000000000,0.619,0.139,0.0,0.0,0.5014446010646723,0.0
274835,2025-10-21T23:00:00.000000000,0.531,0.173,0.0,0.0,0.0,0.0
274835,2025-10-22T00:00:00.000000000,0.506,0.224,0.0,0.0,0.3426000810313278,0.0
274835,2025-10-22T01:00:00.000000000,0.537,0.276,0.0,0.0,0.3232573903999611,0.0
274835,2025-10-22T02:00:00.000000000,0.61,0.351,0.0,0.0,0.0,0.0
274835,2025-10-22T03:00:00.000000000,0.6819999999999999,0.423,0.0,0.0,0.3235504614701334,0.0
274835,2025-10-22T04:00:00.000000000,0.7850000000000001,0.529,0.0,0.0,0.0,0.0
274835,2025-10-22T05:00:00.000000000,0.864,0.607,0.0,0.0,0.3235504614701334,0.0
274835,2025-10-22T06:00:00.000000000,0.886,0.629,0.0,0.0,0.0,0.0
274835,2025-10-22T07:00:00.000000000,0.7290000000000001,0.472,0.0,0.0,0.3235504614701334,0.0
274835,2025-10-22T08:00:00.000000000,0.476,0.22,0.0,0.0,0.20485667805038332,0.0
274835,2025-10-22T09:00:00.000000000,0.53,0.015,0.0,0.037000000000000005,0.11840071234957779,0.0
274835,2025-10-22T10:00:00.000000000,0.494,0.0,0.0,0.168,0.3232573903999611,0.0
274835,2025-10-22T11:00:00.000000000,0.9159999999999999,0.0,0.0,0.407,1.1309612597946055,0.0
274835,2025-10-22T12:00:00.000000000,1.02,0.0,0.0,0.48,0.3232573903999611,0.0
274835,2025-10-22T13:00:00.000000000,1.4280000000000002,0.0,0.0,0.79,2.7900365880395555,0.0
274835,2025-10-22T14:00:00.000000000,1.5810000000000002,0.0,0.0,0.923,3.188027101333433,0.0
274835,2025-10-22T15:00:00.000000000,1.149,0.0,0.0,0.5609999999999999,0.3426000810313278,0.0
274835,2025-10-22T16:00:00.000000000,1.025,0.0,0.0,0.326,0.36458041129424446,0.0
274835,2025-10-22T17:00:00.000000000,0.8909999999999999,0.0,0.0,0.08700000000000001,0.7534857214127834,0.0
274835,2025-10-22T18:00:00.000000000,1.066,0.16899999999999998,0.0,0.0,0.33146338036478334,0.0
274835,2025-10-22T19:00:00.000000000,1.441,0.511,0.0,0.0,0.6661505425014611,0.0
274835,2025-10-22T20:00:00.000000000,1.637,0.7679999999999999,0.0,0.0,0.3428931521015,0.0
274835,2025-10-22T21:00:00.000000000,1.3960000000000001,0.956,0.0,0.0,0.0,0.0
274835,2025-10-22T22:00:00.000000000,1.224,0.944,0.0,0.0,0.3329287357156444,0.0
274835,2025-10-22T23:00:00.000000000,1.218,0.952,0.0,0.0,0.0,0.0
274835,2025-10-23T00:00:00.000000000,1.233,0.97,0.0,0.0,0.3235504614701334,0.0
274835,2025-10-23T01:00:00.000000000,1.282,1.021,0.0,0.0,0.0,0.0
274835,2025-10-23T02:00:00.000000000,1.349,1.088,0.0,0.0,0.3235504614701334,0.0
274835,2025-10-23T03:00:00.000000000,1.4009999999999998,1.14,0.0,0.0,0.17760106852436666,0.0
274835,2025-10-23T04:00:00.000000000,1.4449999999999998,1.187,0.0,0.0,0.14594939294576667,0.0
274835,2025-10-23T05:00:00.000000000,1.4789999999999999,1.222,0.0,0.0,0.3235504614701334,0.0
274835,2025-10-23T06:00:00.000000000,1.454,1.1949999999999998,0.0,0.0,0.0,0.0
274835,2025-10-23T07:00:00.000000000,1.4419999999999997,0.8720000000000001,0.0,0.0,2.5851799099891726,0.0
274835,2025-10-23T08:00:00.000000000,1.3019999999999998,0.7360000000000001,0.0,0.0,0.29717406515463335,0.0
274835,2025-10-23T09:00:00.000000000,0.959,0.40499999999999997,0.0,0.0,1.0278002430939832,0.0
274835,2025-10-23T10:00:00.000000000,0.615,0.062,0.0,0.009,0.07473312289391666,0.0
274835,2025-10-23T11:00:00.000000000,0.698,0.0,0.0,0.158,1.6933646434551,0.0
274835,2025-10-23T12:00:00.000000000,0.92,0.0,0.0,0.382,0.3232573903999611,0.0
274835,2025-10-23T13:00:00.000000000,1.0750000000000002,0.0,0.0,0.538,0.0,0.0
274835,2025-10-23T14:00:00.000000000,1.1649999999999998,0.0,0.0,0.616,0.32325739039996115,0.0
274835,2025-10-23T15:00:00.000000000,1.181,0.0,0.0,0.594,0.35344371062769997,0.0
274835,2025-10-23T16:00:00.000000000,1.205,0.0,0.0,0.467,1.5565004536846723,0.0
274835,2025-10-23T17:00:00.000000000,0.995,0.0,0.0,0.19199999999999998,0.5779361503796222,0.0
274835,2025-10-23T18:00:00.000000000,0.947,0.024,0.0,0.027,0.0,0.0
274835,2025-10-23T19:00:00.000000000,1.2140000000000002,0.28400000000000003,0.0,0.0,0.3426000810313278,0.0
274835,2025-10-23T20:00:00.000000000,1.479,0.611,0.0,0.0,0.7801551887984556,0.0
274835,2025-10-23T21:00:00.000000000,1.5919999999999999,0.903,0.0,0.0,0.0,0.0
274835,2025-10-23T22:00:00.000000000,1.537,1.054,0.0,0.0,0.3235504614701334,0.0
274835,2025-10-23T23:00:00.000000000,1.5390000000000001,1.1809999999999998,0.0,0.0,0.3235504614701334,0.0
274835,2025-10-24T00:00:00.000000000,1.567,1.285,0.0,0.0,0.0,0.0
274835,2025-10-24T01:00:00.000000000,1.6019999999999999,1.34,0.0,0.0,0.3235504614701334,0.0
274835,2025-10-24T02:00:00.000000000,1.648,1.387,0.0,0.0,0.0,0.0
274835,2025-10-24T03:00:00.000000000,1.682,1.4209999999999998,0.0,0.0,0.3235504614701334,0.0
274835,2025-10-24T04:00:00.000000000,1.682,1.424,0.0,0.0,0.0,0.0
274835,2025-10-24T05:00:00.000000000,1.686,1.4289999999999998,0.0,0.0,0.3235504614701334,0.0
274835,2025-10-24T06:00:00.000000000,1.597,1.338,0.0,0.0,0.0,0.0
274835,2025-10-24T07:00:00.000000000,1.412,1.1520000000000001,0.0,0.0,0.3235504614701334,0.0
274835,2025-10-24T08:00:00.000000000,1.3399999999999999,0.8519999999999999,0.0,0.0,0.0,0.0
274835,2025-10-24T09:00:00.000000000,1.0210000000000001,0.466,0.0,0.0,0.3235504614701334,0.0
274835,2025-10-24T10:00:00.000000000,0.649,0.105,0.0,0.0,0.0,0.0
274835,2025-10-24T11:00:00.000000000,0.34500000000000003,0.0,0.0,0.024,0.3235504614701334,0.0
274835,2025-10-24T12:00:00.000000000,0.296,0.0,0.0,0.047999999999999994,0.7546580056934723,0.0
274835,2025-10-24T13:00:00.000000000,0.315,0.0,0.0,0.067,0.3329287357156444,0.0
274835,2025-10-24T14:00:00.000000000,0.595,0.0,0.0,0.11800000000000001,0.3329287357156444,0.0
274835,2025-10-24T15:00:00.000000000,0.7169999999999999,0.0,0.0,0.129,0.0,0.0
274835,2025-10-24T16:00:00.000000000,0.7429999999999999,0.003,0.0,0.040999999999999995,0.3232573903999611,0.0
274835,2025-10-24T17:00:00.000000000,0.852,0.048,0.0,0.0,0.0,0.0
274835,2025-10-24T18:00:00.000000000,1.1949999999999998,0.156,0.0,0.0,0.7063012791150556,0.0
274835,2025-10-24T19:00:00.000000000,1.349,0.32,0.0,0.0,2.4585732076747724,0.0
274835,2025-10-24T20:00:00.000000000,1.2919999999999998,0.332,0.0,0.0,1.5342270523515833,0.0
274835,2025-10-24T21:00:00.000000000,0.794,0.357,0.0,0.0,0.3232573903999611,0.0
274835,2025-10-24T22:00:00.000000000,0.669,0.389,0.0,0.0,0.0,0.0
274835,2025-10-24T23:00:00.000000000,0.662,0.398,0.0,0.0,0.3235504614701334,0.0
274835,2025-10-25T00:00:00.000000000,0.663,0.401,0.0,0.0,0.0,0.0
274835,2025-10-25T01:00:00.000000000,0.638,0.377,0.0,0.0,0.3235504614701334,0.0
274835,2025-10-25T02:00:00.000000000,0.599,0.339,0.0,0.0,0.0,0.0
274835,2025-10-25T03:00:00.000000000,0.582,0.323,0.0,0.0,0.3232573903999611,0.0
274835,2025-10-25T04:00:00.000000000,0.583,0.32899999999999996,0.0,0.0,0.0,0.0
274835,2025-10-25T05:00:00.000000000,0.657,0.137,0.0,0.007,3.1135870495096887,0.0
274835,2025-10-25T06:00:00.000000000,0.712,0.0,0.0,0.022,4.523845039178422,0.0
274835,2025-10-25T07:00:00.000000000,0.7690000000000001,0.0,0.0,0.048,4.847102429578383,0.0
274835,2025-10-25T08:00:00.000000000,0.7999999999999999,0.0,0.0,0.158,4.523845039178422,0.0
274835,2025-10-25T09:00:00.000000000,0.66,0.0,0.0,0.084,1.0020099889188279,0.0
274835,2025-10-25T10:00:00.000000000,0.35,0.0,0.0,0.101,0.3329287357156444,0.0
274835,2025-10-25T11:00:00.000000000,0.692,0.0,0.0,0.224,0.3329287357156444,0.0
274835,2025-10-25T12:00:00.000000000,0.739,0.0,0.0,0.32799999999999996,0.8513714588503055,0.0
274835,2025-10-25T13:00:00.000000000,1.0579999999999998,0.0,0.0,0.5820000000000001,4.888718521542839,0.0
274835,2025-10-25T14:00:00.000000000,1.473,0.0,0.0,0.7120000000000001,4.318988361128039,0.0
274835,2025-10-25T15:00:00.000000000,1.037,0.0,0.0,0.4129999999999999,1.1532346611276945,0.0
274835,2025-10-25T16:00:00.000000000,0.8919999999999999,0.0,0.0,0.193,0.23269842971674445,0.0
274835,2025-10-25T17:00:00.000000000,0.879,0.066,0.0,0.011,0.42407383853920555,0.0
274835,2025-10-25T18:00:00.000000000,1.304,0.40700000000000003,0.0,0.0,0.33029109608409446,0.0
274835,2025-10-25T19:00:00.000000000,1.6320000000000001,0.7010000000000001,0.0,0.0,0.3569605634697667,0.0
274835,2025-10-25T20:00:00.000000000,1.768,0.898,0.0,0.0,0.3294118828735778,0.0
274835,2025-10-25T21:00:00.000000000,1.637,1.1969999999999998,0.0,0.0,0.3235504614701334,0.0
274835,2025-10-25T22:00:00.000000000,1.8900000000000001,1.598,0.0,0.0,0.3329287357156444,0.0
274835,2025-10-25T23:00:00.000000000,2.391,2.095,0.0,0.0,0.0,0.0
274835,2025-10-26T00:00:00.000000000,2.567,2.269,0.0,0.0,0.3232573903999611,0.0
274835,2025-10-26T01:00:00.000000000,2.713,2.409,0.0,0.0,0.0,0.0
274835,2025-10-26T02:00:00.000000000,2.8369999999999997,2.532,0.0,0.0,0.3235504614701334,0.0
274835,2025-10-26T03:00:00.000000000,2.939,2.634,0.0,0.0,0.3235504614701334,0.0
274835,2025-10-26T04:00:00.000000000,3.087,2.779,0.0,0.0,0.0,0.0
274835,2025-10-26T05:00:00.000000000,3.2749999999999995,2.9619999999999997,0.0,0.0,0.3235504614701334,0.0
274835,2025-10-26T06:00:00.000000000,3.2849999999999997,2.9699999999999998,0.0,0.0,0.15239695648955556,0.0
274835,2025-10-26T07:00:00.000000000,2.7510000000000003,2.2249999999999996,0.0,0.0,0.8830231344289055,0.0
274835,2025-10-26T08:00:00.000000000,1.686,1.121,0.0,0.0,0.053925076911688886,0.0
274835,2025-10-26T09:00:00.000000000,1.1969999999999998,0.642,0.0,0.0,0.2696253845584445,0.0
274835,2025-10-26T10:00:00.000000000,0.774,0.23,0.0,0.0,0.3235504614701334,0.0
274835,2025-10-26T11:00:00.000000000,0.5660000000000001,0.025,0.0,0.001,0.0,0.0
274835,2025-10-26T12:00:00.000000000,0.552,0.0,0.0,0.015000000000000001,0.32355046147013333,0.0
274835,2025-10-26T13:00:00.000000000,0.608,0.0,0.0,0.072,0.0,0.0
274835,2025-10-26T14:00:00.000000000,0.718,0.0,0.0,0.171,0.3235504614701334,0.0
274835,2025-10-26T15:00:00.000000000,0.7870000000000001,0.0,0.0,0.2,0.0,0.0
274835,2025-10-26T16:00:00.000000000,0.7989999999999999,0.049,0.0,0.051,0.6658574714312888,0.0
274835,2025-10-26T17:00:00.000000000,1.118,0.314,0.0,0.0,0.3329287357156444,0.0
274835,2025-10-26T18:00:00.000000000,1.5490000000000002,0.652,0.0,0.0,0.10404022991113888,0.0
274835,2025-10-26T19:00:00.000000000,2.003,1.072,0.0,0.0,0.22595779510278335,0.0
274835,2025-10-26T20:00:00.000000000,2.386,1.5070000000000001,0.0,0.0,0.3329287357156444,0.0
274835,2025-10-26T21:00:00.000000000,2.623,1.91,0.0,0.0,0.3332218067858167,0.0
274835,2025-10-26T22:00:00.000000000,2.676,2.201,0.0,0.0,0.0,0.0
274835,2025-10-26T23:00:00.000000000,2.843,2.534,0.0,0.0,0.3235504614701334,0.0
274835,2025-10-27T00:00:00.000000000,3.0869999999999997,2.7720000000000002,0.0,0.0,0.3235504614701334,0.0
274835,2025-10-27T01:00:00.000000000,3.273,2.9549999999999996,0.0,0.0,0.0,0.0
274835,2025-10-27T02:00:00.000000000,3.383,3.0629999999999997,0.0,0.0,0.3235504614701334,0.0
274835,2025-10-27T03:00:00.000000000,3.433,3.1130000000000004,0.0,0.0,0.20895967303279445,0.0
274835,2025-10-27T04:00:00.000000000,3.541,3.2169999999999996,0.0,0.0,0.11488385950751112,0.0
274835,2025-10-27T05:00:00.000000000,3.6780000000000004,3.2460000000000004,0.0,0.0,0.6802179538697277,0.0
274835,2025-10-27T06:00:00.000000000,3.471,3.1479999999999997,0.0,0.0,0.0,0.0
274835,2025-10-27T07:00:00.000000000,2.7339999999999995,2.435,0.0,0.0,0.32384353254030557,0.0
274835,2025-10-27T08:00:00.000000000,1.5459999999999998,1.288,0.0,0.0,0.3235504614701334,0.0
274835,2025-10-27T09:00:00.000000000,1.149,0.893,0.0,0.0,0.0,0.0
274835,2025-10-27T10:00:00.000000000,0.7320000000000001,0.48200000000000004,0.0,0.0,0.3235504614701334,0.0
274835,2025-10-27T11:00:00.000000000,0.36500000000000005,0.116,0.0,0.0,0.0,0.0
274835,2025-10-27T12:00:00.000000000,0.327,0.0,0.0,0.079,0.3235504614701334,0.0
274835,2025-10-27T13:00:00.000000000,0.527,0.0,0.0,0.207,0.0,0.0
274835,2025-10-27T14:00:00.000000000,0.7100000000000001,0.0,0.0,0.236,0.3235504614701334,0.0
274835,2025-10-27T15:00:00.000000000,0.391,0.0,0.0,0.13899999999999998,0.33556637534719447,0.0
274835,2025-10-27T16:00:00.000000000,0.678,0.051,0.0,0.015,0.6983883602204055,0.0
274835,2025-10-27T17:00:00.000000000,1.017,0.213,0.0,0.0,1.5069714428255665,0.0
274835,2025-10-27T18:00:00.000000000,1.284,0.38899999999999996,0.0,0.0,0.3235504614701334,0.0
274835,2025-10-27T19:00:00.000000000,1.4649999999999999,0.537,0.0,0.0,0.3332218067858167,0.0
274835,2025-10-27T20:00:00.000000000,1.4699999999999998,0.604,0.0,0.0,1.0670717664970613,0.0
274835,2025-10-27T21:00:00.000000000,1.0779999999999998,0.643,0.0,0.0,0.34318622317167224,0.0
274835,2025-10-27T22:00:00.000000000,0.8969999999999999,0.619,0.0,0.0,0.3235504614701334,0.0
274835,2025-10-27T23:00:00.000000000,0.8240000000000001,0.56,0.0,0.0,0.0,0.0
274835,2025-10-28T00:00:00.000000000,0.7530000000000001,0.491,0.0,0.0,0.3332218067858167,0.0
274835,2025-10-28T01:00:00.000000000,0.675,0.41500000000000004,0.0,0.0,0.3235504614701334,0.0
274835,2025-10-28T02:00:00.000000000,0.611,0.35000000000000003,0.0,0.0,0.0,0.0
274835,2025-10-28T03:00:00.000000000,0.567,0.308,0.0,0.0,0.3235504614701334,0.0
274835,2025-10-28T04:00:00.000000000,0.531,0.272,0.0,0.0,0.0,0.0
274835,2025-10-28T05:00:00.000000000,0.605,0.236,0.0,0.0,0.6682020399926666,0.0
274835,2025-10-28T06:00:00.000000000,0.7529999999999999,0.21299999999999997,0.0,0.0,1.5817045657194835,0.0
274835,2025-10-28T07:00:00.000000000,0.726,0.159,0.0,0.0,0.6884239438345501,0.0
274835,2025-10-28T08:00:00.000000000,0.608,0.041999999999999996,0.0,0.0,2.559975797954361,0.0
274835,2025-10-28T09:00:00.000000000,0.567,0.006,0.0,0.006,2.0151566785042,0.0
274835,2025-10-28T10:00:00.000000000,0.677,0.003,0.0,0.073,2.3354833582024392,0.0
274835,2025-10-28T11:00:00.000000000,0.917,0.0,0.0,0.224,5.5718671861142886,0.0
274835,2025-10-28T12:00:00.000000000,0.8939999999999999,0.0,0.0,0.219,3.9957309707280775,0.0
274835,2025-10-28T13:00:00.000000000,0.5790000000000001,0.044,0.0,0.0,0.3235504614701334,0.0
274835,2025-10-28T14:00:00.000000000,0.414,0.165,0.0,0.0,0.26024711031293335,0.0
274835,2025-10-28T15:00:00.000000000,0.586,0.248,0.0,0.0,0.06301028008702778,0.0
274835,2025-10-28T16:00:00.000000000,1.0899999999999999,0.39099999999999996,0.0,0.0,0.3235504614701334,0.0
274835,2025-10-28T17:00:00.000000000,1.2229999999999999,0.42,0.0,0.0,0.0,0.0
274835,2025-10-28T18:00:00.000000000,1.24,0.486,0.0,0.0,0.8516645299204779,0.0
274835,2025-10-28T19:00:00.000000000,1.469,0.522,0.0,0.0,0.9263976528143945,0.0
274835,2025-10-28T20:00:00.000000000,1.335,0.608,0.0,0.0,0.0,0.0
274835,2025-10-28T21:00:00.000000000,1.0190000000000001,0.7230000000000001,0.0,0.0,0.3332218067858167,0.0
274835,2025-10-28T22:00:00.000000000,1.0190000000000001,0.7410000000000001,0.0,0.0,0.3235504614701334,0.0
274835,2025-10-28T23:00:00.000000000,1.034,0.7709999999999999,0.0,0.0,0.0,0.0
274835,2025-10-29T00:00:00.000000000,1.0710000000000002,0.8069999999999999,0.0,0.0,0.3235504614701334,0.0
274835,2025-10-29T01:00:00.000000000,1.1219999999999999,0.86,0.0,0.0,0.0,0.0
274835,2025-10-29T02:00:00.000000000,1.208,0.9460000000000001,0.0,0.0,0.32355046147013333,0.0
274835,2025-10-29T03:00:00.000000000,1.298,1.038,0.0,0.0,0.0,0.0
274835,2025-10-29T04:00:00.000000000,1.3719999999999999,1.115,0.0,0.0,0.3235504614701334,0.0
274835,2025-10-29T05:00:00.000000000,1.446,1.189,0.0,0.0,0.0,0.0
274835,2025-10-29T06:00:00.000000000,1.4569999999999999,1.198,0.0,0.0,0.3235504614701334,0.0
274835,2025-10-29T07:00:00.000000000,1.3230000000000002,1.063,0.0,0.0,0.1564999514719667,0.0
274835,2025-10-29T08:00:00.000000000,1.211,0.8,0.0,0.0,0.4964623928717445,0.0
274835,2025-10-29T09:00:00.000000000,1.142,0.587,0.0,0.0,1.0828976042863612,0.0
274835,2025-10-29T10:00:00.000000000,1.0110000000000001,0.46599999999999997,0.0,0.0,0.6810971670802445,0.0
274835,2025-10-29T11:00:00.000000000,0.9079999999999999,0.441,0.0,0.0,0.0,0.0
274835,2025-10-29T12:00:00.000000000,0.829,0.506,0.0,0.0,0.65677226825595,0.0
274835,2025-10-29T13:00:00.000000000,0.79,0.452,0.0,0.0,0.5281140684503445,0.0
274835,2025-10-29T14:00:00.000000000,0.962,0.39299999999999996,0.0,0.0,0.9460334145159334,0.0
274835,2025-10-29T15:00:00.000000000,1.044,0.458,0.0,0.0,0.6869585884836888,0.0
274835,2025-10-29T16:00:00.000000000,1.3210000000000002,0.6220000000000001,0.0,0.0,0.3235504614701334,0.0
274835,2025-10-29T17:00:00.000000000,1.5670000000000002,0.7630000000000001,0.0,0.0,0.3332218067858167,0.0
274835,2025-10-29T18:00:00.000000000,1.766,0.869,0.0,0.0,0.3235504614701334,0.0
274835,2025-10-29T19:00:00.000000000,1.9220000000000002,0.99,0.0,0.0,0.3543229238382167,0.0
274835,2025-10-29T20:00:00.000000000,1.836,1.103,0.0,0.0,0.0,0.0
274835,2025-10-29T21:00:00.000000000,1.56,1.2590000000000001,0.0,0.0,0.3332218067858167,0.0
274835,2025-10-29T22:00:00.000000000,1.61,1.328,0.0,0.0,0.3235504614701334,0.0
274835,2025-10-29T23:00:00.000000000,1.6549999999999998,1.388,0.0,0.0,0.0,0.0
274835,2025-10-30T00:00:00.000000000,1.7249999999999999,1.4609999999999999,0.0,0.0,0.3235504614701334,0.0
274835,2025-10-30T01:00:00.000000000,2.041,1.765,0.0,0.0,0.0,0.0
274835,2025-10-30T02:00:00.000000000,2.124,1.846,0.0,0.0,0.32384353254030557,0.0
274835,2025-10-30T03:00:00.000000000,2.216,1.939,0.0,0.0,0.32384353254030557,0.0
274835,2025-10-30T04:00:00.000000000,2.3249999999999997,2.0469999999999997,0.0,0.0,0.0,0.0
274835,2025-10-30T05:00:00.000000000,2.4219999999999997,2.141,0.0,0.0,0.32384353254030557,0.0
274835,2025-10-30T06:00:00.000000000,2.535,2.2489999999999997,0.0,0.0,0.0,0.0
274835,2025-10-30T07:00:00.000000000,2.284,2.006,0.0,0.0,0.32384353254030557,0.0
274835,2025-10-30T08:00:00.000000000,1.798,1.5350000000000001,0.0,0.0,0.0,0.0
274835,2025-10-30T09:00:00.000000000,1.436,1.181,0.0,0.0,0.32384353254030557,0.0
274835,2025-10-30T10:00:00.000000000,1.209,0.957,0.0,0.0,0.32384353254030557,0.0
274835,2025-10-30T11:00:00.000000000,0.989,0.738,0.0,0.0,0.0,0.0
274835,2025-10-30T12:00:00.000000000,0.8089999999999999,0.56,0.0,0.0,0.3235504614701334,0.0
274835,2025-10-30T13:00:00.000000000,0.632,0.382,0.0,0.0,0.0,0.0
274835,2025-10-30T14:00:00.000000000,0.7010000000000001,0.22299999999999998,0.0,0.0,0.3235504614701334,0.0
274835,2025-10-30T15:00:00.000000000,0.822,0.236,0.0,0.0,0.0,0.0
274835,2025-10-30T16:00:00.000000000,1.291,0.5920000000000001,0.0,0.0,0.3235504614701334,0.0
274835,2025-10-30T17:00:00.000000000,1.712,0.908,0.0,0.0,0.3434792942418444,0.0
274835,2025-10-30T18:00:00.000000000,2.127,1.2280000000000002,0.0,0.0,0.3434792942418444,0.0
274835,2025-10-30T19:00:00.000000000,2.742,1.794,0.0,0.0,1.0357131619886335,0.0
274835,2025-10-30T20:00:00.000000000,3.254,2.351,0.0,0.0,0.0,0.0
274835,2025-10-30T21:00:00.000000000,3.402,2.912,0.0,0.0,0.6904754413257556,0.0
274835,2025-10-30T22:00:00.000000000,3.479,3.141,0.0,0.0,0.6983883602204055,0.0
274835,2025-10-30T23:00:00.000000000,3.5980000000000003,3.27,0.0,0.0,0.0,0.0
274835,2025-10-31T00:00:00.000000000,3.7130000000000005,3.385,0.0,0.0,0.32384353254030557,0.0
274835,2025-10-31T01:00:00.000000000,3.7070000000000003,3.381,0.0,0.0,0.0,0.0
274835,2025-10-31T02:00:00.000000000,3.5980000000000003,3.275,0.0,0.0,0.32384353254030557,0.0
274835,2025-10-31T03:00:00.000000000,3.368,3.0490000000000004,0.0,0.0,0.32384353254030557,0.0
274835,2025-10-31T04:00:00.000000000,3.1260000000000003,2.821,0.0,0.0,0.0,0.0
274835,2025-10-31T05:00:00.000000000,2.977,2.676,0.0,0.0,0.32384353254030557,0.0
274835,2025-10-31T06:00:00.000000000,2.912,2.6109999999999998,0.0,0.0,0.3335148778559889,0.0
274835,2025-10-31T07:00:00.000000000,2.658,2.363,0.0,0.0,0.0,0.0
274835,2025-10-31T08:00:00.000000000,1.9529999999999998,1.683,0.0,0.0,0.32384353254030557,0.0
274835,2025-10-31T09:00:00.000000000,1.4600000000000002,1.206,0.0,0.0,0.32384353254030557,0.0
274835,2025-10-31T10:00:00.000000000,1.145,0.8939999999999999,0.0,0.0,0.0,0.0
274835,2025-10-31T11:00:00.000000000,0.9269999999999999,0.676,0.0,0.0,0.32384353254030557,0.0
274835,2025-10-31T12:00:00.000000000,0.875,0.625,0.0,0.0,0.0,0.0
274835,2025-10-31T13:00:00.000000000,0.895,0.645,0.0,0.0,0.32384353254030557,0.0
274835,2025-10-31T14:00:00.000000000,0.896,0.647,0.0,0.0,0.0,0.0
274835,2025-10-31T15:00:00.000000000,0.975,0.7209999999999999,0.0,0.0,0.32384353254030557,0.0
274835,2025-10-31T16:00:00.000000000,1.633,0.933,0.0,0.0,0.32384353254030557,0.0
274835,2025-10-31T17:00:00.000000000,1.83,1.025,0.0,0.0,0.0,0.0
274835,2025-10-31T18:00:00.000000000,2.006,1.107,0.0,0.0,0.32384353254030557,0.0
274835,2025-10-31T19:00:00.000000000,1.983,1.213,0.0,0.0,0.35490906597856114,0.0
274835,2025-10-31T20:00:00.000000000,1.619,1.323,0.0,0.0,1.0465567915850056,0.0
274835,2025-10-31T21:00:00.000000000,1.696,1.3940000000000001,0.0,0.0,0.3335148778559889,0.0
274835,2025-10-31T22:00:00.000000000,1.688,1.407,0.0,0.0,0.34377236531201666,0.0
274835,2025-10-31T23:00:00.000000000,1.686,1.42,0.0,0.0,0.32355046147013333,0.0
274835,2025-11-01T00:00:00.000000000,1.71,1.446,0.0,0.0,0.0,0.0
274835,2025-11-01T01:00:00.000000000,1.77,1.5070000000000001,0.0,0.0,0.32355046147013333,0.0
274835,2025-11-01T02:00:00.000000000,2.722,2.4179999999999997,0.0,0.0,0.0,0.0
274835,2025-11-01T03:00:00.000000000,2.963,2.6510000000000002,0.0,0.0,0.32384353254030557,0.0
274835,2025-11-01T04:00:00.000000000,3.061,2.75,0.0,0.0,0.32384353254030557,0.0
274835,2025-11-01T05:00:00.000000000,2.34,2.062,0.0,0.0,0.0,0.0
274835,2025-11-01T06:00:00.000000000,1.93,1.666,0.0,0.0,0.32384353254030557,0.0
274835,2025-11-01T07:00:00.000000000,1.587,1.327,0.0,0.0,0.0,0.0
274835,2025-11-01T08:00:00.000000000,1.107,0.849,0.0,0.0,0.32384353254030557,0.0
274835,2025-11-01T09:00:00.000000000,0.605,0.353,0.0,0.0,0.0,0.0
274835,2025-11-01T10:00:00.000000000,0.623,0.025,0.0,0.07300000000000001,1.5304171284393444,0.0
274835,2025-11-01T11:00:00.000000000,0.714,0.0,0.0,0.153,0.3235504614701334,0.0
274835,2025-11-01T12:00:00.000000000,0.801,0.0,0.0,0.243,0.0,0.0
274835,2025-11-01T13:00:00.000000000,0.863,0.0,0.0,0.298,0.3235504614701334,0.0
274835,2025-11-01T14:00:00.000000000,0.902,0.0,0.0,0.285,0.32355046147013333,0.0
274835,2025-11-01T15:00:00.000000000,0.9269999999999999,0.0,0.0,0.20199999999999999,0.3235504614701334,0.0
274835,2025-11-01T16:00:00.000000000,0.357,0.038,0.0,0.034,0.0,0.0
274835,2025-11-01T17:00:00.000000000,0.474,0.196,0.0,0.0,0.6772872431680055,0.0
274835,2025-11-01T18:00:00.000000000,0.663,0.38699999999999996,0.0,0.0,0.0,0.0
274835,2025-11-01T19:00:00.000000000,0.842,0.556,0.0,0.0,0.3235504614701334,0.0
274835,2025-11-01T20:00:00.000000000,0.92,0.627,0.0,0.0,0.3235504614701334,0.0
274835,2025-11-01T21:00:00.000000000,1.1749999999999998,0.498,0.0,0.0,1.206573595899039,0.0
274835,2025-11-01T22:00:00.000000000,0.9979999999999999,0.6,0.0,0.0,0.3235504614701334,0.0
274835,2025-11-01T23:00:00.000000000,0.902,0.636,0.0,0.0,0.0,0.0
274835,2025-11-02T00:00:00.000000000,0.941,0.678,0.0,0.0,0.3235504614701334,0.0
274835,2025-11-02T01:00:00.000000000,0.962,0.702,0.0,0.0,0.3335148778559889,0.0
274835,2025-11-02T02:00:00.000000000,1.002,0.7409999999999999,0.0,0.0,0.0,0.0
274835,2025-11-02T03:00:00.000000000,1.022,0.762,0.0,0.0,0.32355046147013333,0.0
274835,2025-11-02T04:00:00.000000000,1.0710000000000002,0.814,0.0,0.0,0.0,0.0
274835,2025-11-02T05:00:00.000000000,1.27,0.827,0.0,0.0,0.85195760099065,0.0
274835,2025-11-02T06:00:00.000000000,1.444,0.874,0.0,0.0,1.002303059989,0.0
274835,2025-11-02T07:00:00.000000000,1.4409999999999998,0.819,0.0,0.0,1.206573595899039,0.0
274835,2025-11-02T08:00:00.000000000,1.125,0.7040000000000001,0.0,0.0,0.6787525985188667,0.0
274835,2025-11-02T09:00:00.000000000,1.0050000000000001,0.43,0.0,0.0,0.34230700996115554,0.0
274835,2025-11-02T10:00:00.000000000,0.776,0.212,0.0,0.0,0.0,0.0
274835,2025-11-02T11:00:00.000000000,0.641,0.081,0.0,0.0,0.3335148778559889,0.0
274835,2025-11-02T12:00:00.000000000,0.579,0.004,0.0,0.018000000000000002,0.3235504614701334,0.0
274835,2025-11-02T13:00:00.000000000,0.643,0.0,0.0,0.079,0.0,0.0
274835,2025-11-02T14:00:00.000000000,0.7779999999999999,0.0,0.0,0.10200000000000001,0.3235504614701334,0.0
274835,2025-11-02T15:00:00.000000000,0.879,0.018,0.0,0.038,0.5843837139234112,0.0
274835,2025-11-02T16:00:00.000000000,1.572,0.513,0.0,0.0,2.7991217912148945,0.0
274835,2025-11-02T17:00:00.000000000,1.515,0.511,0.0,0.0,1.066778695426889,0.0
274835,2025-11-02T18:00:00.000000000,1.612,0.634,0.0,0.0,1.5368646919831332,0.0
274835,2025-11-02T19:00:00.000000000,1.7750000000000001,0.951,0.0,0.0,0.3235504614701334,0.0
274835,2025-11-02T20:00:00.000000000,1.802,1.092,0.0,0.0,0.0,0.0
274835,2025-11-02T21:00:00.000000000,1.8780000000000001,1.2409999999999999,0.0,0.0,0.3235504614701334,0.0
274835,2025-11-02T22:00:00.000000000,1.812,1.3719999999999999,0.0,0.0,0.32384353254030557,0.0
274835,2025-11-02T23:00:00.000000000,2.123,1.839,0.0,0.0,0.0,0.0
274835,2025-11-03T00:00:00.000000000,2.279,1.994,0.0,0.0,0.32384353254030557,0.0
274835,2025-11-03T01:00:00.000000000,2.5490000000000004,2.2560000000000002,0.0,0.0,0.0,0.0
274835,2025-11-03T02:00:00.000000000,2.959,2.654,0.0,0.0,0.32384353254030557,0.0
274835,2025-11-03T03:00:00.000000000,3.165,2.856,0.0,0.0,0.0,0.0
274835,2025-11-03T04:00:00.000000000,3.395,3.0780000000000003,0.0,0.0,0.32384353254030557,0.0
274835,2025-11-03T05:00:00.000000000,3.5980000000000003,3.2760000000000002,0.0,0.0,0.32384353254030557,0.0
274835,2025-11-03T06:00:00.000000000,3.6639999999999997,3.073,0.0,0.0,2.072012466117611,0.0
274835,2025-11-03T07:00:00.000000000,3.305,2.677,0.0,0.0,1.0521251419182778,0.0
274835,2025-11-03T08:00:00.000000000,1.818,1.1909999999999998,0.0,0.0,2.816706055425228,0.0
274835,2025-11-03T09:00:00.000000000,1.332,0.756,0.0,0.0,0.0,0.0
274835,2025-11-03T10:00:00.000000000,1.1239999999999999,0.417,0.0,0.0,0.32384353254030557,0.0
274835,2025-11-03T11:00:00.000000000,0.8749999999999999,0.37,0.0,0.0,2.0157428206445447,0.0
274835,2025-11-03T12:00:00.000000000,0.7530000000000001,0.34400000000000003,0.0,0.0,2.135901959415156,0.0
274835,2025-11-03T13:00:00.000000000,0.65,0.242,0.0,0.0,3.2504512392801166,0.0
274835,2025-11-03T14:00:00.000000000,0.8180000000000001,0.08,0.0,0.003,2.3255189418165836,0.0
274835,2025-11-03T15:00:00.000000000,0.8119999999999999,0.089,0.0,0.0,0.3235504614701334,0.0
274835,2025-11-03T16:00:00.000000000,1.201,0.30300000000000005,0.0,0.0,0.0,0.0
274835,2025-11-03T17:00:00.000000000,1.386,0.409,0.0,0.0,0.3235504614701334,0.0
274835,2025-11-03T18:00:00.000000000,1.449,0.513,0.0,0.0,0.0,0.0
274835,2025-11-03T19:00:00.000000000,1.454,0.634,0.0,0.0,1.0594519186725833,0.0
274835,2025-11-03T20:00:00.000000000,1.388,0.683,0.0,0.0,1.1031195081282446,0.0
274835,2025-11-03T21:00:00.000000000,1.02,0.722,0.0,0.0,0.0,0.0
274835,2025-11-03T22:00:00.000000000,1.0150000000000001,0.7369999999999999,0.0,0.0,0.3335148778559889,0.0
274835,2025-11-03T23:00:00.000000000,1.01,0.746,0.0,0.0,0.3235504614701334,0.0
274835,2025-11-04T00:00:00.000000000,1.024,0.762,0.0,0.0,0.0,0.0
274835,2025-11-04T01:00:00.000000000,1.0590000000000002,0.799,0.0,0.0,0.3235504614701334,0.0
274835,2025-11-04T02:00:00.000000000,1.141,0.881,0.0,0.0,0.0,0.0
274835,2025-11-04T03:00:00.000000000,1.307,1.046,0.0,0.0,0.32384353254030557,0.0
274835,2025-11-04T04:00:00.000000000,1.496,1.236,0.0,0.0,0.2605401813831056,0.0
274835,2025-11-04T05:00:00.000000000,1.62,1.359,0.0,0.0,0.06301028008702778,0.0
274835,2025-11-04T06:00:00.000000000,1.758,1.419,0.0,0.0,0.6901823702555834,0.0
274835,2025-11-04T07:00:00.000000000,1.839,1.255,0.0,0.0,1.5186942856324555,0.0
274835,2025-11-04T08:00:00.000000000,1.378,0.792,0.0,0.0,1.1171869194965112,0.0
274835,2025-11-04T09:00:00.000000000,0.645,0.309,0.0,0.0,0.0,0.0
274835,2025-11-04T10:00:00.000000000,0.29600000000000004,0.02,0.0,0.026,0.3235504614701334,0.0
274835,2025-11-04T11:00:00.000000000,0.40099999999999997,0.0,0.0,0.15300000000000002,0.3440654363821889,0.0
274835,2025-11-04T12:00:00.000000000,0.488,0.0,0.0,0.239,0.3235504614701334,0.0
274835,2025-11-04T13:00:00.000000000,0.548,0.0,0.0,0.29800000000000004,0.0,0.0
274835,2025-11-04T14:00:00.000000000,0.51,0.0,0.0,0.261,0.3235504614701334,0.0
274835,2025-11-04T15:00:00.000000000,0.9039999999999999,0.0,0.0,0.18000000000000002,0.0,0.0
274835,2025-11-04T16:00:00.000000000,0.956,0.024,0.0,0.034,0.3235504614701334,0.0
274835,2025-11-04T17:00:00.000000000,1.112,0.135,0.0,0.0,0.0,0.0
274835,2025-11-04T18:00:00.000000000,1.258,0.322,0.0,0.0,0.3235504614701334,0.0
274835,2025-11-04T19:00:00.000000000,1.306,0.486,0.0,0.0,0.33204952250512776,0.0
274835,2025-11-04T20:00:00.000000000,1.294,0.591,0.0,0.0,0.6907685123959277,0.0
274835,2025-11-04T21:00:00.000000000,1.307,0.673,0.0,0.0,0.3552021370487333,0.0
274835,2025-11-04T22:00:00.000000000,1.2,0.724,0.0,0.0,0.7599332849565722,0.0
274835,2025-11-04T23:00:00.000000000,1.126,0.7849999999999999,0.0,0.0,0.3405485835401222,0.0
274835,2025-11-05T00:00:00.000000000,1.109,0.847,0.0,0.0,0.3235504614701334,0.0
274835,2025-11-05T01:00:00.000000000,1.198,0.935,0.0,0.0,0.0,0.0
274835,2025-11-05T02:00:00.000000000,1.316,1.0550000000000002,0.0,0.0,0.3235504614701334,0.0
274835,2025-11-05T03:00:00.000000000,1.383,1.123,0.0,0.0,0.0,0.0
274835,2025-11-05T04:00:00.000000000,1.421,1.163,0.0,0.0,0.32384353254030557,0.0
274835,2025-11-05T05:00:00.000000000,1.4649999999999999,1.209,0.0,0.0,0.32384353254030557,0.0
274835,2025-11-05T06:00:00.000000000,1.468,1.21,0.0,0.0,0.0,0.0
274835,2025-11-05T07:00:00.000000000,1.363,1.104,0.0,0.0,0.32384353254030557,0.0
274835,2025-11-05T08:00:00.000000000,1.32,0.817,0.0,0.0,0.0,0.0
274835,2025-11-05T09:00:00.000000000,0.775,0.522,0.0,0.0,0.3235504614701334,0.0
274835,2025-11-05T10:00:00.000000000,0.411,0.162,0.0,0.0,0.0,0.0
274835,2025-11-05T11:00:00.000000000,0.49000000000000005,0.0,0.0,0.085,0.3235504614701334,0.0
274835,2025-11-05T12:00:00.000000000,0.842,0.0,0.0,0.28200000000000003,0.3440654363821889,0.0
274835,2025-11-05T13:00:00.000000000,0.996,0.0,0.0,0.432,0.3235504614701334,0.0
274835,2025-11-05T14:00:00.000000000,1.088,0.0,0.0,0.471,0.0,0.0
274835,2025-11-05T15:00:00.000000000,1.1300000000000001,0.0,0.0,0.406,0.33351487785598893,0.0
274835,2025-11-05T16:00:00.000000000,1.112,0.0,0.0,0.216,0.6787525985188667,0.0
274835,2025-11-05T17:00:00.000000000,1.034,0.0,0.0,0.057,0.34377236531201666,0.0
274835,2025-11-05T18:00:00.000000000,1.042,0.10500000000000001,0.0,0.0,0.3335148778559889,0.0
274835,2025-11-05T19:00:00.000000000,1.158,0.334,0.0,0.0,0.33644558855771106,0.0
274835,2025-11-05T20:00:00.000000000,1.133,0.521,0.0,0.0,0.3464100049435667,0.0
274835,2025-11-05T21:00:00.000000000,0.97,0.6699999999999999,0.0,0.0,0.0,0.0
274835,2025-11-05T22:00:00.000000000,1.006,0.728,0.0,0.0,0.6676158978523223,0.0
274835,2025-11-05T23:00:00.000000000,1.029,0.764,0.0,0.0,0.0,0.0
274835,2025-11-06T00:00:00.000000000,1.029,0.766,0.0,0.0,0.32355046147013333,0.0
274835,2025-11-06T01:00:00.000000000,1.012,0.75,0.0,0.0,0.0,0.0
274835,2025-11-06T02:00:00.000000000,0.995,0.734,0.0,0.0,0.3235504614701334,0.0
274835,2025-11-06T03:00:00.000000000,0.985,0.724,0.0,0.0,0.0,0.0
274835,2025-11-06T04:00:00.000000000,0.984,0.724,0.0,0.0,0.3235504614701334,0.0
274835,2025-11-06T05:00:00.000000000,0.982,0.7249999999999999,0.0,0.0,0.33644558855771106,0.0
274835,2025-11-06T06:00:00.000000000,1.142,0.718,0.0,0.0,1.1016541527773833,0.0
274835,2025-11-06T07:00:00.000000000,1.1949999999999998,0.648,0.0,0.0,0.3595982031013167,0.0
274835,2025-11-06T08:00:00.000000000,1.113,0.533,0.0,0.0,0.6954576495186833,0.0
274835,2025-11-06T09:00:00.000000000,0.991,0.40700000000000003,0.0,0.0,1.467992990492661,0.0
274835,2025-11-06T10:00:00.000000000,0.5589999999999999,0.306,0.0,0.0,0.040736878753938895,0.0
274835,2025-11-06T11:00:00.000000000,0.471,0.22199999999999998,0.0,0.0,0.32501581682099445,0.0
274835,2025-11-06T12:00:00.000000000,0.439,0.19,0.0,0.0,0.760812498167089,0.0
274835,2025-11-06T13:00:00.000000000,0.478,0.153,0.0,0.0,0.18229020564712223,0.0
274835,2025-11-06T14:00:00.000000000,0.677,0.114,0.0,0.0,0.1409671847528389,0.0
274835,2025-11-06T15:00:00.000000000,0.7449999999999999,0.13,0.0,0.0,0.3235504614701334,0.0
274835,2025-11-06T16:00:00.000000000,0.907,0.182,0.0,0.0,0.0,0.0
274835,2025-11-06T17:00:00.000000000,1.231,0.334,0.0,0.0,0.3440654363821889,0.0
274835,2025-11-06T18:00:00.000000000,1.3860000000000001,0.40900000000000003,0.0,0.0,0.3235504614701334,0.0
274835,2025-11-06T19:00:00.000000000,1.4529999999999998,0.515,0.0,0.0,0.6995606445010945,0.0
274835,2025-11-06T20:00:00.000000000,1.3940000000000001,0.5710000000000001,0.0,0.0,0.3235504614701334,0.0
274835,2025-11-06T21:00:00.000000000,1.212,0.6,0.0,0.0,0.0,0.0
274835,2025-11-06T22:00:00.000000000,0.947,0.648,0.0,0.0,0.3235504614701334,0.0
274835,2025-11-06T23:00:00.000000000,0.8949999999999999,0.617,0.0,0.0,0.3235504614701334,0.0
274835,2025-11-07T00:00:00.000000000,0.853,0.588,0.0,0.0,0.0,0.0
274835,2025-11-07T01:00:00.000000000,0.841,0.58,0.0,0.0,0.3235504614701334,0.0
274835,2025-11-07T02:00:00.000000000,0.873,0.612,0.0,0.0,0.0,0.0
274835,2025-11-07T03:00:00.000000000,0.923,0.663,0.0,0.0,0.3235504614701334,0.0
274835,2025-11-07T04:00:00.000000000,1.01,0.7509999999999999,0.0,0.0,0.3235504614701334,0.0
274835,2025-11-07T05:00:00.000000000,1.044,0.651,0.0,0.0,2.41344026286825,0.0
274835,2025-11-07T06:00:00.000000000,1.32,0.877,0.0,0.0,0.3235504614701334,0.0
274835,2025-11-07T07:00:00.000000000,1.451,0.9049999999999999,0.0,0.0,0.0,0.0
274835,2025-11-07T08:00:00.000000000,1.273,0.6930000000000001,0.0,0.0,0.3235504614701334,0.0
274835,2025-11-07T09:00:00.000000000,1.0,0.417,0.0,0.0,0.3235504614701334,0.0
274835,2025-11-07T10:00:00.000000000,0.7590000000000001,0.185,0.0,0.0,0.0,0.0
274835,2025-11-07T11:00:00.000000000,0.627,0.064,0.0,0.0,0.6509108468525056,0.0
274835,2025-11-07T12:00:00.000000000,0.61,0.0,0.0,0.05,0.0,0.0
274835,2025-11-07T13:00:00.000000000,0.69,0.0,0.0,0.131,0.7139211269395334,0.0
274835,2025-11-07T14:00:00.000000000,0.722,0.0,0.0,0.158,0.3335148778559889,0.0
274835,2025-11-07T15:00:00.000000000,0.402,0.0,0.0,0.07400000000000001,0.3335148778559889,0.0
274835,2025-11-07T16:00:00.000000000,0.379,0.127,0.0,0.0,0.6881308727643778,0.0
274835,2025-11-07T17:00:00.000000000,0.7689999999999999,0.483,0.0,0.0,0.7106973451676388,0.0
274835,2025-11-07T18:00:00.000000000,0.961,0.681,0.0,0.0,0.0,0.0
274835,2025-11-07T19:00:00.000000000,1.151,0.872,0.0,0.0,0.3235504614701334,0.0
274835,2025-11-07T20:00:00.000000000,1.378,1.091,0.0,0.0,1.2505342564248723,0.0
274835,2025-11-07T21:00:00.000000000,1.966,1.256,0.0,0.0,0.7115765583781555,0.0
274835,2025-11-07T22:00:00.000000000,2.124,1.4829999999999999,0.0,0.0,0.6790456695890389,0.0
274835,2025-11-07T23:00:00.000000000,1.843,1.4820000000000002,0.0,0.0,0.0,0.0
274835,2025-11-08T00:00:00.000000000,2.2779999999999996,1.9900000000000002,0.0,0.0,0.32355046147013333,0.0
274835,2025-11-08T01:00:00.000000000,2.125,1.846,0.0,0.0,0.0,0.0
274835,2025-11-08T02:00:00.000000000,1.782,1.516,0.0,0.0,0.32384353254030557,0.0
274835,2025-11-08T03:00:00.000000000,1.7369999999999999,1.4129999999999998,0.0,0.0,0.0,0.0
274835,2025-11-08T04:00:00.000000000,1.7830000000000001,1.4209999999999998,0.0,0.0,0.9052965357619944,0.0
274835,2025-11-08T05:00:00.000000000,2.305,1.8760000000000001,0.0,0.0,2.135901959415156,0.0
274835,2025-11-08T06:00:00.000000000,2.152,1.725,0.0,0.0,2.459745491955461,0.0
274835,2025-11-08T07:00:00.000000000,1.681,1.139,0.0,0.0,0.9554116887614444,0.0
274835,2025-11-08T08:00:00.000000000,1.359,0.7549999999999999,0.0,0.0,1.002303059989,0.0
274835,2025-11-08T09:00:00.000000000,1.077,0.493,0.0,0.0,0.0,0.0
274835,2025-11-08T10:00:00.000000000,0.8140000000000001,0.24000000000000002,0.0,0.0,0.32384353254030557,0.0
274835,2025-11-08T11:00:00.000000000,0.668,0.105,0.0,0.0,0.6893031570450667,0.0
274835,2025-11-08T12:00:00.000000000,0.581,0.011,0.0,0.009000000000000001,0.35549520811890556,0.0
274835,2025-11-08T13:00:00.000000000,0.605,0.0,0.0,0.047999999999999994,0.3235504614701334,0.0
274835,2025-11-08T14:00:00.000000000,0.596,0.0,0.0,0.033,0.35549520811890556,0.0
274835,2025-11-08T15:00:00.000000000,0.6399999999999999,0.022,0.0,0.002,0.3235504614701334,0.0
274835,2025-11-08T16:00:00.000000000,0.894,0.17,0.0,0.0,0.3440654363821889,0.0
274835,2025-11-08T17:00:00.000000000,1.4049999999999998,0.509,0.0,0.0,0.0,0.0
274835,2025-11-08T18:00:00.000000000,1.7409999999999999,0.763,0.0,0.0,0.6805110249399,0.0
274835,2025-11-08T19:00:00.000000000,1.486,1.029,0.0,0.0,0.0,0.0
274835,2025-11-08T20:00:00.000000000,1.533,1.2449999999999999,0.0,0.0,0.3235504614701334,0.0
274835,2025-11-08T21:00:00.000000000,1.798,1.4980000000000002,0.0,0.0,0.3335148778559889,0.0
274835,2025-11-08T22:00:00.000000000,1.879,1.572,0.0,0.0,0.32384353254030557,0.0
274835,2025-11-08T23:00:00.000000000,1.67,1.391,0.0,0.0,0.0,0.0
274835,2025-11-09T00:00:00.000000000,1.678,1.412,0.0,0.0,0.32384353254030557,0.0
274835,2025-11-09T01:00:00.000000000,1.681,1.4169999999999998,0.0,0.0,0.0,0.0
274835,2025-11-09T02:00:00.000000000,1.706,1.444,0.0,0.0,0.32384353254030557,0.0
274835,2025-11-09T03:00:00.000000000,1.843,1.577,0.0,0.0,0.32384353254030557,0.0
274835,2025-11-09T04:00:00.000000000,2.229,1.9489999999999998,0.0,0.0,0.0,0.0
274835,2025-11-09T05:00:00.000000000,2.512,2.226,0.0,0.0,0.32384353254030557,0.0
274835,2025-11-09T06:00:00.000000000,2.669,2.3779999999999997,0.0,0.0,0.0,0.0
274835,2025-11-09T07:00:00.000000000,2.2960000000000003,2.018,0.0,0.0,0.32384353254030557,0.0
274835,2025-11-09T08:00:00.000000000,1.79,1.447,0.0,0.0,0.0,0.0
274835,2025-11-09T09:00:00.000000000,1.6829999999999998,1.099,0.0,0.0,0.32384353254030557,0.0
274835,2025-11-09T10:00:00.000000000,1.3739999999999999,0.798,0.0,0.0,0.32384353254030557,0.0
274835,2025-11-09T11:00:00.000000000,1.1320000000000001,0.567,0.0,0.0,0.0,0.0
274835,2025-11-09T12:00:00.000000000,0.992,0.43100000000000005,0.0,0.0,0.3338079489261611,0.0
274835,2025-11-09T13:00:00.000000000,0.957,0.399,0.0,0.0,0.3338079489261611,0.0
274835,2025-11-09T14:00:00.000000000,0.884,0.45999999999999996,0.0,0.0,0.5281140684503445,0.0
274835,2025-11-09T15:00:00.000000000,1.244,0.6040000000000001,0.0,0.0,1.002303059989,0.0
274835,2025-11-09T16:00:00.000000000,1.568,0.842,0.0,0.0,0.2532134046288,0.0
274835,2025-11-09T17:00:00.000000000,1.9450000000000003,1.046,0.0,0.0,0.07033705684133333,0.0
274835,2025-11-09T18:00:00.000000000,2.017,1.038,0.0,0.0,0.32384353254030557,0.0
274835,2025-11-09T19:00:00.000000000,1.9649999999999999,1.024,0.0,0.0,0.7367806704129666,0.0
274835,2025-11-09T20:00:00.000000000,1.787,0.963,0.0,0.0,0.7189033351324612,0.0
274835,2025-11-09T21:00:00.000000000,1.592,0.882,0.0,0.0,0.34435850745236113,0.0
274835,2025-11-09T22:00:00.000000000,1.467,0.829,0.0,0.0,0.32384353254030557,0.0
274835,2025-11-09T23:00:00.000000000,1.228,0.752,0.0,0.0,0.34435850745236113,0.0
274835,2025-11-10T00:00:00.000000000,1.0190000000000001,0.663,0.0,0.0,0.32384353254030557,0.0
274835,2025-11-10T01:00:00.000000000,0.9129999999999999,0.633,0.0,0.0,0.0,0.0
274835,2025-11-10T02:00:00.000000000,0.896,0.635,0.0,0.0,0.32384353254030557,0.0
274835,2025-11-10T03:00:00.000000000,0.855,0.595,0.0,0.0,0.0,0.0
274835,2025-11-10T04:00:00.000000000,0.847,0.587,0.0,0.0,0.32384353254030557,0.0
274835,2025-11-10T05:00:00.000000000,0.901,0.6419999999999999,0.0,0.0,0.32384353254030557,0.0
274835,2025-11-10T06:00:00.000000000,1.127,0.8099999999999999,0.0,0.0,0.33029109608409446,0.0
274835,2025-11-10T07:00:00.000000000,1.516,0.9650000000000001,0.0,0.0,1.485870325773167,0.0
274835,2025-11-10T08:00:00.000000000,1.646,1.0450000000000002,0.0,0.0,0.5281140684503445,0.0
274835,2025-11-10T09:00:00.000000000,1.659,1.05,0.0,0.0,1.002303059989,0.0
274835,2025-11-10T10:00:00.000000000,1.7429999999999999,1.166,0.0,0.0,0.8220643518330834,0.0
274835,2025-11-10T11:00:00.000000000,1.664,1.098,0.0,0.0,0.34435850745236113,0.0
274835,2025-11-10T12:00:00.000000000,1.3570000000000002,1.105,0.0,0.0,0.32384353254030557,0.0
274835,2025-11-10T13:00:00.000000000,1.408,1.157,0.0,0.0,0.3338079489261611,0.0
274835,2025-11-10T14:00:00.000000000,1.256,1.006,0.0,0.0,0.3338079489261611,0.0
274835,2025-11-10T15:00:00.000000000,1.41,0.8719999999999999,0.0,0.0,0.7760521938160445,0.0
274835,2025-11-10T16:00:00.000000000,1.2930000000000001,0.944,0.0,0.0,0.32384353254030557,0.0
274835,2025-11-10T17:00:00.000000000,1.4769999999999999,1.1889999999999998,0.0,0.0,0.0,0.0
274835,2025-11-10T18:00:00.000000000,1.59,1.31,0.0,0.0,0.32384353254030557,0.0
274835,2025-11-10T19:00:00.000000000,2.339,1.401,0.0,0.0,0.7631570667284667,0.0
274835,2025-11-10T20:00:00.000000000,2.4219999999999997,1.593,0.0,0.0,0.0,0.0
274835,2025-11-10T21:00:00.000000000,2.336,1.7149999999999999,0.0,0.0,0.32384353254030557,0.0
274835,2025-11-10T22:00:00.000000000,2.3899999999999997,2.069,0.0,0.0,0.0,0.0
274835,2025-11-10T23:00:00.000000000,2.542,2.237,0.0,0.0,0.6787525985188666,0.0
274835,2025-11-11T00:00:00.000000000,2.836,2.532,0.0,0.0,0.32384353254030557,0.0
274835,2025-11-11T01:00:00.000000000,3.224,2.912,0.0,0.0,0.0,0.0
274835,2025-11-11T02:00:00.000000000,3.294,2.982,0.0,0.0,0.32384353254030557,0.0
274835,2025-11-11T03:00:00.000000000,3.44,3.124,0.0,0.0,0.21570030764675555,0.0
274835,2025-11-11T04:00:00.000000000,3.5650000000000004,3.2460000000000004,0.0,0.0,0.10814322489355,0.0
274835,2025-11-11T05:00:00.000000000,3.743,3.4210000000000003,0.0,0.0,0.32384353254030557,0.0
274835,2025-11-11T06:00:00.000000000,3.993,3.662,0.0,0.0,0.0,0.0
274835,2025-11-11T07:00:00.000000000,3.9930000000000003,3.66,0.0,0.0,0.3241366036104778,0.0
274835,2025-11-11T08:00:00.000000000,3.072,2.766,0.0,0.0,0.0,0.0
274835,2025-11-11T09:00:00.000000000,2.177,1.9,0.0,0.0,0.3241366036104778,0.0
274835,2025-11-11T10:00:00.000000000,1.611,1.354,0.0,0.0,0.32384353254030557,0.0
274835,2025-11-11T11:00:00.000000000,1.3820000000000001,1.131,0.0,0.0,0.33673865962788335,0.0
274835,2025-11-11T12:00:00.000000000,1.407,0.9229999999999999,0.0,0.0,0.7347291729217611,0.0
274835,2025-11-11T13:00:00.000000000,1.238,0.7550000000000001,0.0,0.0,0.32384353254030557,0.0
274835,2025-11-11T14:00:00.000000000,0.976,0.726,0.0,0.0,0.32384353254030557,0.0
274835,2025-11-11T15:00:00.000000000,1.119,0.87,0.0,0.0,0.0,0.0
274835,2025-11-11T16:00:00.000000000,1.4329999999999998,1.179,0.0,0.0,0.6787525985188666,0.0
274835,2025-11-11T17:00:00.000000000,2.2969999999999997,1.8319999999999999,0.0,0.0,0.0,0.0
274835,2025-11-11T18:00:00.000000000,3.3129999999999997,2.306,0.0,0.0,0.32384353254030557,0.0
274835,2025-11-11T19:00:00.000000000,3.27,2.773,0.0,0.0,0.32384353254030557,0.0
274835,2025-11-11T20:00:00.000000000,3.644,3.3009999999999997,0.0,0.0,0.0,0.0
274835,2025-11-11T21:00:00.000000000,4.036,3.677,0.0,0.0,0.3241366036104778,0.0
274835,2025-11-11T22:00:00.000000000,4.367,3.757,0.0,0.0,1.1265651937420222,0.0
274835,2025-11-11T23:00:00.000000000,4.112,3.6450000000000005,0.0,0.0,0.3241366036104778,0.0
274835,2025-11-12T00:00:00.000000000,4.221,3.88,0.0,0.0,0.0,0.0
274835,2025-11-12T01:00:00.000000000,4.38,4.038,0.0,0.0,0.3241366036104778,0.0
274835,2025-11-12T02:00:00.000000000,4.629,4.281,0.0,0.0,0.21159731266434445,0.0
274835,2025-11-12T03:00:00.000000000,4.66,4.313000000000001,0.0,0.0,0.11253929094613334,0.0
274835,2025-11-12T04:00:00.000000000,4.84,4.491,0.0,0.0,0.3241366036104778,0.0
274835,2025-11-12T05:00:00.000000000,4.897,4.548,0.0,0.0,0.0,0.0
274835,2025-11-12T06:00:00.000000000,4.927,4.576,0.0,0.0,0.3241366036104778,0.0
274835,2025-11-12T07:00:00.000000000,4.5009999999999994,4.086,0.0,0.0,1.2229855758286834,0.0
274835,2025-11-12T08:00:00.000000000,3.385,2.758,0.0,0.0,0.6983883602204055,0.0
274835,2025-11-12T09:00:00.000000000,2.077,1.565,0.0,0.0,0.07854304680615556,0.0
274835,2025-11-12T10:00:00.000000000,1.5459999999999998,0.9710000000000001,0.0,0.0,0.2455935568043222,0.0
274835,2025-11-12T11:00:00.000000000,1.1520000000000001,0.586,0.0,0.0,0.3241366036104778,0.0
274835,2025-11-12T12:00:00.000000000,0.871,0.311,0.0,0.0,0.3341010199963333,0.0
274835,2025-11-12T13:00:00.000000000,0.36300000000000004,0.114,0.0,0.0,0.32618810110168334,0.0
274835,2025-11-12T14:00:00.000000000,0.391,0.048,0.0,0.014000000000000002,1.1256859805315056,0.0
274835,2025-11-12T15:00:00.000000000,0.49,0.161,0.0,0.002,0.6895962281152389,0.0
274835,2025-11-12T16:00:00.000000000,0.758,0.506,0.0,0.0,0.0,0.0
274835,2025-11-12T17:00:00.000000000,1.507,1.217,0.0,0.0,0.32384353254030557,0.0
274835,2025-11-12T18:00:00.000000000,2.069,1.774,0.0,0.0,0.3449446495927056,0.0
274835,2025-11-12T19:00:00.000000000,2.635,2.324,0.0,0.0,0.3241366036104778,0.0
274835,2025-11-12T20:00:00.000000000,3.16,2.822,0.0,0.0,0.0,0.0
274835,2025-11-12T21:00:00.000000000,3.834,3.0599999999999996,0.0,0.0,0.3241366036104778,0.0
274835,2025-11-12T22:00:00.000000000,4.117999999999999,3.319,0.0,0.0,0.33585944641736665,0.0
274835,2025-11-12T23:00:00.000000000,4.547999999999999,4.078,0.0,0.0,1.6766595924552834,0.0
274835,2025-11-13T00:00:00.000000000,4.593999999999999,4.134,0.0,0.0,1.7124142630162946,0.0
274835,2025-11-13T01:00:00.000000000,3.866,3.532,0.0,0.0,0.0,0.0
274835,2025-11-13T02:00:00.000000000,3.9069999999999996,3.571,0.0,0.0,0.3241366036104778,0.0
274835,2025-11-13T03:00:00.000000000,3.8449999999999998,3.511,0.0,0.0,0.0,0.0
274835,2025-11-13T04:00:00.000000000,3.746,3.417,0.0,0.0,0.3241366036104778,0.0
274835,2025-11-13T05:00:00.000000000,3.463,3.147,0.0,0.0,0.3241366036104778,0.0
274835,2025-11-13T06:00:00.000000000,2.47,2.192,0.0,0.0,0.3343940910665056,0.0
274835,2025-11-13T07:00:00.000000000,2.4109999999999996,1.861,0.0,0.0,1.5409676869655444,0.0
274835,2025-11-13T08:00:00.000000000,1.626,1.207,0.0,0.0,0.3241366036104778,0.0
274835,2025-11-13T09:00:00.000000000,0.999,0.7430000000000001,0.0,0.0,0.0,0.0
274835,2025-11-13T10:00:00.000000000,0.802,0.269,0.0,0.0,1.6470594143678887,0.0
274835,2025-11-13T11:00:00.000000000,0.7030000000000001,0.13999999999999999,0.0,0.0,0.9076411043233723,0.0
274835,2025-11-13T12:00:00.000000000,0.357,0.030000000000000002,0.0,0.001,0.0,0.0
274835,2025-11-13T13:00:00.000000000,0.275,0.0,0.0,0.026000000000000002,0.32384353254030557,0.0
274835,2025-11-13T14:00:00.000000000,0.3,0.0,0.0,0.052000000000000005,0.32384353254030557,0.0
274835,2025-11-13T15:00:00.000000000,0.272,0.011,0.0,0.013000000000000001,0.32384353254030557,0.0
274835,2025-11-13T16:00:00.000000000,0.44,0.188,0.0,0.0,0.0,0.0
274835,2025-11-13T17:00:00.000000000,0.8119999999999999,0.526,0.0,0.0,0.32384353254030557,0.0
274835,2025-11-13T18:00:00.000000000,0.978,0.698,0.0,0.0,0.32384353254030557,0.0
274835,2025-11-13T19:00:00.000000000,1.085,0.8059999999999999,0.0,0.0,0.0,0.0
274835,2025-11-13T20:00:00.000000000,1.156,0.869,0.0,0.0,0.32384353254030557,0.0
274835,2025-11-13T21:00:00.000000000,1.2029999999999998,0.91,0.0,0.0,0.0,0.0
274835,2025-11-13T22:00:00.000000000,1.257,0.957,0.0,0.0,0.32384353254030557,0.0
274835,2025-11-13T23:00:00.000000000,1.2309999999999999,0.951,0.0,0.0,0.0,0.0
274835,2025-11-14T00:00:00.000000000,1.211,0.946,0.0,0.0,0.32384353254030557,0.0
274835,2025-11-14T01:00:00.000000000,1.198,0.9339999999999999,0.0,0.0,0.32384353254030557,0.0
274835,2025-11-14T02:00:00.000000000,1.172,0.91,0.0,0.0,0.0,0.0
274835,2025-11-14T03:00:00.000000000,1.132,0.871,0.0,0.0,0.32384353254030557,0.0
274835,2025-11-14T04:00:00.000000000,1.096,0.837,0.0,0.0,0.0,0.0
274835,2025-11-14T05:00:00.000000000,1.073,0.8160000000000001,0.0,0.0,0.32384353254030557,0.0
274835,2025-11-14T06:00:00.000000000,1.066,0.81,0.0,0.0,0.32384353254030557,0.0
274835,2025-11-14T07:00:00.000000000,1.3159999999999998,0.7140000000000001,0.0,0.0,0.0,0.0
274835,2025-11-14T08:00:00.000000000,1.355,0.685,0.0,0.0,1.4436680916683666,0.0
274835,2025-11-14T09:00:00.000000000,1.269,0.5379999999999999,0.0,0.0,1.958007819820617,0.0
274835,2025-11-14T10:00:00.000000000,0.667,0.092,0.0,0.0,0.32384353254030557,0.0
274835,2025-11-14T11:00:00.000000000,0.625,0.0,0.0,0.061,0.7338499597112444,0.0
274835,2025-11-14T12:00:00.000000000,0.732,0.0,0.0,0.17200000000000001,0.0,0.0
274835,2025-11-14T13:00:00.000000000,0.8089999999999999,0.0,0.0,0.251,0.32355046147013333,0.0
274835,2025-11-14T14:00:00.000000000,0.823,0.0,0.0,0.258,1.8571913716813722,0.0
274835,2025-11-14T15:00:00.000000000,0.8160000000000001,0.0,0.0,0.19799999999999998,0.7086458476764333,0.0
274835,2025-11-14T16:00:00.000000000,0.7890000000000001,0.002,0.0,0.062,1.0981372999353167,0.0
274835,2025-11-14T17:00:00.000000000,1.149,0.251,0.0,0.0,0.3821646755045778,0.0
274835,2025-11-14T18:00:00.000000000,1.542,0.565,0.0,0.0,0.6925269388169611,0.0
274835,2025-11-14T19:00:00.000000000,1.867,0.929,0.0,0.0,0.32384353254030557,0.0
274835,2025-11-14T20:00:00.000000000,1.985,1.161,0.0,0.0,0.32384353254030557,0.0
274835,2025-11-14T21:00:00.000000000,1.8079999999999998,1.385,0.0,0.0,0.33966937032960554,0.0
274835,2025-11-14T22:00:00.000000000,2.283,1.96,0.0,0.0,0.32384353254030557,0.0
274835,2025-11-14T23:00:00.000000000,2.4269999999999996,2.121,0.0,0.0,0.3341010199963333,0.0
274835,2025-11-15T00:00:00.000000000,2.62,2.3209999999999997,0.0,0.0,0.0,0.0
274835,2025-11-15T01:00:00.000000000,2.3350000000000004,2.049,0.0,0.0,0.32384353254030557,0.0
274835,2025-11-15T02:00:00.000000000,2.767,2.4640000000000004,0.0,0.0,0.32384353254030557,0.0
274835,2025-11-15T03:00:00.000000000,2.816,2.513,0.0,0.0,0.0,0.0
274835,2025-11-15T04:00:00.000000000,2.85,2.5460000000000003,0.0,0.0,0.32384353254030557,0.0
274835,2025-11-15T05:00:00.000000000,2.241,1.965,0.0,0.0,0.0,0.0
274835,2025-11-15T06:00:00.000000000,1.8110000000000002,1.552,0.0,0.0,0.32384353254030557,0.0
274835,2025-11-15T07:00:00.000000000,1.653,1.3949999999999998,0.0,0.0,0.32384353254030557,0.0
274835,2025-11-15T08:00:00.000000000,1.527,1.268,0.0,0.0,0.0,0.0
274835,2025-11-15T09:00:00.000000000,1.3800000000000001,1.121,0.0,0.0,0.32384353254030557,0.0
274835,2025-11-15T10:00:00.000000000,1.463,0.969,0.0,0.0,0.0,0.0
274835,2025-11-15T11:00:00.000000000,1.4129999999999998,0.847,0.0,0.0,0.32384353254030557,0.0
274835,2025-11-15T12:00:00.000000000,1.345,0.784,0.0,0.0,0.32384353254030557,0.0
274835,2025-11-15T13:00:00.000000000,1.066,0.7389999999999999,0.0,0.0,0.0,0.0
274835,2025-11-15T14:00:00.000000000,1.2029999999999998,0.716,0.0,0.0,0.7652085642196723,0.0
274835,2025-11-15T15:00:00.000000000,1.3350000000000002,0.7189999999999999,0.0,0.0,0.0580280718941,0.0
274835,2025-11-15T16:00:00.000000000,1.458,0.732,0.0,0.0,0.2658154606462056,0.0
274835,2025-11-15T17:00:00.000000000,1.718,0.82,0.0,0.0,0.32384353254030557,0.0
274835,2025-11-15T18:00:00.000000000,1.613,0.5519999999999999,0.0,0.0,2.7475412828645833,0.0
274835,2025-11-15T19:00:00.000000000,1.582,0.642,0.0,0.0,0.6898892991854112,0.0
274835,2025-11-15T20:00:00.000000000,1.4299999999999997,0.606,0.0,0.0,0.3449446495927056,0.0
274835,2025-11-15T21:00:00.000000000,1.27,0.562,0.0,0.0,0.0,0.0
274835,2025-11-15T22:00:00.000000000,0.976,0.5810000000000001,0.0,0.0,0.3341010199963333,0.0
274835,2025-11-15T23:00:00.000000000,0.844,0.565,0.0,0.0,0.32384353254030557,0.0
274835,2025-11-16T00:00:00.000000000,0.7929999999999999,0.528,0.0,0.0,0.32384353254030557,0.0
274835,2025-11-16T01:00:00.000000000,0.7629999999999999,0.5,0.0,0.0,0.0,0.0
274835,2025-11-16T02:00:00.000000000,0.7590000000000001,0.499,0.0,0.0,0.32384353254030557,0.0
274835,2025-11-16T03:00:00.000000000,0.764,0.504,0.0,0.0,0.0,0.0
274835,2025-11-16T04:00:00.000000000,0.7589999999999999,0.502,0.0,0.0,0.32384353254030557,0.0
274835,2025-11-16T05:00:00.000000000,0.768,0.495,0.0,0.0,0.32384353254030557,0.0
274835,2025-11-16T06:00:00.000000000,0.853,0.46599999999999997,0.0,0.0,0.0,0.0
274835,2025-11-16T07:00:00.000000000,0.7000000000000001,0.442,0.0,0.0,0.32384353254030557,0.0
274835,2025-11-16T08:00:00.000000000,0.63,0.37100000000000005,0.0,0.0,0.0,0.0
274835,2025-11-16T09:00:00.000000000,0.7609999999999999,0.259,0.0,0.0,0.32384353254030557,0.0
274835,2025-11-16T10:00:00.000000000,0.6980000000000001,0.125,0.0,0.0,0.32384353254030557,0.0
274835,2025-11-16T11:00:00.000000000,0.481,0.073,0.0,0.0,0.32384353254030557,0.0
274835,2025-11-16T12:00:00.000000000,0.581,0.020999999999999998,0.0,0.0,0.0,0.0
274835,2025-11-16T13:00:00.000000000,0.5650000000000001,0.0,0.0,0.008,0.7033705684133333,0.0
274835,2025-11-16T14:00:00.000000000,0.589,0.0,0.0,0.026,0.32384353254030557,0.0
274835,2025-11-16T15:00:00.000000000,0.645,0.0,0.0,0.03,0.0,0.0
274835,2025-11-16T16:00:00.000000000,0.738,0.008,0.0,0.008,0.32384353254030557,0.0
274835,2025-11-16T17:00:00.000000000,1.0090000000000001,0.11100000000000002,0.0,0.0,0.3341010199963333,0.0
274835,2025-11-16T18:00:00.000000000,1.146,0.16899999999999998,0.0,0.0,0.32384353254030557,0.0
274835,2025-11-16T19:00:00.000000000,0.5680000000000001,0.28900000000000003,0.0,0.0,0.0,0.0
274835,2025-11-16T20:00:00.000000000,0.631,0.345,0.0,0.0,0.32384353254030557,0.0
274835,2025-11-16T21:00:00.000000000,0.758,0.36900000000000005,0.0,0.0,0.36897647734682776,0.0
274835,2025-11-16T22:00:00.000000000,1.0390000000000001,0.40299999999999997,0.0,0.0,0.6579445525366389,0.0
274835,2025-11-16T23:00:00.000000000,1.082,0.6020000000000001,0.0,0.0,0.0,0.0
274835,2025-11-17T00:00:00.000000000,1.091,0.825,0.0,0.0,0.32384353254030557,0.0
274835,2025-11-17T01:00:00.000000000,1.2489999999999999,0.986,0.0,0.0,0.3569605634697667,0.0
274835,2025-11-17T02:00:00.000000000,1.294,1.033,0.0,0.0,0.32384353254030557,0.0
274835,2025-11-17T03:00:00.000000000,1.3869999999999998,1.127,0.0,0.0,0.0,0.0
274835,2025-11-17T04:00:00.000000000,1.475,1.214,0.0,0.0,0.32384353254030557,0.0
274835,2025-11-17T05:00:00.000000000,1.532,1.272,0.0,0.0,0.0,0.0
274835,2025-11-17T06:00:00.000000000,1.5530000000000002,1.291,0.0,0.0,0.32384353254030557,0.0
274835,2025-11-17T07:00:00.000000000,1.7069999999999999,1.211,0.0,0.0,1.1145492798649612,0.0
274835,2025-11-17T08:00:00.000000000,1.6059999999999999,1.021,0.0,0.0,0.6743565324662834,0.0
274835,2025-11-17T09:00:00.000000000,1.429,0.845,0.0,0.0,0.32384353254030557,0.0
274835,2025-11-17T10:00:00.000000000,1.033,0.6970000000000001,0.0,0.0,0.0,0.0
274835,2025-11-17T11:00:00.000000000,0.7709999999999999,0.521,0.0,0.0,0.32384353254030557,0.0
274835,2025-11-17T12:00:00.000000000,0.645,0.396,0.0,0.0,0.0,0.0
274835,2025-11-17T13:00:00.000000000,0.863,0.34700000000000003,0.0,0.0,0.32384353254030557,0.0
274835,2025-11-17T14:00:00.000000000,1.123,0.46900000000000003,0.0,0.0,1.1160146352158222,0.0
274835,2025-11-17T15:00:00.000000000,1.595,0.817,0.0,0.0,2.459745491955461,0.0
274835,2025-11-17T16:00:00.000000000,1.567,0.8119999999999999,0.0,0.0,0.3915429497500889,0.0
274835,2025-11-17T17:00:00.000000000,2.1100000000000003,1.21,0.0,0.0,0.7660877774301889,0.0
274835,2025-11-17T18:00:00.000000000,2.413,1.4329999999999998,0.0,0.0,1.1113254980930667,0.0
274835,2025-11-17T19:00:00.000000000,2.643,1.6949999999999998,0.0,0.0,0.3569605634697667,0.0
274835,2025-11-17T20:00:00.000000000,2.8229999999999995,1.983,0.0,0.0,0.6746496035364556,0.0
274835,2025-11-17T21:00:00.000000000,2.952,2.22,0.0,0.0,0.3572536345399389,0.0
274835,2025-11-17T22:00:00.000000000,3.089,2.421,0.0,0.0,0.3343940910665056,0.0
274835,2025-11-17T23:00:00.000000000,2.953,2.557,0.0,0.0,0.32384353254030557,0.0
274835,2025-11-18T00:00:00.000000000,3.1109999999999998,2.8009999999999997,0.0,0.0,0.0,0.0
274835,2025-11-18T01:00:00.000000000,3.35,3.037,0.0,0.0,0.6810971670802445,0.0
274835,2025-11-18T02:00:00.000000000,3.416,3.1,0.0,0.0,0.0,0.0
274835,2025-11-18T03:00:00.000000000,3.467,3.152,0.0,0.0,0.3241366036104778,0.0
274835,2025-11-18T04:00:00.000000000,3.553,3.2359999999999998,0.0,0.0,0.0,0.0
274835,2025-11-18T05:00:00.000000000,3.721,3.4000000000000004,0.0,0.0,0.3241366036104778,0.0
274835,2025-11-18T06:00:00.000000000,3.816,3.4879999999999995,0.0,0.0,0.3376178728384,0.0
274835,2025-11-18T07:00:00.000000000,3.7449999999999997,3.194,0.0,0.0,2.05472127297745,0.0
274835,2025-11-18T08:00:00.000000000,3.104,2.487,0.0,0.0,1.4715098433347278,0.0
274835,2025-11-18T09:00:00.000000000,2.431,1.8319999999999999,0.0,0.0,0.7660877774301889,0.0
274835,2025-11-18T10:00:00.000000000,1.811,1.393,0.0,0.0,0.36194277166269445,0.0
274835,2025-11-18T11:00:00.000000000,1.406,1.154,0.0,0.0,0.6942853652379944,0.0
274835,2025-11-18T12:00:00.000000000,1.19,0.939,0.0,0.0,0.6690812532031833,0.0
274835,2025-11-18T13:00:00.000000000,1.2069999999999999,0.7250000000000001,0.0,0.0,0.0,0.0
274835,2025-11-18T14:00:00.000000000,1.22,0.657,0.0,0.0,0.32384353254030557,0.0
274835,2025-11-18T15:00:00.000000000,1.157,0.827,0.0,0.0,0.32384353254030557,0.0
274835,2025-11-18T16:00:00.000000000,1.7160000000000002,1.2109999999999999,0.0,0.0,0.0,0.0
274835,2025-11-18T17:00:00.000000000,2.863,2.105,0.0,0.0,0.7402975232550333,0.0
274835,2025-11-18T18:00:00.000000000,3.1140000000000003,2.635,0.0,0.0,0.0,0.0
274835,2025-11-18T19:00:00.000000000,3.358,3.033,0.0,0.0,0.3241366036104778,0.0
274835,2025-11-18T20:00:00.000000000,3.7439999999999998,3.399,0.0,0.0,0.3261881011016833,0.0
274835,2025-11-18T21:00:00.000000000,3.9000000000000004,3.5460000000000003,0.0,0.0,0.70424978162385,0.0
274835,2025-11-18T22:00:00.000000000,3.762,3.405,0.0,0.0,0.3241366036104778,0.0
274835,2025-11-18T23:00:00.000000000,3.708,3.3709999999999996,0.0,0.0,0.0,0.0
274835,2025-11-19T00:00:00.000000000,3.83,3.5020000000000002,0.0,0.0,0.3241366036104778,0.0
274835,2025-11-19T01:00:00.000000000,4.0920000000000005,3.759,0.0,0.0,0.0,0.0
274835,2025-11-19T02:00:00.000000000,4.427,4.085999999999999,0.0,0.0,0.3241366036104778,0.0
274835,2025-11-19T03:00:00.000000000,4.663,4.318,0.0,0.0,0.3241366036104778,0.0
274835,2025-11-19T04:00:00.000000000,4.846,4.491,0.0,0.0,0.0,0.0
274835,2025-11-19T05:00:00.000000000,5.065,4.659,0.0,0.0,0.3241366036104778,0.0
274835,2025-11-19T06:00:00.000000000,5.213,4.676,0.0,0.0,0.17115350498057777,0.0
274835,2025-11-19T07:00:00.000000000,4.929,4.297,0.0,0.0,0.1529830986299,0.0
274835,2025-11-19T08:00:00.000000000,3.9079999999999995,3.269,0.0,0.0,0.33468716213667776,0.0
274835,2025-11-19T09:00:00.000000000,2.548,1.9460000000000002,0.0,0.0,0.3241366036104778,0.0
274835,2025-11-19T10:00:00.000000000,1.737,1.1600000000000001,0.0,0.0,0.0,0.0
274835,2025-11-19T11:00:00.000000000,1.352,0.7889999999999999,0.0,0.0,0.3241366036104778,0.0
274835,2025-11-19T12:00:00.000000000,1.1139999999999999,0.552,0.0,0.0,0.7675531327810501,0.0
274835,2025-11-19T13:00:00.000000000,0.9369999999999999,0.379,0.0,0.0,0.0,0.0
274835,2025-11-19T14:00:00.000000000,0.912,0.348,0.0,0.0,0.3241366036104778,0.0
274835,2025-11-19T15:00:00.000000000,1.091,0.475,0.0,0.0,0.32384353254030557,0.0
274835,2025-11-19T16:00:00.000000000,1.5550000000000002,0.7889999999999999,0.0,0.0,1.552104387632089,0.0
274835,2025-11-19T17:00:00.000000000,2.499,1.591,0.0,0.0,0.3241366036104778,0.0
274835,2025-11-19T18:00:00.000000000,3.149,2.143,0.0,0.0,0.3343940910665056,0.0
274835,2025-11-19T19:00:00.000000000,3.59,2.6109999999999998,0.0,0.0,0.33468716213667776,0.0
274835,2025-11-19T20:00:00.000000000,3.352,3.0100000000000002,0.0,0.0,0.7470381578689944,0.0
274835,2025-11-19T21:00:00.000000000,3.439,2.7779999999999996,0.0,0.0,0.3241366036104778,0.0
274835,2025-11-19T22:00:00.000000000,3.0940000000000003,2.747,0.0,0.0,0.7077666344659167,0.0
274835,2025-11-19T23:00:00.000000000,3.3019999999999996,2.9709999999999996,0.0,0.0,0.0,0.0
274835,2025-11-20T00:00:00.000000000,3.535,3.21,0.0,0.0,0.3241366036104778,0.0
274835,2025-11-20T01:00:00.000000000,3.737,3.4090000000000003,0.0,0.0,0.0,0.0
274835,2025-11-20T02:00:00.000000000,3.896,3.565,0.0,0.0,0.3241366036104778,0.0
274835,2025-11-20T03:00:00.000000000,4.045,3.71,0.0,0.0,0.3241366036104778,0.0
274835,2025-11-20T04:00:00.000000000,3.8609999999999998,3.532,0.0,0.0,0.0,0.0
274835,2025-11-20T05:00:00.000000000,3.7399999999999998,3.416,0.0,0.0,0.3241366036104778,0.0
274835,2025-11-20T06:00:00.000000000,3.862,3.5349999999999997,0.0,0.0,0.3241366036104778,0.0
274835,2025-11-20T07:00:00.000000000,3.7989999999999995,3.246,0.0,0.0,0.0,0.0
274835,2025-11-20T08:00:00.000000000,2.6919999999999997,2.088,0.0,0.0,0.3241366036104778,0.0
274835,2025-11-20T09:00:00.000000000,1.533,1.2759999999999998,0.0,0.0,0.0,0.0
274835,2025-11-20T10:00:00.000000000,1.154,0.901,0.0,0.0,0.3241366036104778,0.0
274835,2025-11-20T11:00:00.000000000,0.788,0.538,0.0,0.0,0.3343940910665056,0.0
274835,2025-11-20T12:00:00.000000000,0.7649999999999999,0.283,0.0,0.0,0.12367599161267777,0.0
274835,2025-11-20T13:00:00.000000000,0.866,0.146,0.0,0.0,0.20016754092762779,0.0
274835,2025-11-20T14:00:00.000000000,0.867,0.216,0.0,0.0,1.1467870975839056,0.0
274835,2025-11-20T15:00:00.000000000,1.244,0.46699999999999997,0.0,0.0,2.4600385630256336,0.0
274835,2025-11-20T16:00:00.000000000,1.409,0.7729999999999999,0.0,0.0,2.4600385630256336,0.0
274835,2025-11-20T17:00:00.000000000,1.448,1.088,0.0,0.0,1.665815962858911,0.0
274835,2025-11-20T18:00:00.000000000,1.4289999999999998,1.149,0.0,0.0,0.34553079173305,0.0
274835,2025-11-20T19:00:00.000000000,1.555,1.276,0.0,0.0,0.7080597055360889,0.0
274835,2025-11-20T20:00:00.000000000,1.866,1.3270000000000002,0.0,0.0,0.3343940910665056,0.0
274835,2025-11-20T21:00:00.000000000,2.076,1.365,0.0,0.0,0.3241366036104778,0.0
274835,2025-11-20T22:00:00.000000000,2.1530000000000005,1.5150000000000001,0.0,0.0,0.0,0.0
274835,2025-11-20T23:00:00.000000000,2.8040000000000003,2.291,0.0,0.0,0.3241366036104778,0.0
274835,2025-11-21T00:00:00.000000000,3.035,2.6310000000000002,0.0,0.0,0.09876495064803889,0.0
274835,2025-11-21T01:00:00.000000000,3.178,2.833,0.0,0.0,0.22537165296243888,0.0
274835,2025-11-21T02:00:00.000000000,3.364,3.0439999999999996,0.0,0.0,0.3241366036104778,0.0
274835,2025-11-21T03:00:00.000000000,3.511,3.1880000000000006,0.0,0.0,0.0,0.0
274835,2025-11-21T04:00:00.000000000,3.632,3.307,0.0,0.0,0.33468716213667776,0.0
274835,2025-11-21T05:00:00.000000000,3.655,3.3129999999999997,0.0,0.0,0.3241366036104778,0.0
274835,2025-11-21T06:00:00.000000000,3.783,3.277,0.0,0.0,0.0,0.0
274835,2025-11-21T07:00:00.000000000,3.331,2.644,0.0,0.0,3.1141731916500333,0.0
274835,2025-11-21T08:00:00.000000000,2.088,1.346,0.0,0.0,4.8479816427889,0.0
274835,2025-11-21T09:00:00.000000000,1.262,0.522,0.0,0.0,4.847688571718727,0.0
274835,2025-11-21T10:00:00.000000000,0.874,0.238,0.0,0.0,1.8094207872433,0.0
274835,2025-11-21T11:00:00.000000000,0.7389999999999999,0.17400000000000002,0.0,0.0,0.3241366036104778,0.0
274835,2025-11-21T12:00:00.000000000,0.652,0.092,0.0,0.0,1.5368646919831335,0.0
274835,2025-11-21T13:00:00.000000000,0.583,0.026,0.0,0.0,1.0445052940938,0.0
274835,2025-11-21T14:00:00.000000000,0.5469999999999999,0.062000000000000006,0.0,0.0,0.0,0.0
274835,2025-11-21T15:00:00.000000000,0.653,0.213,0.0,0.0,0.6799248827995557,0.0
274835,2025-11-21T16:00:00.000000000,0.726,0.475,0.0,0.0,0.7186102640622889,0.0
274835,2025-11-21T17:00:00.000000000,1.186,0.7759999999999999,0.0,0.0,0.6687881821330112,0.0
274835,2025-11-21T18:00:00.000000000,1.21,0.9299999999999999,0.0,0.0,0.0,0.0
274835,2025-11-21T19:00:00.000000000,1.272,0.994,0.0,0.0,0.34553079173305,0.0
274835,2025-11-21T20:00:00.000000000,1.311,1.024,0.0,0.0,0.3241366036104778,0.0
274835,2025-11-21T21:00:00.000000000,1.359,1.064,0.0,0.0,0.7115765583781555,0.0
274835,2025-11-21T22:00:00.000000000,1.5350000000000001,1.1389999999999998,0.0,0.0,0.3241366036104778,0.0
274835,2025-11-21T23:00:00.000000000,1.444,1.1629999999999998,0.0,0.0,0.0,0.0
274835,2025-11-22T00:00:00.000000000,1.5220000000000002,1.256,0.0,0.0,0.3241366036104778,0.0
274835,2025-11-22T01:00:00.000000000,1.575,1.311,0.0,0.0,0.3241366036104778,0.0
274835,2025-11-22T02:00:00.000000000,1.608,1.3470000000000002,0.0,0.0,0.0,0.0
274835,2025-11-22T03:00:00.000000000,1.638,1.376,0.0,0.0,0.32413660361047775,0.0
274835,2025-11-22T04:00:00.000000000,1.624,1.363,0.0,0.0,0.0,0.0
274835,2025-11-22T05:00:00.000000000,1.56,1.302,0.0,0.0,0.3241366036104778,0.0
274835,2025-11-22T06:00:00.000000000,1.508,1.177,0.0,0.0,0.8522506720608222,0.0
274835,2025-11-22T07:00:00.000000000,1.631,1.062,0.0,0.0,0.6784595274486944,0.0
274835,2025-11-22T08:00:00.000000000,1.69,1.108,0.0,0.0,0.3241366036104778,0.0
274835,2025-11-22T09:00:00.000000000,1.637,1.0510000000000002,0.0,0.0,0.33791094390857224,0.0
274835,2025-11-22T10:00:00.000000000,1.513,0.938,0.0,0.0,1.536571620912961,0.0
274835,2025-11-22T11:00:00.000000000,1.346,0.78,0.0,0.0,1.209211235530589,0.0
274835,2025-11-22T12:00:00.000000000,1.3719999999999999,0.7,0.0,0.0,0.7394183100445167,0.0
274835,2025-11-22T13:00:00.000000000,1.629,0.978,0.0,0.0,1.1177730616368557,0.0
274835,2025-11-22T14:00:00.000000000,2.032,1.306,0.0,0.0,2.4600385630256336,0.0
274835,2025-11-22T15:00:00.000000000,2.1540000000000004,1.3639999999999999,0.0,0.0,2.4600385630256336,0.0
274835,2025-11-22T16:00:00.000000000,2.173,1.279,0.0,0.0,0.8047731586929223,0.0
274835,2025-11-22T17:00:00.000000000,2.825,1.7759999999999998,0.0,0.0,2.672808159970667,0.0
274835,2025-11-22T18:00:00.000000000,2.8179999999999996,1.7209999999999999,0.0,0.0,2.0306894452233273,0.0
274835,2025-11-22T19:00:00.000000000,3.0860000000000003,2.1159999999999997,0.0,0.0,0.6720119639049056,0.0
274835,2025-11-22T20:00:00.000000000,2.96,2.106,0.0,0.0,0.3323425935753,0.0
274835,2025-11-22T21:00:00.000000000,2.8219999999999996,2.0860000000000003,0.0,0.0,0.34963378671546114,0.0
274835,2025-11-22T22:00:00.000000000,2.8569999999999998,2.1900000000000004,0.0,0.0,0.3282395985928889,0.0
274835,2025-11-22T23:00:00.000000000,2.7750000000000004,2.2649999999999997,0.0,0.0,0.3241366036104778,0.0
274835,2025-11-23T00:00:00.000000000,2.7439999999999998,2.403,0.0,0.0,0.3241366036104778,0.0
274835,2025-11-23T01:00:00.000000000,2.78,2.481,0.0,0.0,0.0,0.0
274835,2025-11-23T02:00:00.000000000,2.8379999999999996,2.538,0.0,0.0,0.3241366036104778,0.0
274835,2025-11-23T03:00:00.000000000,2.9929999999999994,2.6880000000000006,0.0,0.0,0.3241366036104778,0.0
274835,2025-11-23T04:00:00.000000000,3.226,2.914,0.0,0.0,0.0,0.0
274835,2025-11-23T05:00:00.000000000,3.503,3.185,0.0,0.0,0.3241366036104778,0.0
274835,2025-11-23T06:00:00.000000000,3.55,3.2300000000000004,0.0,0.0,0.0,0.0
274835,2025-11-23T07:00:00.000000000,3.3579999999999997,3.045,0.0,0.0,0.3241366036104778,0.0
274835,2025-11-23T08:00:00.000000000,3.044,2.742,0.0,0.0,0.3241366036104778,0.0
274835,2025-11-23T09:00:00.000000000,2.808,2.5149999999999997,0.0,0.0,0.0,0.0
274835,2025-11-23T10:00:00.000000000,2.753,2.467,0.0,0.0,0.3241366036104778,0.0
274835,2025-11-23T11:00:00.000000000,3.0120000000000005,2.491,0.0,0.0,0.0,0.0
274835,2025-11-23T12:00:00.000000000,3.121,2.524,0.0,0.0,0.3241366036104778,0.0
274835,2025-11-23T13:00:00.000000000,3.138,2.405,0.0,0.0,0.3253088878911667,0.0
274835,2025-11-23T14:00:00.000000000,3.452,2.745,0.0,0.0,1.6479386275784056,0.0
274835,2025-11-23T15:00:00.000000000,3.937,3.1060000000000003,0.0,0.0,2.8035178572674777,0.0
274835,2025-11-23T16:00:00.000000000,4.2059999999999995,3.2620000000000005,0.0,0.0,2.7841751666361114,0.0
274835,2025-11-23T17:00:00.000000000,4.874,3.7039999999999997,0.0,0.0,3.6666121589246723,0.0
274835,2025-11-23T18:00:00.000000000,4.586,3.4619999999999997,0.0,0.0,1.4618384980190444,0.0
274835,2025-11-23T19:00:00.000000000,4.104,3.115,0.0,0.0,0.3241366036104778,0.0
274835,2025-11-23T20:00:00.000000000,4.148,3.251,0.0,0.0,0.8522506720608223,0.0
274835,2025-11-23T21:00:00.000000000,4.09,3.262,0.0,0.0,2.243752113238533,0.0
274835,2025-11-23T22:00:00.000000000,4.502,4.029999999999999,0.0,0.0,0.32442967468065,0.0
274835,2025-11-23T23:00:00.000000000,4.551,4.189,0.0,0.0,0.32442967468065,0.0
274835,2025-11-24T00:00:00.000000000,4.517,4.171,0.0,0.0,0.0,0.0
274835,2025-11-24T01:00:00.000000000,4.548,4.2010000000000005,0.0,0.0,0.32442967468065,0.0
274835,2025-11-24T02:00:00.000000000,4.452999999999999,4.112,0.0,0.0,0.32442967468065,0.0
274835,2025-11-24T03:00:00.000000000,4.146000000000001,3.8129999999999997,0.0,0.0,0.0,0.0
274835,2025-11-24T04:00:00.000000000,3.8689999999999998,3.544,0.0,0.0,0.32442967468065,0.0
274835,2025-11-24T05:00:00.000000000,3.8499999999999996,3.522,0.0,0.0,0.32442967468065,0.0
274835,2025-11-24T06:00:00.000000000,3.698,3.371,0.0,0.0,0.0,0.0
274835,2025-11-24T07:00:00.000000000,3.642,3.3129999999999997,0.0,0.0,0.32442967468065,0.0
274835,2025-11-24T08:00:00.000000000,3.52,3.1940000000000004,0.0,0.0,0.0,0.0
274835,2025-11-24T09:00:00.000000000,3.237,2.839,0.0,0.0,0.6488593493613,0.0
274835,2025-11-24T10:00:00.000000000,2.5730000000000004,1.9780000000000002,0.0,0.0,0.5319239923625834,0.0
274835,2025-11-24T11:00:00.000000000,1.88,1.468,0.0,0.0,1.3032870490558721,0.0
274835,2025-11-24T12:00:00.000000000,1.661,1.4089999999999998,0.0,0.0,0.0,0.0
274835,2025-11-24T13:00:00.000000000,1.7630000000000001,1.5110000000000001,0.0,0.0,0.6702535374838723,0.0
274835,2025-11-24T14:00:00.000000000,1.688,1.436,0.0,0.0,1.5186942856324555,0.0
274835,2025-11-24T15:00:00.000000000,1.566,1.316,0.0,0.0,0.0,0.0
274835,2025-11-24T16:00:00.000000000,1.6059999999999999,1.351,0.0,0.0,0.3241366036104778,0.0
274835,2025-11-24T17:00:00.000000000,2.507,2.188,0.0,0.0,0.3241366036104778,0.0
274835,2025-11-24T18:00:00.000000000,2.7279999999999998,1.811,0.0,0.0,2.41344026286825,0.0
274835,2025-11-24T19:00:00.000000000,2.8920000000000003,1.9360000000000002,0.0,0.0,0.3241366036104778,0.0
274835,2025-11-24T20:00:00.000000000,2.5519999999999996,1.721,0.0,0.0,0.0,0.0
274835,2025-11-24T21:00:00.000000000,2.854,2.1220000000000003,0.0,0.0,0.3241366036104778,0.0
274835,2025-11-24T22:00:00.000000000,2.666,2.243,0.0,0.0,0.3241366036104778,0.0
274835,2025-11-24T23:00:00.000000000,2.819,2.5060000000000002,0.0,0.0,0.6954576495186833,0.0
274835,2025-11-25T00:00:00.000000000,3.31,2.996,0.0,0.0,0.35813284775045556,0.0
274835,2025-11-25T01:00:00.000000000,3.7199999999999998,3.399,0.0,0.0,0.32442967468065,0.0
274835,2025-11-25T02:00:00.000000000,4.0329999999999995,3.706,0.0,0.0,0.0,0.0
274835,2025-11-25T03:00:00.000000000,4.296,3.9629999999999996,0.0,0.0,0.32442967468065,0.0
274835,2025-11-25T04:00:00.000000000,4.549,4.211,0.0,0.0,0.32442967468065,0.0
274835,2025-11-25T05:00:00.000000000,4.832,4.486000000000001,0.0,0.0,0.0,0.0
274835,2025-11-25T06:00:00.000000000,5.051,4.699999999999999,0.0,0.0,0.32442967468065,0.0
274835,2025-11-25T07:00:00.000000000,5.111,4.678999999999999,0.0,0.0,0.32442967468065,0.0
274835,2025-11-25T08:00:00.000000000,4.706,4.048,0.0,0.0,0.0,0.0
274835,2025-11-25T09:00:00.000000000,3.7559999999999993,3.359,0.0,0.0,0.32442967468065,0.0
274835,2025-11-25T10:00:00.000000000,2.986,2.693,0.0,0.0,0.13276119478801668,0.0
274835,2025-11-25T11:00:00.000000000,2.436,2.162,0.0,0.0,0.19137540882246112,0.0
274835,2025-11-25T12:00:00.000000000,2.098,1.834,0.0,0.0,0.32442967468065,0.0
274835,2025-11-25T13:00:00.000000000,1.8610000000000002,1.529,0.0,0.0,0.32442967468065,0.0
274835,2025-11-25T14:00:00.000000000,1.7409999999999999,1.4129999999999998,0.0,0.0,0.32442967468065,0.0
274835,2025-11-25T15:00:00.000000000,2.132,1.511,0.0,0.0,0.0,0.0
274835,2025-11-25T16:00:00.000000000,2.7479999999999998,2.004,0.0,0.0,0.32413660361047775,0.0
274835,2025-11-25T17:00:00.000000000,3.479,2.843,0.0,0.0,1.2244509311795444,0.0
274835,2025-11-25T18:00:00.000000000,3.8129999999999997,2.6879999999999997,0.0,0.0,3.166632913210861,0.0
274835,2025-11-25T19:00:00.000000000,4.509,3.512,0.0,0.0,0.32442967468065,0.0
274835,2025-11-25T20:00:00.000000000,4.91,4.014,0.0,0.0,0.32442967468065,0.0
274835,2025-11-25T21:00:00.000000000,5.031000000000001,4.338,0.0,0.0,0.32442967468065,0.0
274835,2025-11-25T22:00:00.000000000,5.098,4.707,0.0,0.0,0.33791094390857224,0.0
274835,2025-11-25T23:00:00.000000000,5.239,4.864,0.0,0.0,0.6699604664137,0.0
274835,2025-11-26T00:00:00.000000000,5.373,5.007,0.0,0.0,0.13774340298094445,0.0
274835,2025-11-26T01:00:00.000000000,5.3919999999999995,5.028,0.0,0.0,0.1910823377522889,0.0
274835,2025-11-26T02:00:00.000000000,5.4319999999999995,5.068999999999999,0.0,0.0,0.32442967468065,0.0
274835,2025-11-26T03:00:00.000000000,5.458,5.093999999999999,0.0,0.0,0.0,0.0
274835,2025-11-26T04:00:00.000000000,5.539,5.175,0.0,0.0,0.32442967468065,0.0
274835,2025-11-26T05:00:00.000000000,5.662999999999999,5.299,0.0,0.0,0.32442967468065,0.0
274835,2025-11-26T06:00:00.000000000,5.6290000000000004,5.265,0.0,0.0,0.0,0.0
274835,2025-11-26T07:00:00.000000000,5.31,4.952,0.0,0.0,0.32442967468065,0.0
274835,2025-11-26T08:00:00.000000000,4.536,4.194999999999999,0.0,0.0,0.32442967468065,0.0
274835,2025-11-26T09:00:00.000000000,3.4440000000000004,2.993,0.0,0.0,0.0,0.0
274835,2025-11-26T10:00:00.000000000,2.853,2.18,0.0,0.0,1.196316108443011,0.0
274835,2025-11-26T11:00:00.000000000,2.0069999999999997,1.439,0.0,0.0,0.33263566464547223,0.0
274835,2025-11-26T12:00:00.000000000,1.806,1.242,0.0,0.0,0.3288257407332334,0.0
274835,2025-11-26T13:00:00.000000000,1.778,1.217,0.0,0.0,0.6781664563785222,0.0
274835,2025-11-26T14:00:00.000000000,1.802,1.236,0.0,0.0,0.3332218067858167,0.0
274835,2025-11-26T15:00:00.000000000,1.925,1.3070000000000002,0.0,0.0,0.6784595274486944,0.0
274835,2025-11-26T16:00:00.000000000,2.214,1.486,0.0,0.0,0.6758218878171445,0.0
274835,2025-11-26T17:00:00.000000000,2.903,1.9850000000000003,0.0,0.0,1.1608545089521722,0.0
274835,2025-11-26T18:00:00.000000000,3.228,2.221,0.0,0.0,2.0872521617665667,0.0
274835,2025-11-26T19:00:00.000000000,3.3389999999999995,2.524,0.0,0.0,1.5875659871229275,0.0
274835,2025-11-26T20:00:00.000000000,3.1610000000000005,2.8280000000000003,0.0,0.0,0.32442967468065,0.0
274835,2025-11-26T21:00:00.000000000,3.253,2.909,0.0,0.0,0.32442967468065,0.0
274835,2025-11-26T22:00:00.000000000,3.221,2.872,0.0,0.0,0.0,0.0
274835,2025-11-26T23:00:00.000000000,3.164,2.837,0.0,0.0,0.32442967468065,0.0
274835,2025-11-27T00:00:00.000000000,3.125,2.812,0.0,0.0,0.0,0.0
274835,2025-11-27T01:00:00.000000000,3.083,2.774,0.0,0.0,0.32442967468065,0.0
274835,2025-11-27T02:00:00.000000000,3.135,2.824,0.0,0.0,0.32442967468065,0.0
274835,2025-11-27T03:00:00.000000000,3.129,2.819,0.0,0.0,0.0,0.0
274835,2025-11-27T04:00:00.000000000,3.1610000000000005,2.852,0.0,0.0,0.32442967468065,0.0
274835,2025-11-27T05:00:00.000000000,3.2009999999999996,2.8219999999999996,0.0,0.0,0.8525437431309945,0.0
274835,2025-11-27T06:00:00.000000000,3.2209999999999996,2.7079999999999997,0.0,0.0,0.6784595274486944,0.0
274835,2025-11-27T07:00:00.000000000,3.1289999999999996,2.502,0.0,0.0,1.531003270579689,0.0
274835,2025-11-27T08:00:00.000000000,2.5300000000000002,1.9280000000000002,0.0,0.0,0.32442967468065,0.0
274835,2025-11-27T09:00:00.000000000,1.69,1.105,0.0,0.0,0.33498023320685,0.0
274835,2025-11-27T10:00:00.000000000,1.372,0.796,0.0,0.0,0.32442967468065,0.0
274835,2025-11-27T11:00:00.000000000,1.133,0.5680000000000001,0.0,0.0,0.33498023320685,0.0
274835,2025-11-27T12:00:00.000000000,0.971,0.41000000000000003,0.0,0.0,0.20544282019072777,0.0
274835,2025-11-27T13:00:00.000000000,0.963,0.40399999999999997,0.0,0.0,0.11869378341975001,0.0
274835,2025-11-27T14:00:00.000000000,1.086,0.523,0.0,0.0,0.3241366036104778,0.0
274835,2025-11-27T15:00:00.000000000,1.3559999999999999,0.739,0.0,0.0,0.0,0.0
274835,2025-11-27T16:00:00.000000000,1.7069999999999999,0.982,0.0,0.0,0.3241366036104778,0.0
274835,2025-11-27T17:00:00.000000000,2.292,1.3890000000000002,0.0,0.0,0.34025551246995,0.0
274835,2025-11-27T18:00:00.000000000,2.4349999999999996,1.45,0.0,0.0,0.6960437916590277,0.0
274835,2025-11-27T19:00:00.000000000,2.268,1.3290000000000002,0.0,0.0,0.7209548326236667,0.0
274835,2025-11-27T20:00:00.000000000,2.195,1.3689999999999998,0.0,0.0,1.0424537966025944,0.0
274835,2025-11-27T21:00:00.000000000,2.089,1.378,0.0,0.0,0.3241366036104778,0.0
274835,2025-11-27T22:00:00.000000000,1.9809999999999999,1.422,0.0,0.0,0.0,0.0
274835,2025-11-27T23:00:00.000000000,1.697,1.417,0.0,0.0,0.32442967468065,0.0
274835,2025-11-28T00:00:00.000000000,1.666,1.3989999999999998,0.0,0.0,0.0,0.0
274835,2025-11-28T01:00:00.000000000,1.6869999999999998,1.424,0.0,0.0,0.32442967468065,0.0
274835,2025-11-28T02:00:00.000000000,1.688,1.424,0.0,0.0,0.32442967468065,0.0
274835,2025-11-28T03:00:00.000000000,1.689,1.426,0.0,0.0,0.0,0.0
274835,2025-11-28T04:00:00.000000000,1.678,1.4169999999999998,0.0,0.0,0.32442967468065,0.0
274835,2025-11-28T05:00:00.000000000,1.6320000000000001,1.374,0.0,0.0,0.32442967468065,0.0
274835,2025-11-28T06:00:00.000000000,1.637,1.324,0.0,0.0,0.0,0.0
274835,2025-11-28T07:00:00.000000000,1.8230000000000002,1.275,0.0,0.0,0.3241366036104778,0.0
274835,2025-11-28T08:00:00.000000000,1.786,1.206,0.0,0.0,0.0,0.0
274835,2025-11-28T09:00:00.000000000,1.584,0.998,0.0,0.0,0.32442967468065,0.0
274835,2025-11-28T10:00:00.000000000,1.2599999999999998,0.684,0.0,0.0,0.3241366036104778,0.0
274835,2025-11-28T11:00:00.000000000,0.9139999999999999,0.34900000000000003,0.0,0.0,0.0,0.0
274835,2025-11-28T12:00:00.000000000,0.724,0.164,0.0,0.0,0.6755288167469723,0.0
274835,2025-11-28T13:00:00.000000000,0.665,0.107,0.0,0.0,0.33498023320685,0.0
274835,2025-11-28T14:00:00.000000000,0.6799999999999999,0.11599999999999999,0.0,0.0,0.3461169338733945,0.0
274835,2025-11-28T15:00:00.000000000,0.7909999999999999,0.175,0.0,0.0,0.3241366036104778,0.0
274835,2025-11-28T16:00:00.000000000,1.05,0.325,0.0,0.0,0.0,0.0
274835,2025-11-28T17:00:00.000000000,1.4989999999999999,0.6000000000000001,0.0,0.0,0.3241366036104778,0.0
274835,2025-11-28T18:00:00.000000000,1.694,0.716,0.0,0.0,0.7693115592020834,0.0
274835,2025-11-28T19:00:00.000000000,1.7910000000000001,0.852,0.0,0.0,0.33498023320685,0.0
274835,2025-11-28T20:00:00.000000000,1.8030000000000002,0.979,0.0,0.0,0.33820401497874447,0.0
274835,2025-11-28T21:00:00.000000000,1.719,1.01,0.0,0.0,0.6702535374838723,0.0
274835,2025-11-28T22:00:00.000000000,1.6889999999999998,1.0510000000000002,0.0,0.0,0.3241366036104778,0.0
274835,2025-11-28T23:00:00.000000000,1.4809999999999999,1.0030000000000001,0.0,0.0,0.3382040149787444,0.0
274835,2025-11-29T00:00:00.000000000,1.3079999999999998,0.966,0.0,0.0,0.7224201879745278,0.0
274835,2025-11-29T01:00:00.000000000,1.21,0.947,0.0,0.0,0.3241366036104778,0.0
274835,2025-11-29T02:00:00.000000000,1.204,0.94,0.0,0.0,0.0,0.0
274835,2025-11-29T03:00:00.000000000,1.208,0.947,0.0,0.0,0.3241366036104778,0.0
274835,2025-11-29T04:00:00.000000000,1.211,0.951,0.0,0.0,0.0,0.0
274835,2025-11-29T05:00:00.000000000,1.2,0.943,0.0,0.0,0.3241366036104778,0.0
274835,2025-11-29T06:00:00.000000000,1.192,0.9339999999999999,0.0,0.0,0.3241366036104778,0.0
274835,2025-11-29T07:00:00.000000000,1.169,0.911,0.0,0.0,0.0,0.0
274835,2025-11-29T08:00:00.000000000,1.323,0.819,0.0,0.0,0.3241366036104778,0.0
274835,2025-11-29T09:00:00.000000000,1.251,0.667,0.0,0.0,0.0,0.0
274835,2025-11-29T10:00:00.000000000,1.033,0.45799999999999996,0.0,0.0,0.3241366036104778,0.0
274835,2025-11-29T11:00:00.000000000,0.7670000000000001,0.201,0.0,0.0,0.3241366036104778,0.0
274835,2025-11-29T12:00:00.000000000,0.61,0.05,0.0,0.0,0.3241366036104778,0.0
274835,2025-11-29T13:00:00.000000000,0.581,0.0,0.0,0.023,0.0,0.0
274835,2025-11-29T14:00:00.000000000,0.36,0.0,0.0,0.034999999999999996,0.3461169338733945,0.0
274835,2025-11-29T15:00:00.000000000,0.28300000000000003,0.028999999999999998,0.0,0.006,0.7971533108684445,0.0
274835,2025-11-29T16:00:00.000000000,0.5589999999999999,0.182,0.0,0.0,0.2359222114886389,0.0
274835,2025-11-29T17:00:00.000000000,1.314,0.418,0.0,0.0,0.33468716213667776,0.0
274835,2025-11-29T18:00:00.000000000,1.537,0.557,0.0,0.0,0.3241366036104778,0.0
274835,2025-11-29T19:00:00.000000000,1.5890000000000002,0.65,0.0,0.0,0.0,0.0
274835,2025-11-29T20:00:00.000000000,1.553,0.7289999999999999,0.0,0.0,0.7722422699038055,0.0
274835,2025-11-29T21:00:00.000000000,1.287,0.772,0.0,0.0,0.3241366036104778,0.0
274835,2025-11-29T22:00:00.000000000,1.119,0.821,0.0,0.0,0.6482732072209556,0.0
274835,2025-11-29T23:00:00.000000000,1.0830000000000002,0.804,0.0,0.0,0.0,0.0
274835,2025-11-30T00:00:00.000000000,1.058,0.792,0.0,0.0,0.7725353409739778,0.0
274835,2025-11-30T01:00:00.000000000,1.025,0.7630000000000001,0.0,0.0,0.3241366036104778,0.0
274835,2025-11-30T02:00:00.000000000,0.995,0.7230000000000001,0.0,0.0,0.0,0.0
274835,2025-11-30T03:00:00.000000000,0.949,0.6880000000000001,0.0,0.0,0.3241366036104778,0.0
274835,2025-11-30T04:00:00.000000000,0.926,0.667,0.0,0.0,0.0,0.0
274835,2025-11-30T05:00:00.000000000,0.965,0.708,0.0,0.0,0.3241366036104778,0.0
274835,2025-11-30T06:00:00.000000000,1.032,0.776,0.0,0.0,0.33468716213667776,0.0
274835,2025-11-30T07:00:00.000000000,1.032,0.776,0.0,0.0,0.3241366036104778,0.0
274835,2025-11-30T08:00:00.000000000,1.021,0.7610000000000001,0.0,0.0,0.7391252389743443,0.0
274835,2025-11-30T09:00:00.000000000,1.281,0.695,0.0,0.0,0.6852001620626555,0.0
274835,2025-11-30T10:00:00.000000000,1.198,0.623,0.0,0.0,0.3352733042770222,0.0
274835,2025-11-30T11:00:00.000000000,1.1179999999999999,0.554,0.0,0.0,0.6869585884836888,0.0
274835,2025-11-30T12:00:00.000000000,1.119,0.558,0.0,0.0,1.1391672497594278,0.0
274835,2025-11-30T13:00:00.000000000,1.166,0.607,0.0,0.0,1.3976559336513277,0.0
274835,2025-11-30T14:00:00.000000000,1.0659999999999998,0.58,0.0,0.0,0.0,0.0
274835,2025-11-30T15:00:00.000000000,1.091,0.5700000000000001,0.0,0.0,0.3241366036104778,0.0
274835,2025-11-30T16:00:00.000000000,0.905,0.651,0.0,0.0,0.6702535374838723,0.0
274835,2025-11-30T17:00:00.000000000,1.4010000000000002,0.378,0.0,0.0,4.018590514201511,0.0
274835,2025-11-30T18:00:00.000000000,1.554,0.5760000000000001,0.0,0.0,0.7309192490095222,0.0
274835,2025-11-30T19:00:00.000000000,1.533,0.595,0.0,0.0,0.3241366036104778,0.0
274835,2025-11-30T20:00:00.000000000,1.4860000000000002,0.662,0.0,0.0,0.32384353254030557,0.0
274835,2025-11-30T21:00:00.000000000,1.4269999999999998,0.7190000000000001,0.0,0.0,0.0,0.0
274835,2025-11-30T22:00:00.000000000,1.468,0.83,0.0,0.0,0.3241366036104778,0.0
274835,2025-11-30T23:00:00.000000000,1.31,0.951,0.0,0.0,0.6960437916590277,0.0
274835,2025-12-01T00:00:00.000000000,1.35,1.0830000000000002,0.0,0.0,0.34641000494356666,0.0
274835,2025-12-01T01:00:00.000000000,1.423,1.157,0.0,0.0,0.0,0.0
274835,2025-12-01T02:00:00.000000000,1.467,1.202,0.0,0.0,0.3241366036104778,0.0
274835,2025-12-01T03:00:00.000000000,1.5170000000000001,1.254,0.0,0.0,0.3241366036104778,0.0
274835,2025-12-01T04:00:00.000000000,1.564,1.302,0.0,0.0,0.0,0.0
274835,2025-12-01T05:00:00.000000000,1.581,1.32,0.0,0.0,0.3241366036104778,0.0
274835,2025-12-01T06:00:00.000000000,1.581,1.318,0.0,0.0,0.0,0.0
274835,2025-12-01T07:00:00.000000000,1.556,1.294,0.0,0.0,0.3241366036104778,0.0
274835,2025-12-01T08:00:00.000000000,1.787,1.224,0.0,0.0,0.3241366036104778,0.0
274835,2025-12-01T09:00:00.000000000,1.4460000000000002,1.189,0.0,0.0,0.0,0.0
274835,2025-12-01T10:00:00.000000000,1.361,1.106,0.0,0.0,0.3241366036104778,0.0
274835,2025-12-01T11:00:00.000000000,1.246,0.995,0.0,0.0,0.33498023320685,0.0
274835,2025-12-01T12:00:00.000000000,1.165,0.917,0.0,0.0,0.3241366036104778,0.0
274835,2025-12-01T13:00:00.000000000,1.135,0.887,0.0,0.0,0.0,0.0
274835,2025-12-01T14:00:00.000000000,1.113,0.866,0.0,0.0,0.3241366036104778,0.0
274835,2025-12-01T15:00:00.000000000,1.23,0.883,0.0,0.0,0.6705466085540445,0.0
274835,2025-12-01T16:00:00.000000000,1.19,0.9380000000000001,0.0,0.0,0.0,0.0
274835,2025-12-01T17:00:00.000000000,1.318,1.032,0.0,0.0,0.3241366036104778,0.0
274835,2025-12-01T18:00:00.000000000,1.571,0.797,0.0,0.0,2.8117238472323,0.0
274835,2025-12-01T19:00:00.000000000,1.898,0.881,0.0,0.0,0.0,0.0
274835,2025-12-01T20:00:00.000000000,1.412,0.945,0.0,0.0,0.3241366036104778,0.0
274835,2025-12-01T21:00:00.000000000,1.2950000000000002,0.997,0.0,0.0,0.33498023320685,0.0
274835,2025-12-01T22:00:00.000000000,1.3450000000000002,1.041,0.0,0.0,0.6828555935012778,0.0
274835,2025-12-01T23:00:00.000000000,1.304,1.0230000000000001,0.0,0.0,1.1160146352158224,0.0
274835,2025-12-02T00:00:00.000000000,1.2469999999999999,0.979,0.0,0.0,0.0,0.0
274835,2025-12-02T01:00:00.000000000,1.2169999999999999,0.951,0.0,0.0,0.3241366036104778,0.0
274835,2025-12-02T02:00:00.000000000,1.201,0.939,0.0,0.0,0.3241366036104778,0.0
274835,2025-12-02T03:00:00.000000000,1.209,0.947,0.0,0.0,0.0,0.0
274835,2025-12-02T04:00:00.000000000,1.1889999999999998,0.928,0.0,0.0,0.3241366036104778,0.0
274835,2025-12-02T05:00:00.000000000,1.1689999999999998,0.908,0.0,0.0,0.0,0.0
274835,2025-12-02T06:00:00.000000000,1.187,0.925,0.0,0.0,0.3241366036104778,0.0
274835,2025-12-02T07:00:00.000000000,1.172,0.908,0.0,0.0,0.3241366036104778,0.0
274835,2025-12-02T08:00:00.000000000,1.209,0.515,0.0,0.0,3.920997847834161,0.0
274835,2025-12-02T09:00:00.000000000,1.129,0.313,0.0,0.0,4.847688571718727,0.0
274835,2025-12-02T10:00:00.000000000,0.936,0.22899999999999998,0.0,0.0,4.523845039178422,0.0
274835,2025-12-02T11:00:00.000000000,0.905,0.6200000000000001,0.0,0.0,1.7379114461212777,0.0
274835,2025-12-02T12:00:00.000000000,1.2199999999999998,0.875,0.0,0.0,0.33498023320685,0.0
274835,2025-12-02T13:00:00.000000000,1.165,0.919,0.0,0.0,0.33498023320685,0.0
274835,2025-12-02T14:00:00.000000000,1.327,1.079,0.0,0.0,0.3241366036104778,0.0
274835,2025-12-02T15:00:00.000000000,1.5590000000000002,1.311,0.0,0.0,0.3241366036104778,0.0
274835,2025-12-02T16:00:00.000000000,2.0279999999999996,1.7639999999999998,0.0,0.0,0.3241366036104778,0.0
274835,2025-12-02T17:00:00.000000000,2.8309999999999995,2.51,0.0,0.0,0.0,0.0
274835,2025-12-02T18:00:00.000000000,3.4109999999999996,2.644,0.0,0.0,1.5307101995095167,0.0
274835,2025-12-02T19:00:00.000000000,4.2,3.133,0.0,0.0,0.0,0.0
274835,2025-12-02T20:00:00.000000000,3.886,3.535,0.0,0.0,0.3241366036104778,0.0
274835,2025-12-02T21:00:00.000000000,4.165,3.799,0.0,0.0,0.7508480817812333,0.0
274835,2025-12-02T22:00:00.000000000,4.398,4.021,0.0,0.0,0.33498023320685,0.0
274835,2025-12-02T23:00:00.000000000,4.576,4.216,0.0,0.0,0.3241366036104778,0.0
274835,2025-12-03T00:00:00.000000000,4.76,4.409000000000001,0.0,0.0,0.32442967468065,0.0
274835,2025-12-03T01:00:00.000000000,4.864,4.512,0.0,0.0,0.0,0.0
274835,2025-12-03T02:00:00.000000000,4.9799999999999995,4.627,0.0,0.0,0.32442967468065,0.0
274835,2025-12-03T03:00:00.000000000,5.183999999999999,4.827,0.0,0.0,0.0,0.0
274835,2025-12-03T04:00:00.000000000,5.266,4.9079999999999995,0.0,0.0,0.32442967468065,0.0
274835,2025-12-03T05:00:00.000000000,5.387,5.029999999999999,0.0,0.0,0.32442967468065,0.0
274835,2025-12-03T06:00:00.000000000,5.6080000000000005,5.248,0.0,0.0,0.0,0.0
274835,2025-12-03T07:00:00.000000000,5.38,5.023,0.0,0.0,0.32442967468065,0.0
274835,2025-12-03T08:00:00.000000000,4.9910000000000005,4.447,0.0,0.0,0.32442967468065,0.0
274835,2025-12-03T09:00:00.000000000,4.019,3.6949999999999994,0.0,0.0,0.0,0.0
274835,2025-12-03T10:00:00.000000000,3.393,2.802,0.0,0.0,0.32442967468065,0.0
274835,2025-12-03T11:00:00.000000000,2.8440000000000003,2.178,0.0,0.0,0.32442967468065,0.0
274835,2025-12-03T12:00:00.000000000,2.324,1.677,0.0,0.0,0.0,0.0
274835,2025-12-03T13:00:00.000000000,1.9689999999999999,1.311,0.0,0.0,0.9272768660249111,0.0
274835,2025-12-03T14:00:00.000000000,1.6190000000000002,0.823,0.0,0.0,4.858825272385272,0.0
274835,2025-12-03T15:00:00.000000000,1.7690000000000001,0.9359999999999999,0.0,0.0,4.0936167081656,0.0
274835,2025-12-03T16:00:00.000000000,2.567,1.7289999999999999,0.0,0.0,0.3467030760137389,0.0
274835,2025-12-03T17:00:00.000000000,3.851,2.795,0.0,0.0,0.6485662782911278,0.0
274835,2025-12-03T18:00:00.000000000,4.6579999999999995,3.512,0.0,0.0,0.35930513203114445,0.0
274835,2025-12-03T19:00:00.000000000,5.061,3.9699999999999998,0.0,0.0,0.3352733042770222,0.0
274835,2025-12-03T20:00:00.000000000,5.104,4.139,0.0,0.0,0.3469961470839111,0.0
274835,2025-12-03T21:00:00.000000000,4.321,3.812,0.0,0.0,0.32442967468065,0.0
274835,2025-12-03T22:00:00.000000000,4.274,3.8939999999999997,0.0,0.0,0.3352733042770222,0.0
274835,2025-12-03T23:00:00.000000000,4.3469999999999995,3.9899999999999998,0.0,0.0,0.32442967468065,0.0
274835,2025-12-04T00:00:00.000000000,4.523,4.176,0.0,0.0,0.0,0.0
274835,2025-12-04T01:00:00.000000000,4.837,4.487,0.0,0.0,0.32442967468065,0.0
274835,2025-12-04T02:00:00.000000000,5.26,4.901,0.0,0.0,0.32442967468065,0.0
274835,2025-12-04T03:00:00.000000000,5.459,5.096,0.0,0.0,0.0,0.0
274835,2025-12-04T04:00:00.000000000,5.559,5.194000000000001,0.0,0.0,0.32442967468065,0.0
274835,2025-12-04T05:00:00.000000000,5.648,5.284,0.0,0.0,0.32442967468065,0.0
274835,2025-12-04T06:00:00.000000000,5.327999999999999,4.904,0.0,0.0,0.3311703092946111,0.0
274835,2025-12-04T07:00:00.000000000,5.211,4.51,0.0,0.0,1.0823114621460168,0.0
274835,2025-12-04T08:00:00.000000000,4.3740000000000006,3.655,0.0,0.0,0.32442967468065,0.0
274835,2025-12-04T09:00:00.000000000,3.006,2.612,0.0,0.0,0.32442967468065,0.0
274835,2025-12-04T10:00:00.000000000,2.197,1.6360000000000001,0.0,0.0,0.0,0.0
274835,2025-12-04T11:00:00.000000000,1.594,1.084,0.0,0.0,0.32442967468065,0.0
274835,2025-12-04T12:00:00.000000000,1.5070000000000001,0.77,0.0,0.0,0.8736448601833945,0.0
274835,2025-12-04T13:00:00.000000000,1.548,0.848,0.0,0.0,2.4629692737273556,0.0
274835,2025-12-04T14:00:00.000000000,1.549,0.7469999999999999,0.0,0.0,2.135901959415156,0.0
274835,2025-12-04T15:00:00.000000000,1.745,0.879,0.0,0.0,2.4603316340958057,0.0
274835,2025-12-04T16:00:00.000000000,2.452,1.456,0.0,0.0,2.4603316340958057,0.0
274835,2025-12-04T17:00:00.000000000,4.135999999999999,2.915,0.0,0.0,2.5268587670249003,0.0
274835,2025-12-04T18:00:00.000000000,3.731,2.584,0.0,0.0,0.5925897038882333,0.0
274835,2025-12-04T19:00:00.000000000,4.109,3.043,0.0,0.0,0.6488593493613,0.0
274835,2025-12-04T20:00:00.000000000,4.577999999999999,3.6260000000000003,0.0,0.0,0.3352733042770222,0.0
274835,2025-12-04T21:00:00.000000000,4.8260000000000005,3.9770000000000003,0.0,0.0,0.0,0.0
274835,2025-12-04T22:00:00.000000000,5.085,4.485,0.0,0.0,0.6597029789576722,0.0
274835,2025-12-04T23:00:00.000000000,5.007,4.632,0.0,0.0,0.3267742432420278,0.0
274835,2025-12-05T00:00:00.000000000,5.090999999999999,4.73,0.0,0.0,0.0,0.0
274835,2025-12-05T01:00:00.000000000,5.248,4.888000000000001,0.0,0.0,0.32442967468065,0.0
274835,2025-12-05T02:00:00.000000000,5.4719999999999995,5.107,0.0,0.0,0.32442967468065,0.0
274835,2025-12-05T03:00:00.000000000,5.585,5.218999999999999,0.0,0.0,0.0,0.0
274835,2025-12-05T04:00:00.000000000,5.563,5.198,0.0,0.0,0.32442967468065,0.0
274835,2025-12-05T05:00:00.000000000,5.538,5.175999999999999,0.0,0.0,0.32442967468065,0.0
274835,2025-12-05T06:00:00.000000000,5.333,4.9750000000000005,0.0,0.0,0.0,0.0
274835,2025-12-05T07:00:00.000000000,4.821,4.381,0.0,0.0,0.32442967468065,0.0
274835,2025-12-05T08:00:00.000000000,4.151,3.435,0.0,0.0,0.32442967468065,0.0
274835,2025-12-05T09:00:00.000000000,3.133,2.4370000000000003,0.0,0.0,0.0,0.0
274835,2025-12-05T10:00:00.000000000,2.277,1.617,0.0,0.0,0.32442967468065,0.0
274835,2025-12-05T11:00:00.000000000,1.8150000000000002,1.173,0.0,0.0,0.33556637534719447,0.0
274835,2025-12-05T12:00:00.000000000,1.345,1.096,0.0,0.0,0.8082900115349889,0.0
274835,2025-12-05T13:00:00.000000000,1.28,1.032,0.0,0.0,0.32442967468065,0.0
274835,2025-12-05T14:00:00.000000000,1.266,1.018,0.0,0.0,0.32442967468065,0.0
274835,2025-12-05T15:00:00.000000000,1.317,1.069,0.0,0.0,0.0,0.0
274835,2025-12-05T16:00:00.000000000,1.702,1.144,0.0,0.0,0.32442967468065,0.0
274835,2025-12-05T17:00:00.000000000,2.355,1.338,0.0,0.0,0.32442967468065,0.0
274835,2025-12-05T18:00:00.000000000,2.159,1.4769999999999999,0.0,0.0,0.0,0.0
274835,2025-12-05T19:00:00.000000000,2.098,1.803,0.0,0.0,0.32442967468065,0.0
274835,2025-12-05T20:00:00.000000000,2.6189999999999998,2.027,0.0,0.0,0.6939922941678222,0.0
274835,2025-12-05T21:00:00.000000000,2.931,2.133,0.0,0.0,0.3352733042770222,0.0
274835,2025-12-05T22:00:00.000000000,2.8009999999999997,2.1660000000000004,0.0,0.0,0.32442967468065,0.0
274835,2025-12-05T23:00:00.000000000,2.6180000000000003,2.3029999999999995,0.0,0.0,0.0,0.0
274835,2025-12-06T00:00:00.000000000,2.8489999999999998,2.5460000000000003,0.0,0.0,0.6717188928347333,0.0
274835,2025-12-06T01:00:00.000000000,3.113,2.805,0.0,0.0,0.0,0.0
274835,2025-12-06T02:00:00.000000000,3.2689999999999997,2.957,0.0,0.0,0.32442967468065,0.0
274835,2025-12-06T03:00:00.000000000,3.473,3.1590000000000003,0.0,0.0,0.32442967468065,0.0
274835,2025-12-06T04:00:00.000000000,3.652,3.333,0.0,0.0,0.0,0.0
274835,2025-12-06T05:00:00.000000000,3.8069999999999995,3.4859999999999998,0.0,0.0,0.32442967468065,0.0
274835,2025-12-06T06:00:00.000000000,3.9850000000000003,3.66,0.0,0.0,0.32442967468065,0.0
274835,2025-12-06T07:00:00.000000000,4.196999999999999,3.863,0.0,0.0,0.0,0.0
274835,2025-12-06T08:00:00.000000000,4.2780000000000005,3.939,0.0,0.0,0.32442967468065,0.0
274835,2025-12-06T09:00:00.000000000,4.351,3.716,0.0,0.0,0.32442967468065,0.0
274835,2025-12-06T10:00:00.000000000,4.074,3.358,0.0,0.0,0.0,0.0
274835,2025-12-06T11:00:00.000000000,3.67,3.261,0.0,0.0,0.32442967468065,0.0
274835,2025-12-06T12:00:00.000000000,4.034,3.3289999999999997,0.0,0.0,0.32442967468065,0.0
274835,2025-12-06T13:00:00.000000000,4.198,3.4869999999999997,0.0,0.0,0.0,0.0
274835,2025-12-06T14:00:00.000000000,4.239000000000001,3.521,0.0,0.0,0.32442967468065,0.0
274835,2025-12-06T15:00:00.000000000,4.425,3.6400000000000006,0.0,0.0,0.8088761536753333,0.0
274835,2025-12-06T16:00:00.000000000,4.551,3.645,0.0,0.0,0.6980952891502332,0.0
274835,2025-12-06T17:00:00.000000000,4.491,3.591,0.0,0.0,0.6945784363081667,0.0
274835,2025-12-06T18:00:00.000000000,3.992,3.633,0.0,0.0,0.33556637534719447,0.0
274835,2025-12-06T19:00:00.000000000,3.924,3.567,0.0,0.0,0.32442967468065,0.0
274835,2025-12-06T20:00:00.000000000,3.9259999999999997,3.557,0.0,0.0,0.34728921815408337,0.0
274835,2025-12-06T21:00:00.000000000,3.85,3.476,0.0,0.0,0.32442967468065,0.0
274835,2025-12-06T22:00:00.000000000,3.942,3.56,0.0,0.0,0.32442967468065,0.0
274835,2025-12-06T23:00:00.000000000,3.725,3.372,0.0,0.0,0.0,0.0
274835,2025-12-07T00:00:00.000000000,3.656,3.319,0.0,0.0,0.32442967468065,0.0
274835,2025-12-07T01:00:00.000000000,3.782,3.4459999999999997,0.0,0.0,0.32442967468065,0.0
274835,2025-12-07T02:00:00.000000000,3.859,3.524,0.0,0.0,0.0,0.0
274835,2025-12-07T03:00:00.000000000,3.902,3.565,0.0,0.0,0.32442967468065,0.0
274835,2025-12-07T04:00:00.000000000,3.931,3.595,0.0,0.0,0.32442967468065,0.0
274835,2025-12-07T05:00:00.000000000,3.928,3.596,0.0,0.0,0.0,0.0
274835,2025-12-07T06:00:00.000000000,3.9210000000000003,3.589,0.0,0.0,0.32442967468065,0.0
274835,2025-12-07T07:00:00.000000000,4.084,3.562,0.0,0.0,1.109860142742206,0.0
274835,2025-12-07T08:00:00.000000000,4.185,3.4610000000000003,0.0,0.0,0.47184442297727774,0.0
274835,2025-12-07T09:00:00.000000000,3.807,3.383,0.0,0.0,0.22419936868175,0.0
274835,2025-12-07T10:00:00.000000000,3.44,3.1260000000000003,0.0,0.0,0.3247227457508223,0.0
274835,2025-12-07T11:00:00.000000000,3.146,2.8459999999999996,0.0,0.0,0.3273603853823722,0.0
274835,2025-12-07T12:00:00.000000000,3.415,2.728,0.0,0.0,0.8097553668858499,0.0
274835,2025-12-07T13:00:00.000000000,3.222,2.637,0.0,0.0,0.32442967468065,0.0
274835,2025-12-07T14:00:00.000000000,3.119,2.4379999999999997,0.0,0.0,0.0,0.0
274835,2025-12-07T15:00:00.000000000,3.0860000000000003,2.344,0.0,0.0,0.32442967468065,0.0
274835,2025-12-07T16:00:00.000000000,3.328,2.459,0.0,0.0,0.32442967468065,0.0
274835,2025-12-07T17:00:00.000000000,3.8609999999999998,2.792,0.0,0.0,0.36018434524166115,0.0
274835,2025-12-07T18:00:00.000000000,3.84,2.702,0.0,0.0,1.1450286711628723,0.0
274835,2025-12-07T19:00:00.000000000,3.547,2.656,0.0,0.0,0.32442967468065,0.0
274835,2025-12-07T20:00:00.000000000,3.5920000000000005,2.6550000000000002,0.0,0.0,0.0,0.0
274835,2025-12-07T21:00:00.000000000,3.1970000000000005,2.3869999999999996,0.0,0.0,2.090769014608633,0.0
274835,2025-12-07T22:00:00.000000000,2.444,2.008,0.0,0.0,0.6942853652379946,0.0
274835,2025-12-07T23:00:00.000000000,2.232,1.9329999999999998,0.0,0.0,0.3273603853823722,0.0
274835,2025-12-08T00:00:00.000000000,2.086,1.808,0.0,0.0,0.7402975232550334,0.0
274835,2025-12-08T01:00:00.000000000,1.857,1.5870000000000002,0.0,0.0,0.32442967468065,0.0
274835,2025-12-08T02:00:00.000000000,1.703,1.438,0.0,0.0,0.0,0.0
274835,2025-12-08T03:00:00.000000000,1.5499999999999998,1.287,0.0,0.0,0.32442967468065,0.0
274835,2025-12-08T04:00:00.000000000,1.525,1.262,0.0,0.0,0.32442967468065,0.0
274835,2025-12-08T05:00:00.000000000,1.948,1.6740000000000002,0.0,0.0,0.0,0.0
274835,2025-12-08T06:00:00.000000000,3.0189999999999997,2.707,0.0,0.0,0.32442967468065,0.0
274835,2025-12-08T07:00:00.000000000,3.302,2.982,0.0,0.0,0.32442967468065,0.0
274835,2025-12-08T08:00:00.000000000,3.1879999999999997,2.543,0.0,0.0,1.206573595899039,0.0
274835,2025-12-08T09:00:00.000000000,2.893,2.199,0.0,0.0,1.1242206251806444,0.0
274835,2025-12-08T10:00:00.000000000,2.174,1.512,0.0,0.0,1.0527112840586221,0.0
274835,2025-12-08T11:00:00.000000000,1.6360000000000001,1.092,0.0,0.0,0.7083527766062612,0.0
274835,2025-12-08T12:00:00.000000000,1.195,0.947,0.0,0.0,0.33556637534719447,0.0
274835,2025-12-08T13:00:00.000000000,1.193,0.848,0.0,0.0,0.32442967468065,0.0
274835,2025-12-08T14:00:00.000000000,1.1,0.853,0.0,0.0,0.32442967468065,0.0
274835,2025-12-08T15:00:00.000000000,1.204,0.9560000000000001,0.0,0.0,0.0,0.0
274835,2025-12-08T16:00:00.000000000,1.949,1.2389999999999999,0.0,0.0,0.6843209488521389,0.0
274835,2025-12-08T17:00:00.000000000,3.012,2.16,0.0,0.0,0.32442967468065,0.0
274835,2025-12-08T18:00:00.000000000,3.8320000000000003,2.7009999999999996,0.0,0.0,0.0,0.0
274835,2025-12-08T19:00:00.000000000,4.125,3.0540000000000003,0.0,0.0,0.5017376721348444,0.0
274835,2025-12-08T20:00:00.000000000,4.281,3.334,0.0,0.0,0.8683695809202945,0.0
274835,2025-12-08T21:00:00.000000000,4.296,3.676,0.0,0.0,0.4187985592761056,0.0
274835,2025-12-08T22:00:00.000000000,4.630000000000001,3.9429999999999996,0.0,0.0,1.1019472238475556,0.0
274835,2025-12-08T23:00:00.000000000,4.471,4.107,0.0,0.0,0.0,0.0
274835,2025-12-09T00:00:00.000000000,4.568999999999999,4.215,0.0,0.0,0.32442967468065,0.0
274835,2025-12-09T01:00:00.000000000,4.753,4.398,0.0,0.0,0.32442967468065,0.0
274835,2025-12-09T02:00:00.000000000,4.878,4.523000000000001,0.0,0.0,0.0,0.0
274835,2025-12-09T03:00:00.000000000,4.819,4.465,0.0,0.0,0.32442967468065,0.0
274835,2025-12-09T04:00:00.000000000,4.787999999999999,4.435,0.0,0.0,0.32442967468065,0.0
274835,2025-12-09T05:00:00.000000000,4.908,4.552,0.0,0.0,0.0,0.0
274835,2025-12-09T06:00:00.000000000,4.875,4.519,0.0,0.0,0.32442967468065,0.0
274835,2025-12-09T07:00:00.000000000,4.718,4.3629999999999995,0.0,0.0,0.3247227457508223,0.0
274835,2025-12-09T08:00:00.000000000,4.460999999999999,3.824,0.0,0.0,0.816202930429639,0.0
274835,2025-12-09T09:00:00.000000000,3.272,2.8640000000000003,0.0,0.0,0.32442967468065,0.0
274835,2025-12-09T10:00:00.000000000,2.21,1.935,0.0,0.0,0.32442967468065,0.0
274835,2025-12-09T11:00:00.000000000,1.4760000000000002,1.226,0.0,0.0,0.0,0.0
274835,2025-12-09T12:00:00.000000000,1.142,0.8939999999999999,0.0,0.0,0.6983883602204055,0.0
274835,2025-12-09T13:00:00.000000000,0.941,0.6950000000000001,0.0,0.0,0.32442967468065,0.0
274835,2025-12-09T14:00:00.000000000,0.895,0.647,0.0,0.0,0.32442967468065,0.0
274835,2025-12-09T15:00:00.000000000,1.05,0.8029999999999999,0.0,0.0,0.0,0.0
274835,2025-12-09T16:00:00.000000000,1.44,1.188,0.0,0.0,0.32442967468065,0.0
274835,2025-12-09T17:00:00.000000000,2.8360000000000003,1.9539999999999997,0.0,0.0,0.053632005841516665,0.0
274835,2025-12-09T18:00:00.000000000,3.8039999999999994,2.676,0.0,0.0,0.27079766883913337,0.0
274835,2025-12-09T19:00:00.000000000,3.9259999999999993,2.8619999999999997,0.0,0.0,0.32442967468065,0.0
274835,2025-12-09T20:00:00.000000000,3.8689999999999998,2.935,0.0,0.0,0.7778106202370778,0.0
274835,2025-12-09T21:00:00.000000000,4.116,3.284,0.0,0.0,0.9102787439549223,0.0
274835,2025-12-09T22:00:00.000000000,4.341000000000001,3.5719999999999996,0.0,0.0,0.1781872106647111,0.0
274835,2025-12-09T23:00:00.000000000,4.274,3.6679999999999997,0.0,0.0,1.4697514169136945,0.0
274835,2025-12-10T00:00:00.000000000,4.1579999999999995,3.731,0.0,0.0,0.0,0.0
274835,2025-12-10T01:00:00.000000000,4.177,3.833,0.0,0.0,0.32442967468065,0.0
274835,2025-12-10T02:00:00.000000000,4.141,3.8,0.0,0.0,0.3247227457508223,0.0
274835,2025-12-10T03:00:00.000000000,4.247000000000001,3.904,0.0,0.0,0.0,0.0
274835,2025-12-10T04:00:00.000000000,4.3950000000000005,4.0489999999999995,0.0,0.0,0.3247227457508223,0.0
274835,2025-12-10T05:00:00.000000000,4.4990000000000006,4.154999999999999,0.0,0.0,0.32442967468065,0.0
274835,2025-12-10T06:00:00.000000000,4.797000000000001,4.312,0.0,0.0,0.0,0.0
274835,2025-12-10T07:00:00.000000000,4.842,4.146999999999999,0.0,0.0,0.3247227457508222,0.0
274835,2025-12-10T08:00:00.000000000,4.238,3.517,0.0,0.0,0.32442967468065,0.0
274835,2025-12-10T09:00:00.000000000,3.377,2.6729999999999996,0.0,0.0,0.0,0.0
274835,2025-12-10T10:00:00.000000000,2.5500000000000003,1.881,0.0,0.0,0.32442967468065,0.0
274835,2025-12-10T11:00:00.000000000,1.991,1.346,0.0,0.0,0.32442967468065,0.0
274835,2025-12-10T12:00:00.000000000,1.662,1.12,0.0,0.0,0.32442967468065,0.0
274835,2025-12-10T13:00:00.000000000,1.541,0.9039999999999999,0.0,0.0,0.32442967468065,0.0
274835,2025-12-10T14:00:00.000000000,1.4609999999999999,0.8190000000000001,0.0,0.0,0.0,0.0
274835,2025-12-10T15:00:00.000000000,1.637,0.932,0.0,0.0,0.7039567105536777,0.0
274835,2025-12-10T16:00:00.000000000,2.19,1.3579999999999999,0.0,0.0,0.0,0.0
274835,2025-12-10T17:00:00.000000000,3.441,2.392,0.0,0.0,0.32442967468065,0.0
274835,2025-12-10T18:00:00.000000000,3.897,2.951,0.0,0.0,0.6828555935012779,0.0
274835,2025-12-10T19:00:00.000000000,4.364,3.283,0.0,0.0,0.33556637534719447,0.0
274835,2025-12-10T20:00:00.000000000,4.096,3.558,0.0,0.0,0.32442967468065,0.0
274835,2025-12-10T21:00:00.000000000,3.9299999999999997,3.5589999999999997,0.0,0.0,0.32442967468065,0.0
274835,2025-12-10T22:00:00.000000000,3.898,3.52,0.0,0.0,0.3329287357156444,0.0
274835,2025-12-10T23:00:00.000000000,3.5140000000000002,3.1710000000000003,0.0,0.0,0.3247227457508223,0.0
274835,2025-12-11T00:00:00.000000000,3.1950000000000003,2.877,0.0,0.0,0.0,0.0
274835,2025-12-11T01:00:00.000000000,3.2489999999999997,2.9319999999999995,0.0,0.0,0.32442967468065,0.0
274835,2025-12-11T02:00:00.000000000,3.1470000000000002,2.832,0.0,0.0,0.32442967468065,0.0
274835,2025-12-11T03:00:00.000000000,3.044,2.734,0.0,0.0,0.0,0.0
274835,2025-12-11T04:00:00.000000000,2.885,2.58,0.0,0.0,0.32442967468065,0.0
274835,2025-12-11T05:00:00.000000000,2.928,2.625,0.0,0.0,0.32442967468065,0.0
274835,2025-12-11T06:00:00.000000000,3.096,2.7899999999999996,0.0,0.0,0.0,0.0
274835,2025-12-11T07:00:00.000000000,3.083,2.776,0.0,0.0,0.32442967468065,0.0
274835,2025-12-11T08:00:00.000000000,2.8150000000000004,2.5140000000000002,0.0,0.0,0.3446515785225333,0.0
274835,2025-12-11T09:00:00.000000000,2.386,1.8079999999999998,0.0,0.0,0.3446515785225333,0.0
274835,2025-12-11T10:00:00.000000000,1.946,1.293,0.0,0.0,0.32442967468065,0.0
274835,2025-12-11T11:00:00.000000000,1.809,1.167,0.0,0.0,0.32442967468065,0.0
274835,2025-12-11T12:00:00.000000000,1.666,1.029,0.0,0.0,0.0,0.0
274835,2025-12-11T13:00:00.000000000,1.487,0.947,0.0,0.0,0.32442967468065,0.0
274835,2025-12-11T14:00:00.000000000,1.216,0.968,0.0,0.0,0.32442967468065,0.0
274835,2025-12-11T15:00:00.000000000,1.276,1.028,0.0,0.0,0.32442967468065,0.0
274835,2025-12-11T16:00:00.000000000,1.7570000000000001,1.008,0.0,0.0,1.2056943826885222,0.0
274835,2025-12-11T17:00:00.000000000,2.278,1.262,0.0,0.0,0.33556637534719447,0.0
274835,2025-12-11T18:00:00.000000000,2.3589999999999995,1.2710000000000001,0.0,0.0,0.32442967468065,0.0
274835,2025-12-11T19:00:00.000000000,2.3329999999999997,1.312,0.0,0.0,0.32442967468065,0.0
274835,2025-12-11T20:00:00.000000000,2.278,1.3889999999999998,0.0,0.0,0.33556637534719447,0.0
274835,2025-12-11T21:00:00.000000000,2.193,1.416,0.0,0.0,0.6775803142381779,0.0
274835,2025-12-11T22:00:00.000000000,2.146,1.44,0.0,0.0,0.33556637534719447,0.0
274835,2025-12-11T23:00:00.000000000,1.838,1.459,0.0,0.0,0.32442967468065,0.0
274835,2025-12-12T00:00:00.000000000,1.735,1.468,0.0,0.0,0.0,0.0
274835,2025-12-12T01:00:00.000000000,1.813,1.491,0.0,0.0,0.32442967468065,0.0
274835,2025-12-12T02:00:00.000000000,1.777,1.4549999999999998,0.0,0.0,0.32442967468065,0.0
274835,2025-12-12T03:00:00.000000000,1.749,1.438,0.0,0.0,0.0,0.0
274835,2025-12-12T04:00:00.000000000,1.7,1.4369999999999998,0.0,0.0,0.32442967468065,0.0
274835,2025-12-12T05:00:00.000000000,1.6889999999999998,1.4300000000000002,0.0,0.0,0.32442967468065,0.0
274835,2025-12-12T06:00:00.000000000,1.876,1.4059999999999997,0.0,0.0,1.0360062330588056,0.0
274835,2025-12-12T07:00:00.000000000,1.923,1.4019999999999997,0.0,0.0,0.692526938816961,0.0
274835,2025-12-12T08:00:00.000000000,1.928,1.368,0.0,0.0,0.0,0.0
274835,2025-12-12T09:00:00.000000000,1.958,1.2970000000000002,0.0,0.0,0.32442967468065,0.0
274835,2025-12-12T10:00:00.000000000,1.883,1.2309999999999999,0.0,0.0,0.32442967468065,0.0
274835,2025-12-12T11:00:00.000000000,1.8450000000000002,1.202,0.0,0.0,0.33556637534719447,0.0
274835,2025-12-12T12:00:00.000000000,1.8270000000000002,1.186,0.0,0.0,0.32442967468065,0.0
274835,2025-12-12T13:00:00.000000000,1.83,1.192,0.0,0.0,0.0,0.0
274835,2025-12-12T14:00:00.000000000,1.842,1.1989999999999998,0.0,0.0,0.32442967468065,0.0
274835,2025-12-12T15:00:00.000000000,1.92,1.2149999999999999,0.0,0.0,0.34758228922425555,0.0
274835,2025-12-12T16:00:00.000000000,2.068,1.2389999999999999,0.0,0.0,0.32442967468065,0.0
274835,2025-12-12T17:00:00.000000000,2.308,1.25,0.0,0.0,1.8888430472599722,0.0
274835,2025-12-12T18:00:00.000000000,2.389,1.3,0.0,0.0,0.7493827264303722,0.0
274835,2025-12-12T19:00:00.000000000,2.324,1.304,0.0,0.0,0.32442967468065,0.0
274835,2025-12-12T20:00:00.000000000,2.248,1.36,0.0,0.0,0.0,0.0
274835,2025-12-12T21:00:00.000000000,2.184,1.407,0.0,0.0,0.32442967468065,0.0
274835,2025-12-12T22:00:00.000000000,1.9000000000000001,1.478,0.0,0.0,0.02549718310498333,0.0
274835,2025-12-12T23:00:00.000000000,1.784,1.499,0.0,0.0,0.29893249157566665,0.0
274835,2025-12-13T00:00:00.000000000,1.842,1.482,0.0,0.0,0.32442967468065,0.0
274835,2025-12-13T01:00:00.000000000,1.842,1.4889999999999999,0.0,0.0,0.32442967468065,0.0
274835,2025-12-13T02:00:00.000000000,1.79,1.5059999999999998,0.0,0.0,0.0,0.0
274835,2025-12-13T03:00:00.000000000,1.809,1.544,0.0,0.0,0.32442967468065,0.0
274835,2025-12-13T04:00:00.000000000,1.886,1.58,0.0,0.0,0.32442967468065,0.0
274835,2025-12-13T05:00:00.000000000,1.992,1.623,0.0,0.0,1.0465567915850054,0.0
274835,2025-12-13T06:00:00.000000000,2.129,1.624,0.0,0.0,0.0,0.0
274835,2025-12-13T07:00:00.000000000,2.0980000000000003,1.6689999999999998,0.0,0.0,0.32442967468065,0.0
274835,2025-12-13T08:00:00.000000000,2.1189999999999998,1.653,0.0,0.0,0.32442967468065,0.0
274835,2025-12-13T09:00:00.000000000,2.1830000000000003,1.5190000000000001,0.0,0.0,0.33556637534719447,0.0
274835,2025-12-13T10:00:00.000000000,2.114,1.46,0.0,0.0,0.0,0.0
274835,2025-12-13T11:00:00.000000000,1.964,1.42,0.0,0.0,0.32442967468065,0.0
274835,2025-12-13T12:00:00.000000000,1.878,1.294,0.0,0.0,1.2056943826885222,0.0
274835,2025-12-13T13:00:00.000000000,2.002,1.363,0.0,0.0,0.32442967468065,0.0
274835,2025-12-13T14:00:00.000000000,2.043,1.398,0.0,0.0,0.6488593493613,0.0
274835,2025-12-13T15:00:00.000000000,2.133,1.427,0.0,0.0,0.34758228922425555,0.0
274835,2025-12-13T16:00:00.000000000,2.277,1.447,0.0,0.0,0.33556637534719447,0.0
274835,2025-12-13T17:00:00.000000000,2.5540000000000003,1.534,0.0,0.0,1.1479593818645943,0.0
274835,2025-12-13T18:00:00.000000000,2.5260000000000002,1.439,0.0,0.0,0.0,0.0
274835,2025-12-13T19:00:00.000000000,2.434,1.4129999999999998,0.0,0.0,0.32442967468065,0.0
274835,2025-12-13T20:00:00.000000000,2.323,1.436,0.0,0.0,0.33556637534719447,0.0
274835,2025-12-13T21:00:00.000000000,2.096,1.431,0.0,0.0,0.32442967468065,0.0
274835,2025-12-13T22:00:00.000000000,1.774,1.4660000000000002,0.0,0.0,0.03194474664877222,0.0
274835,2025-12-13T23:00:00.000000000,1.742,1.4569999999999999,0.0,0.0,0.29248492803187776,0.0
274835,2025-12-14T00:00:00.000000000,1.7269999999999999,1.4579999999999997,0.0,0.0,0.32442967468065,0.0
274835,2025-12-14T01:00:00.000000000,1.7730000000000001,1.5070000000000001,0.0,0.0,0.32442967468065,0.0
274835,2025-12-14T02:00:00.000000000,1.83,1.564,0.0,0.0,0.0,0.0
274835,2025-12-14T03:00:00.000000000,1.824,1.556,0.0,0.0,0.32442967468065,0.0
274835,2025-12-14T04:00:00.000000000,1.8819999999999997,1.575,0.0,0.0,0.32442967468065,0.0
274835,2025-12-14T05:00:00.000000000,1.976,1.6070000000000002,0.0,0.0,0.0,0.0
274835,2025-12-14T06:00:00.000000000,1.864,1.571,0.0,0.0,0.6711327506943889,0.0
274835,2025-12-14T07:00:00.000000000,2.0940000000000003,1.5470000000000002,0.0,0.0,0.7499688685707168,0.0
274835,2025-12-14T08:00:00.000000000,2.1310000000000002,1.4769999999999999,0.0,0.0,0.0,0.0
274835,2025-12-14T09:00:00.000000000,2.1090000000000004,1.448,0.0,0.0,0.6602891210980166,0.0
274835,2025-12-14T10:00:00.000000000,2.0620000000000003,1.408,0.0,0.0,0.7804482598686278,0.0
274835,2025-12-14T11:00:00.000000000,2.0069999999999997,1.364,0.0,0.0,0.0,0.0
274835,2025-12-14T12:00:00.000000000,1.9740000000000002,1.334,0.0,0.0,0.32442967468065,0.0
274835,2025-12-14T13:00:00.000000000,1.939,1.301,0.0,0.0,0.33585944641736665,0.0
274835,2025-12-14T14:00:00.000000000,1.9289999999999998,1.286,0.0,0.0,0.0,0.0
274835,2025-12-14T15:00:00.000000000,2.029,1.3230000000000002,0.0,0.0,0.32442967468065,0.0
274835,2025-12-14T16:00:00.000000000,2.172,1.343,0.0,0.0,0.32442967468065,0.0
274835,2025-12-14T17:00:00.000000000,2.482,1.465,0.0,0.0,0.33556637534719447,0.0
274835,2025-12-14T18:00:00.000000000,2.5170000000000003,1.428,0.0,0.0,0.32442967468065,0.0
274835,2025-12-14T19:00:00.000000000,2.435,1.4149999999999998,0.0,0.0,0.0,0.0
274835,2025-12-14T20:00:00.000000000,2.3259999999999996,1.4379999999999997,0.0,0.0,0.32442967468065,0.0
274835,2025-12-14T21:00:00.000000000,2.235,1.458,0.0,0.0,0.68314866457145,0.0
274835,2025-12-14T22:00:00.000000000,2.261,1.5539999999999998,0.0,0.0,0.33585944641736665,0.0
274835,2025-12-14T23:00:00.000000000,2.1029999999999998,1.5630000000000002,0.0,0.0,0.0,0.0
274835,2025-12-15T00:00:00.000000000,1.991,1.5740000000000003,0.0,0.0,0.32442967468065,0.0
274835,2025-12-15T01:00:00.000000000,2.029,1.7249999999999999,0.0,0.0,0.32442967468065,0.0
274835,2025-12-15T02:00:00.000000000,1.975,1.705,0.0,0.0,0.0,0.0
274835,2025-12-15T03:00:00.000000000,1.916,1.648,0.0,0.0,0.32442967468065,0.0
274835,2025-12-15T04:00:00.000000000,1.9,1.634,0.0,0.0,0.32442967468065,0.0
274835,2025-12-15T05:00:00.000000000,1.864,1.5990000000000002,0.0,0.0,0.0,0.0
274835,2025-12-15T06:00:00.000000000,2.0220000000000002,1.544,0.0,0.0,0.32442967468065,0.0
274835,2025-12-15T07:00:00.000000000,2.1050000000000004,1.487,0.0,0.0,0.32442967468065,0.0
274835,2025-12-15T08:00:00.000000000,2.028,1.4689999999999999,0.0,0.0,0.0,0.0
274835,2025-12-15T09:00:00.000000000,1.7249999999999999,1.467,0.0,0.0,0.6720119639049056,0.0
274835,2025-12-15T10:00:00.000000000,1.666,1.412,0.0,0.0,0.0,0.0
274835,2025-12-15T11:00:00.000000000,1.639,1.389,0.0,0.0,0.6854932331328278,0.0
274835,2025-12-15T12:00:00.000000000,1.643,1.395,0.0,0.0,0.32442967468065,0.0
274835,2025-12-15T13:00:00.000000000,1.6369999999999998,1.386,0.0,0.0,0.32442967468065,0.0
274835,2025-12-15T14:00:00.000000000,1.654,1.406,0.0,0.0,0.0,0.0
274835,2025-12-15T15:00:00.000000000,1.694,1.446,0.0,0.0,0.32442967468065,0.0
274835,2025-12-15T16:00:00.000000000,1.758,1.504,0.0,0.0,0.32442967468065,0.0
274835,2025-12-15T17:00:00.000000000,2.552,1.865,0.0,0.0,0.0,0.0
274835,2025-12-15T18:00:00.000000000,2.702,2.382,0.0,0.0,0.32442967468065,0.0
274835,2025-12-15T19:00:00.000000000,3.119,2.033,0.0,0.0,1.531003270579689,0.0
274835,2025-12-15T20:00:00.000000000,3.1780000000000004,2.261,0.0,0.0,0.0,0.0
274835,2025-12-15T21:00:00.000000000,3.113,2.304,0.0,0.0,0.6854932331328278,0.0
274835,2025-12-15T22:00:00.000000000,3.1430000000000002,2.402,0.0,0.0,0.0,0.0
274835,2025-12-15T23:00:00.000000000,2.865,2.447,0.0,0.0,0.7801551887984556,0.0
274835,2025-12-16T00:00:00.000000000,2.812,2.5010000000000003,0.0,0.0,0.32442967468065,0.0
274835,2025-12-16T01:00:00.000000000,2.889,2.5780000000000003,0.0,0.0,0.32442967468065,0.0
274835,2025-12-16T02:00:00.000000000,2.966,2.653,0.0,0.0,0.7810344020089722,0.0
274835,2025-12-16T03:00:00.000000000,3.0460000000000003,2.729,0.0,0.0,0.32442967468065,0.0
274835,2025-12-16T04:00:00.000000000,3.037,2.7220000000000004,0.0,0.0,0.32442967468065,0.0
274835,2025-12-16T05:00:00.000000000,2.5340000000000003,2.242,0.0,0.0,0.0,0.0
274835,2025-12-16T06:00:00.000000000,2.185,1.7029999999999998,0.0,0.0,0.32442967468065,0.0
274835,2025-12-16T07:00:00.000000000,2.229,1.605,0.0,0.0,0.6810971670802444,0.0
274835,2025-12-16T08:00:00.000000000,2.1610000000000005,1.5030000000000001,0.0,0.0,1.278082937021061,0.0
274835,2025-12-16T09:00:00.000000000,2.0920000000000005,1.428,0.0,0.0,0.850492245639789,0.0
274835,2025-12-16T10:00:00.000000000,1.903,1.347,0.0,0.0,0.6717188928347333,0.0
274835,2025-12-16T11:00:00.000000000,1.5339999999999998,1.284,0.0,0.0,0.6854932331328278,0.0
274835,2025-12-16T12:00:00.000000000,1.4629999999999999,1.214,0.0,0.0,0.33585944641736665,0.0
274835,2025-12-16T13:00:00.000000000,1.424,1.175,0.0,0.0,1.1142562087947887,0.0
274835,2025-12-16T14:00:00.000000000,1.4049999999999998,1.157,0.0,0.0,0.06037264045547777,0.0
274835,2025-12-16T15:00:00.000000000,1.4339999999999997,1.186,0.0,0.0,0.32442967468065,0.0
274835,2025-12-16T16:00:00.000000000,1.52,1.267,0.0,0.0,0.0,0.0
274835,2025-12-16T17:00:00.000000000,1.723,1.4340000000000002,0.0,0.0,0.32442967468065,0.0
274835,2025-12-16T18:00:00.000000000,1.71,1.428,0.0,0.0,0.32442967468065,0.0
274835,2025-12-16T19:00:00.000000000,1.83,1.331,0.0,0.0,1.206573595899039,0.0
274835,2025-12-16T20:00:00.000000000,2.243,1.359,0.0,0.0,0.32442967468065,0.0
274835,2025-12-16T21:00:00.000000000,2.146,1.3739999999999999,0.0,0.0,0.32442967468065,0.0
274835,2025-12-16T22:00:00.000000000,2.084,1.3809999999999998,0.0,0.0,0.0,0.0
274835,2025-12-16T23:00:00.000000000,1.915,1.3800000000000001,0.0,0.0,1.6529208357713332,0.0
274835,2025-12-17T00:00:00.000000000,1.758,1.375,0.0,0.0,0.7057151369747111,0.0
274835,2025-12-17T01:00:00.000000000,1.652,1.386,0.0,0.0,0.32442967468065,0.0
274835,2025-12-17T02:00:00.000000000,1.6529999999999998,1.388,0.0,0.0,0.32442967468065,0.0
274835,2025-12-17T03:00:00.000000000,1.659,1.395,0.0,0.0,0.0,0.0
274835,2025-12-17T04:00:00.000000000,1.613,1.3510000000000002,0.0,0.0,0.32442967468065,0.0
274835,2025-12-17T05:00:00.000000000,1.579,1.322,0.0,0.0,0.32442967468065,0.0
274835,2025-12-17T06:00:00.000000000,1.538,1.2790000000000001,0.0,0.0,0.0,0.0
274835,2025-12-17T07:00:00.000000000,1.452,1.1929999999999998,0.0,0.0,0.32442967468065,0.0
274835,2025-12-17T08:00:00.000000000,1.322,1.0630000000000002,0.0,0.0,0.0,0.0
274835,2025-12-17T09:00:00.000000000,1.2069999999999999,0.95,0.0,0.0,0.32442967468065,0.0
274835,2025-12-17T10:00:00.000000000,1.262,0.8109999999999999,0.0,0.0,0.32442967468065,0.0
274835,2025-12-17T11:00:00.000000000,1.22,0.538,0.0,0.0,1.2056943826885222,0.0
274835,2025-12-17T12:00:00.000000000,1.171,0.532,0.0,0.0,0.32442967468065,0.0
274835,2025-12-17T13:00:00.000000000,1.111,0.477,0.0,0.0,0.3241366036104778,0.0
274835,2025-12-17T14:00:00.000000000,1.1199999999999999,0.478,0.0,0.0,0.0,0.0
274835,2025-12-17T15:00:00.000000000,0.941,0.5940000000000001,0.0,0.0,0.32442967468065,0.0
274835,2025-12-17T16:00:00.000000000,1.39,0.523,0.0,0.0,1.5301240573691723,0.0
274835,2025-12-17T17:00:00.000000000,1.7590000000000001,0.744,0.0,0.0,1.0972580867247999,0.0
274835,2025-12-17T18:00:00.000000000,1.867,0.78,0.0,0.0,0.36985569055734446,0.0
274835,2025-12-17T19:00:00.000000000,1.8190000000000002,0.8,0.0,0.0,0.34728921815408337,0.0
274835,2025-12-17T20:00:00.000000000,1.7129999999999999,0.826,0.0,0.0,0.6799248827995557,0.0
274835,2025-12-17T21:00:00.000000000,1.6309999999999998,0.856,0.0,0.0,1.1001887974265223,0.0
274835,2025-12-17T22:00:00.000000000,1.592,0.888,0.0,0.0,0.3437723653120167,0.0
274835,2025-12-17T23:00:00.000000000,1.4340000000000002,0.895,0.0,0.0,0.33556637534719447,0.0
274835,2025-12-18T00:00:00.000000000,1.331,0.921,0.0,0.0,0.3317564514349555,0.0
274835,2025-12-18T01:00:00.000000000,1.259,0.964,0.0,0.0,0.32442967468065,0.0
274835,2025-12-18T02:00:00.000000000,1.24,0.976,0.0,0.0,0.0,0.0
274835,2025-12-18T03:00:00.000000000,1.262,0.999,0.0,0.0,0.32442967468065,0.0
274835,2025-12-18T04:00:00.000000000,1.3030000000000002,1.041,0.0,0.0,0.32442967468065,0.0
274835,2025-12-18T05:00:00.000000000,1.347,1.089,0.0,0.0,0.0,0.0
274835,2025-12-18T06:00:00.000000000,1.396,1.1389999999999998,0.0,0.0,0.32442967468065,0.0
274835,2025-12-18T07:00:00.000000000,1.8489999999999998,1.121,0.0,0.0,0.3282395985928889,0.0
274835,2025-12-18T08:00:00.000000000,1.919,1.1760000000000002,0.0,0.0,1.0817253200056722,0.0
274835,2025-12-18T09:00:00.000000000,1.981,1.1989999999999998,0.0,0.0,1.9322175656454612,0.0
274835,2025-12-18T10:00:00.000000000,1.5950000000000002,0.942,0.0,0.0,0.32442967468065,0.0
274835,2025-12-18T11:00:00.000000000,1.413,0.7290000000000001,0.0,0.0,1.5298309862989998,0.0
274835,2025-12-18T12:00:00.000000000,1.362,0.7229999999999999,0.0,0.0,0.3241366036104778,0.0
274835,2025-12-18T13:00:00.000000000,1.2790000000000001,0.642,0.0,0.0,0.8147375750787778,0.0
274835,2025-12-18T14:00:00.000000000,1.223,0.581,0.0,0.0,0.3241366036104778,0.0
274835,2025-12-18T15:00:00.000000000,1.3609999999999998,0.657,0.0,0.0,0.0,0.0
274835,2025-12-18T16:00:00.000000000,1.5790000000000002,0.7320000000000001,0.0,0.0,1.7894919544715888,0.0
274835,2025-12-18T17:00:00.000000000,1.8090000000000002,0.73,0.0,0.0,2.557045087252639,0.0
274835,2025-12-18T18:00:00.000000000,1.9780000000000002,0.8899999999999999,0.0,0.0,0.0,0.0
274835,2025-12-18T19:00:00.000000000,1.934,0.915,0.0,0.0,0.33556637534719447,0.0
274835,2025-12-18T20:00:00.000000000,1.867,0.979,0.0,0.0,0.3241366036104778,0.0
274835,2025-12-18T21:00:00.000000000,1.5229999999999997,1.082,0.0,0.0,0.71480034015005,0.0
274835,2025-12-18T22:00:00.000000000,1.459,1.1509999999999998,0.0,0.0,0.3241366036104778,0.0
274835,2025-12-18T23:00:00.000000000,1.441,1.158,0.0,0.0,0.0,0.0
274835,2025-12-19T00:00:00.000000000,1.432,1.162,0.0,0.0,0.3241366036104778,0.0
274835,2025-12-19T01:00:00.000000000,1.44,1.175,0.0,0.0,0.0,0.0
274835,2025-12-19T02:00:00.000000000,1.44,1.176,0.0,0.0,0.32442967468065,0.0
274835,2025-12-19T03:00:00.000000000,1.438,1.1749999999999998,0.0,0.0,0.32442967468065,0.0
274835,2025-12-19T04:00:00.000000000,1.436,1.172,0.0,0.0,0.0,0.0
274835,2025-12-19T05:00:00.000000000,1.4900000000000002,1.2289999999999999,0.0,0.0,0.3241366036104778,0.0
274835,2025-12-19T06:00:00.000000000,1.503,1.246,0.0,0.0,0.32442967468065,0.0
274835,2025-12-19T07:00:00.000000000,1.5150000000000001,1.256,0.0,0.0,0.0,0.0
274835,2025-12-19T08:00:00.000000000,1.5190000000000001,1.26,0.0,0.0,0.5999164806425389,0.0
274835,2025-12-19T09:00:00.000000000,1.77,1.208,0.0,0.0,0.8273396310961834,0.0
274835,2025-12-19T10:00:00.000000000,1.7089999999999999,1.056,0.0,0.0,1.114256208794789,0.0
274835,2025-12-19T11:00:00.000000000,1.571,0.9289999999999999,0.0,0.0,1.0735193300408499,0.0
274835,2025-12-19T12:00:00.000000000,1.3219999999999998,0.878,0.0,0.0,0.3241366036104778,0.0
274835,2025-12-19T13:00:00.000000000,1.592,0.905,0.0,0.0,0.32589503003151116,0.0
274835,2025-12-19T14:00:00.000000000,1.821,1.0819999999999999,0.0,0.0,2.3363625714129554,0.0
274835,2025-12-19T15:00:00.000000000,2.095,1.23,0.0,0.0,2.4682445529904555,0.0
274835,2025-12-19T16:00:00.000000000,2.208,1.219,0.0,0.0,2.4629692737273556,0.0
274835,2025-12-19T17:00:00.000000000,2.0380000000000003,0.9540000000000001,0.0,0.0,2.232615412571989,0.0
274835,2025-12-19T18:00:00.000000000,2.0519999999999996,0.964,0.0,0.0,0.3241366036104778,0.0
274835,2025-12-19T19:00:00.000000000,2.057,1.038,0.0,0.0,0.0,0.0
274835,2025-12-19T20:00:00.000000000,1.9959999999999998,1.108,0.0,0.0,0.6482732072209556,0.0
274835,2025-12-19T21:00:00.000000000,1.907,1.131,0.0,0.0,0.0,0.0
274835,2025-12-19T22:00:00.000000000,1.8219999999999998,1.213,0.0,0.0,0.32413660361047775,0.0
274835,2025-12-19T23:00:00.000000000,1.5330000000000001,1.248,0.0,0.0,0.0,0.0
274835,2025-12-20T00:00:00.000000000,1.6509999999999998,1.3820000000000001,0.0,0.0,0.32442967468065,0.0
274835,2025-12-20T01:00:00.000000000,2.2060000000000004,1.924,0.0,0.0,0.32442967468065,0.0
274835,2025-12-20T02:00:00.000000000,2.978,2.668,0.0,0.0,0.0,0.0
274835,2025-12-20T03:00:00.000000000,3.1510000000000002,2.8409999999999997,0.0,0.0,0.32442967468065,0.0
274835,2025-12-20T04:00:00.000000000,3.343,3.0300000000000002,0.0,0.0,0.32442967468065,0.0
274835,2025-12-20T05:00:00.000000000,3.563,3.248,0.0,0.0,0.0,0.0
274835,2025-12-20T06:00:00.000000000,3.968,3.643,0.0,0.0,0.32442967468065,0.0
274835,2025-12-20T07:00:00.000000000,4.075,3.746,0.0,0.0,0.32442967468065,0.0
274835,2025-12-20T08:00:00.000000000,3.959,3.344,0.0,0.0,0.0,0.0
274835,2025-12-20T09:00:00.000000000,3.531,2.8280000000000003,0.0,0.0,0.32442967468065,0.0
274835,2025-12-20T10:00:00.000000000,3.112,2.429,0.0,0.0,0.32442967468065,0.0
274835,2025-12-20T11:00:00.000000000,2.901,2.2329999999999997,0.0,0.0,0.0,0.0
274835,2025-12-20T12:00:00.000000000,2.6100000000000003,1.954,0.0,0.0,0.32442967468065004,0.0
274835,2025-12-20T13:00:00.000000000,2.3489999999999998,1.703,0.0,0.0,0.32442967468065,0.0
274835,2025-12-20T14:00:00.000000000,2.347,1.694,0.0,0.0,0.0,0.0
274835,2025-12-20T15:00:00.000000000,2.542,1.824,0.0,0.0,0.32442967468065,0.0
274835,2025-12-20T16:00:00.000000000,2.886,1.956,0.0,0.0,3.639942691539,0.0
274835,2025-12-20T17:00:00.000000000,4.032,2.9699999999999998,0.0,0.0,0.0,0.0
274835,2025-12-20T18:00:00.000000000,4.165,3.2289999999999996,0.0,0.0,0.33585944641736665,0.0
274835,2025-12-20T19:00:00.000000000,4.261,3.5620000000000003,0.0,0.0,0.33585944641736665,0.0
274835,2025-12-20T20:00:00.000000000,4.624,3.672,0.0,0.0,1.1775595599519888,0.0
274835,2025-12-20T21:00:00.000000000,4.648999999999999,3.8049999999999997,0.0,0.0,0.7652085642196722,0.0
274835,2025-12-20T22:00:00.000000000,4.717,4.034000000000001,0.0,0.0,0.32442967468065,0.0
274835,2025-12-20T23:00:00.000000000,4.548,4.186,0.0,0.0,0.36135662952235004,0.0
274835,2025-12-21T00:00:00.000000000,4.720000000000001,4.37,0.0,0.0,0.32442967468065,0.0
274835,2025-12-21T01:00:00.000000000,4.814,4.464,0.0,0.0,0.32442967468065,0.0
274835,2025-12-21T02:00:00.000000000,4.813,4.464,0.0,0.0,0.0,0.0
274835,2025-12-21T03:00:00.000000000,4.83,4.48,0.0,0.0,0.3247227457508223,0.0
274835,2025-12-21T04:00:00.000000000,5.008,4.654999999999999,0.0,0.0,0.3247227457508223,0.0
274835,2025-12-21T05:00:00.000000000,5.291,4.937,0.0,0.0,0.0,0.0
274835,2025-12-21T06:00:00.000000000,5.33,4.974,0.0,0.0,0.3247227457508223,0.0
274835,2025-12-21T07:00:00.000000000,5.157,4.691,0.0,0.0,0.9539463334105833,0.0
274835,2025-12-21T08:00:00.000000000,4.855,4.103999999999999,0.0,0.0,1.2604986728107277,0.0
274835,2025-12-21T09:00:00.000000000,4.186,3.464,0.0,0.0,0.6723050349750779,0.0
274835,2025-12-21T10:00:00.000000000,3.396,2.7049999999999996,0.0,0.0,1.47971583329955,0.0
274835,2025-12-21T11:00:00.000000000,2.556,1.8990000000000002,0.0,0.0,0.6860793752731722,0.0
274835,2025-12-21T12:00:00.000000000,2.077,1.4360000000000002,0.0,0.0,0.0,0.0
274835,2025-12-21T13:00:00.000000000,1.907,1.27,0.0,0.0,0.6488593493613,0.0
274835,2025-12-21T14:00:00.000000000,1.593,1.248,0.0,0.0,0.0,0.0
274835,2025-12-21T15:00:00.000000000,1.67,1.421,0.0,0.0,0.33585944641736665,0.0
274835,2025-12-21T16:00:00.000000000,2.3049999999999997,2.033,0.0,0.0,0.6840278777819666,0.0
274835,2025-12-21T17:00:00.000000000,3.323,2.9890000000000003,0.0,0.0,1.1072225031106555,0.0
274835,2025-12-21T18:00:00.000000000,3.6750000000000003,3.336,0.0,0.0,0.0,0.0
274835,2025-12-21T19:00:00.000000000,4.241,3.541,0.0,0.0,0.32442967468065,0.0
274835,2025-12-21T20:00:00.000000000,4.847,3.886,0.0,0.0,0.34816843136459996,0.0
274835,2025-12-21T21:00:00.000000000,5.318,4.454000000000001,0.0,0.0,2.0852006642753613,0.0
274835,2025-12-21T22:00:00.000000000,5.462,4.664,0.0,0.0,0.6775803142381778,0.0
274835,2025-12-21T23:00:00.000000000,5.398000000000001,4.765000000000001,0.0,0.0,1.3979490047215002,0.0
274835,2025-12-22T00:00:00.000000000,5.436,5.013,0.0,0.0,0.3361525174875389,0.0
274835,2025-12-22T01:00:00.000000000,5.333,4.9670000000000005,0.0,0.0,0.0,0.0
274835,2025-12-22T02:00:00.000000000,5.3870000000000005,5.023,0.0,0.0,0.3247227457508223,0.0
274835,2025-12-22T03:00:00.000000000,5.386000000000001,5.021,0.0,0.0,0.3247227457508223,0.0
274835,2025-12-22T04:00:00.000000000,5.257000000000001,4.893,0.0,0.0,0.0,0.0
274835,2025-12-22T05:00:00.000000000,5.134,4.773,0.0,0.0,0.3247227457508223,0.0
274835,2025-12-22T06:00:00.000000000,4.833,4.48,0.0,0.0,0.3247227457508223,0.0
274835,2025-12-22T07:00:00.000000000,4.618,4.268000000000001,0.0,0.0,0.0,0.0
274835,2025-12-22T08:00:00.000000000,4.238,3.609,0.0,0.0,0.3247227457508223,0.0
274835,2025-12-22T09:00:00.000000000,3.508,2.802,0.0,0.0,0.3247227457508223,0.0
274835,2025-12-22T10:00:00.000000000,2.771,2.094,0.0,0.0,0.0,0.0
274835,2025-12-22T11:00:00.000000000,2.3,1.647,0.0,0.0,1.0368854462693222,0.0
274835,2025-12-22T12:00:00.000000000,1.9949999999999999,1.354,0.0,0.0,0.7013190709221278,0.0
274835,2025-12-22T13:00:00.000000000,1.9340000000000002,1.296,0.0,0.0,0.03839231019256111,0.0
274835,2025-12-22T14:00:00.000000000,2.026,1.3820000000000001,0.0,0.0,0.28603736448808886,0.0
274835,2025-12-22T15:00:00.000000000,2.301,1.5899999999999999,0.0,0.0,0.32442967468065,0.0
274835,2025-12-22T16:00:00.000000000,2.714,1.8699999999999999,0.0,0.0,0.7238855433253889,0.0
274835,2025-12-22T17:00:00.000000000,3.138,2.472,0.0,0.0,1.1318404730051221,0.0
274835,2025-12-22T18:00:00.000000000,3.5859999999999994,2.463,0.0,0.0,0.34846150243477225,0.0
274835,2025-12-22T19:00:00.000000000,3.403,2.3129999999999997,0.0,0.0,1.5427261133865777,0.0
274835,2025-12-22T20:00:00.000000000,3.424,2.503,0.0,0.0,0.3361525174875389,0.0
274835,2025-12-22T21:00:00.000000000,3.279,2.471,0.0,0.0,0.3247227457508223,0.0
274835,2025-12-22T22:00:00.000000000,3.3289999999999997,2.588,0.0,0.0,0.3247227457508223,0.0
274835,2025-12-22T23:00:00.000000000,3.185,2.6090000000000004,0.0,0.0,0.0,0.0
274835,2025-12-23T00:00:00.000000000,3.148,2.6910000000000003,0.0,0.0,0.32472274575082216,0.0
274835,2025-12-23T01:00:00.000000000,3.2699999999999996,2.8659999999999997,0.0,0.0,0.32442967468065,0.0
274835,2025-12-23T02:00:00.000000000,3.239,2.904,0.0,0.0,0.0,0.0
274835,2025-12-23T03:00:00.000000000,3.242,2.927,0.0,0.0,0.3247227457508222,0.0
274835,2025-12-23T04:00:00.000000000,3.3209999999999997,3.003,0.0,0.0,0.33351487785598893,0.0
274835,2025-12-23T05:00:00.000000000,3.4139999999999997,3.094,0.0,0.0,0.3247227457508223,0.0
274835,2025-12-23T06:00:00.000000000,3.363,3.043,0.0,0.0,0.0,0.0
274835,2025-12-23T07:00:00.000000000,3.336,2.925,0.0,0.0,0.3247227457508223,0.0
274835,2025-12-23T08:00:00.000000000,3.2359999999999998,2.54,0.0,0.0,0.3247227457508223,0.0
274835,2025-12-23T09:00:00.000000000,2.769,2.08,0.0,0.0,0.0,0.0
274835,2025-12-23T10:00:00.000000000,2.029,1.76,0.0,0.0,0.32442967468065,0.0
274835,2025-12-23T11:00:00.000000000,1.832,1.575,0.0,0.0,0.6980952891502333,0.0
274835,2025-12-23T12:00:00.000000000,1.648,1.3989999999999998,0.0,0.0,0.34846150243477225,0.0
274835,2025-12-23T13:00:00.000000000,1.617,1.368,0.0,0.0,0.6728911771154222,0.0
274835,2025-12-23T14:00:00.000000000,1.612,1.364,0.0,0.0,0.0,0.0
274835,2025-12-23T15:00:00.000000000,1.71,1.46,0.0,0.0,0.32442967468065,0.0
274835,2025-12-23T16:00:00.000000000,2.6140000000000003,1.77,0.0,0.0,0.32442967468065,0.0
274835,2025-12-23T17:00:00.000000000,3.4210000000000003,2.371,0.0,0.0,0.0,0.0
274835,2025-12-23T18:00:00.000000000,3.68,2.552,0.0,0.0,0.32442967468065,0.0
274835,2025-12-23T19:00:00.000000000,3.899,2.8329999999999997,0.0,0.0,0.6846140199223112,0.0
274835,2025-12-23T20:00:00.000000000,3.963,3.0220000000000002,0.0,0.0,0.3247227457508223,0.0
274835,2025-12-23T21:00:00.000000000,3.8349999999999995,3.005,0.0,0.0,0.3361525174875389,0.0
274835,2025-12-23T22:00:00.000000000,3.83,3.068,0.0,0.0,0.0,0.0
274835,2025-12-23T23:00:00.000000000,3.554,2.96,0.0,0.0,1.0483152180060389,0.0
274835,2025-12-24T00:00:00.000000000,2.776,2.391,0.0,0.0,0.3247227457508223,0.0
274835,2025-12-24T01:00:00.000000000,2.1490000000000005,1.8699999999999999,0.0,0.0,0.3247227457508223,0.0
274835,2025-12-24T02:00:00.000000000,2.089,1.814,0.0,0.0,0.0,0.0
274835,2025-12-24T03:00:00.000000000,2.023,1.75,0.0,0.0,0.3247227457508223,0.0
274835,2025-12-24T04:00:00.000000000,1.975,1.678,0.0,0.0,0.3247227457508223,0.0
274835,2025-12-24T05:00:00.000000000,1.865,1.6019999999999999,0.0,0.0,0.0,0.0
274835,2025-12-24T06:00:00.000000000,1.7710000000000001,1.5110000000000001,0.0,0.0,0.32442967468065,0.0
274835,2025-12-24T07:00:00.000000000,1.688,1.4280000000000002,0.0,0.0,0.32442967468065,0.0
274835,2025-12-24T08:00:00.000000000,1.8379999999999999,1.1840000000000002,0.0,0.0,0.34846150243477225,0.0
274835,2025-12-24T09:00:00.000000000,1.682,1.021,0.0,0.0,0.32442967468065,0.0
274835,2025-12-24T10:00:00.000000000,1.5139999999999998,0.8619999999999999,0.0,0.0,0.0,0.0
274835,2025-12-24T11:00:00.000000000,1.379,0.7370000000000001,0.0,0.0,0.32442967468065,0.0
274835,2025-12-24T12:00:00.000000000,1.36,0.7210000000000001,0.0,0.0,0.32442967468065,0.0
274835,2025-12-24T13:00:00.000000000,1.326,0.6900000000000001,0.0,0.0,0.32442967468065,0.0
274835,2025-12-24T14:00:00.000000000,1.3230000000000002,0.6819999999999999,0.0,0.0,0.0,0.0
274835,2025-12-24T15:00:00.000000000,1.423,0.7190000000000001,0.0,0.0,0.32442967468065,0.0
274835,2025-12-24T16:00:00.000000000,1.607,0.7790000000000001,0.0,0.0,0.33585944641736665,0.0
274835,2025-12-24T17:00:00.000000000,1.8659999999999999,0.851,0.0,0.0,0.3241366036104778,0.0
274835,2025-12-24T18:00:00.000000000,1.904,0.8180000000000001,0.0,0.0,0.32442967468065,0.0
274835,2025-12-24T19:00:00.000000000,1.803,0.784,0.0,0.0,0.6602891210980166,0.0
274835,2025-12-24T20:00:00.000000000,1.6849999999999998,0.8,0.0,0.0,0.35989127417148886,0.0
274835,2025-12-24T21:00:00.000000000,1.66,0.884,0.0,0.0,1.0342478066377723,0.0
274835,2025-12-24T22:00:00.000000000,1.677,0.973,0.0,0.0,0.32442967468065,0.0
274835,2025-12-24T23:00:00.000000000,1.564,1.0270000000000001,0.0,0.0,0.0,0.0
274835,2025-12-25T00:00:00.000000000,1.5859999999999999,1.174,0.0,0.0,0.32442967468065,0.0
274835,2025-12-25T01:00:00.000000000,1.74,1.388,0.0,0.0,0.0,0.0
274835,2025-12-25T02:00:00.000000000,1.792,1.525,0.0,0.0,0.32442967468065,0.0
274835,2025-12-25T03:00:00.000000000,2.7120000000000006,2.409,0.0,0.0,0.32442967468065,0.0
274835,2025-12-25T04:00:00.000000000,2.763,2.461,0.0,0.0,0.0,0.0
274835,2025-12-25T05:00:00.000000000,2.755,2.4619999999999997,0.0,0.0,0.32442967468065,0.0
274835,2025-12-25T06:00:00.000000000,2.8779999999999997,2.582,0.0,0.0,0.32442967468065,0.0
274835,2025-12-25T07:00:00.000000000,3.1870000000000003,2.7689999999999997,0.0,0.0,0.6028471913442611,0.0
274835,2025-12-25T08:00:00.000000000,3.464,2.636,0.0,0.0,0.9272768660249112,0.0
274835,2025-12-25T09:00:00.000000000,3.266,2.471,0.0,0.0,0.5418884087484389,0.0
274835,2025-12-25T10:00:00.000000000,3.601,2.746,0.0,0.0,2.471175263692178,0.0
274835,2025-12-25T11:00:00.000000000,3.275,2.439,0.0,0.0,2.460624705165978,0.0
274835,2025-12-25T12:00:00.000000000,3.008,2.184,0.0,0.0,3.199163801999978,0.0
274835,2025-12-25T13:00:00.000000000,2.736,1.958,0.0,0.0,1.9653345965749225,0.0
274835,2025-12-25T14:00:00.000000000,2.101,1.456,0.0,0.0,0.6679089689224945,0.0
274835,2025-12-25T15:00:00.000000000,2.43,1.7149999999999999,0.0,0.0,0.3382040149787444,0.0
274835,2025-12-25T16:00:00.000000000,3.122,2.2670000000000003,0.0,0.0,0.7065943501852279,0.0
274835,2025-12-25T17:00:00.000000000,3.9530000000000003,2.893,0.0,0.0,0.32442967468065,0.0
274835,2025-12-25T18:00:00.000000000,4.116,2.981,0.0,0.0,0.32442967468065,0.0
274835,2025-12-25T19:00:00.000000000,4.253,3.1820000000000004,0.0,0.0,0.7353153150621057,0.0
274835,2025-12-25T20:00:00.000000000,4.426,3.479,0.0,0.0,1.093155091742389,0.0
274835,2025-12-25T21:00:00.000000000,4.52,3.678,0.0,0.0,0.3361525174875389,0.0
274835,2025-12-25T22:00:00.000000000,4.7219999999999995,4.2219999999999995,0.0,0.0,0.3247227457508223,0.0
274835,2025-12-25T23:00:00.000000000,4.7860000000000005,4.414,0.0,0.0,0.0,0.0
274835,2025-12-26T00:00:00.000000000,4.684,4.332,0.0,0.0,0.3361525174875389,0.0
274835,2025-12-26T01:00:00.000000000,4.962,4.605,0.0,0.0,0.3247227457508223,0.0
274835,2025-12-26T02:00:00.000000000,4.748,4.396,0.0,0.0,0.3247227457508223,0.0
274835,2025-12-26T03:00:00.000000000,4.428,4.085,0.0,0.0,0.0,0.0
274835,2025-12-26T04:00:00.000000000,4.429,4.089,0.0,0.0,0.3247227457508223,0.0
274835,2025-12-26T05:00:00.000000000,4.413,4.0760000000000005,0.0,0.0,0.3247227457508223,0.0
274835,2025-12-26T06:00:00.000000000,4.454,4.117,0.0,0.0,0.0,0.0
274835,2025-12-26T07:00:00.000000000,4.369,4.034000000000001,0.0,0.0,0.3247227457508223,0.0
274835,2025-12-26T08:00:00.000000000,4.268,3.6420000000000003,0.0,0.0,0.3247227457508223,0.0
274835,2025-12-26T09:00:00.000000000,3.39,2.9850000000000003,0.0,0.0,0.0,0.0
274835,2025-12-26T10:00:00.000000000,2.582,2.3020000000000005,0.0,0.0,0.3247227457508223,0.0
274835,2025-12-26T11:00:00.000000000,1.986,1.7269999999999999,0.0,0.0,0.3247227457508223,0.0
274835,2025-12-26T12:00:00.000000000,1.637,1.387,0.0,0.0,0.0,0.0
274835,2025-12-26T13:00:00.000000000,1.5070000000000001,1.259,0.0,0.0,0.32442967468065,0.0
274835,2025-12-26T14:00:00.000000000,1.7580000000000002,1.21,0.0,0.0,0.32442967468065,0.0
274835,2025-12-26T15:00:00.000000000,2.018,1.3119999999999998,0.0,0.0,0.0,0.0
274835,2025-12-26T16:00:00.000000000,2.6310000000000002,1.79,0.0,0.0,0.32442967468065,0.0
274835,2025-12-26T17:00:00.000000000,3.625,2.572,0.0,0.0,0.32442967468065,0.0
274835,2025-12-26T18:00:00.000000000,3.406,3.0719999999999996,0.0,0.0,0.3361525174875389,0.0
274835,2025-12-26T19:00:00.000000000,3.713,3.37,0.0,0.0,0.6983883602204055,0.0
274835,2025-12-26T20:00:00.000000000,3.8,3.4399999999999995,0.0,0.0,0.6723050349750778,0.0
274835,2025-12-26T21:00:00.000000000,3.7649999999999997,3.3970000000000002,0.0,0.0,0.80448008762275,0.0
274835,2025-12-26T22:00:00.000000000,3.927,3.548,0.0,0.0,0.3247227457508223,0.0
274835,2025-12-26T23:00:00.000000000,3.761,3.407,0.0,0.0,0.0,0.0
274835,2025-12-27T00:00:00.000000000,3.6109999999999998,3.276,0.0,0.0,0.3247227457508223,0.0
274835,2025-12-27T01:00:00.000000000,3.4309999999999996,3.1020000000000003,0.0,0.0,0.3247227457508223,0.0
274835,2025-12-27T02:00:00.000000000,3.46,3.1290000000000004,0.0,0.0,0.0,0.0
274835,2025-12-27T03:00:00.000000000,3.3499999999999996,3.023,0.0,0.0,0.3247227457508223,0.0
274835,2025-12-27T04:00:00.000000000,3.3099999999999996,2.984,0.0,0.0,0.3247227457508223,0.0
274835,2025-12-27T05:00:00.000000000,3.221,2.9029999999999996,0.0,0.0,0.0,0.0
274835,2025-12-27T06:00:00.000000000,3.332,2.943,0.0,0.0,0.3247227457508223,0.0
274835,2025-12-27T07:00:00.000000000,3.496,2.8259999999999996,0.0,0.0,0.3247227457508223,0.0
274835,2025-12-27T08:00:00.000000000,3.283,2.5820000000000003,0.0,0.0,0.0,0.0
274835,2025-12-27T09:00:00.000000000,2.578,1.881,0.0,0.0,0.3247227457508223,0.0
274835,2025-12-27T10:00:00.000000000,1.857,1.1030000000000002,0.0,0.0,0.5454052615905055,0.0
274835,2025-12-27T11:00:00.000000000,1.839,0.835,0.0,0.0,6.456062604823883,0.0
274835,2025-12-27T12:00:00.000000000,1.098,0.206,0.0,0.0,5.068957229698755,0.0
274835,2025-12-27T13:00:00.000000000,1.6509999999999998,0.842,0.0,0.0,2.8410309542495225,0.0
274835,2025-12-27T14:00:00.000000000,1.677,0.973,0.0,0.0,2.8187575529164337,0.0
274835,2025-12-27T15:00:00.000000000,1.9740000000000002,1.1199999999999999,0.0,0.0,2.0394815773284947,0.0
274835,2025-12-27T16:00:00.000000000,1.9509999999999998,1.122,0.0,0.0,0.27812444559343885,0.0
274835,2025-12-27T17:00:00.000000000,2.988,1.951,0.0,0.0,0.32442967468065,0.0
274835,2025-12-27T18:00:00.000000000,3.7569999999999997,2.627,0.0,0.0,0.72535089867625,0.0
274835,2025-12-27T19:00:00.000000000,4.1259999999999994,3.0520000000000005,0.0,0.0,0.7109904162378111,0.0
274835,2025-12-27T20:00:00.000000000,4.399,3.444,0.0,0.0,0.32442967468065,0.0
274835,2025-12-27T21:00:00.000000000,4.555,3.707,0.0,0.0,0.3361525174875389,0.0
274835,2025-12-27T22:00:00.000000000,4.834,4.047,0.0,0.0,1.0518320708481057,0.0
274835,2025-12-27T23:00:00.000000000,4.630000000000001,4.011,0.0,0.0,0.7842581837808668,0.0
274835,2025-12-28T00:00:00.000000000,4.537000000000001,4.043,0.0,0.0,0.3247227457508223,0.0
274835,2025-12-28T01:00:00.000000000,4.529,4.093999999999999,0.0,0.0,0.3247227457508223,0.0
274835,2025-12-28T02:00:00.000000000,4.581,4.21,0.0,0.0,0.0,0.0
274835,2025-12-28T03:00:00.000000000,4.651,4.298,0.0,0.0,0.3247227457508223,0.0
274835,2025-12-28T04:00:00.000000000,4.556,4.205,0.0,0.0,0.3247227457508223,0.0
274835,2025-12-28T05:00:00.000000000,4.564,4.217,0.0,0.0,0.33644558855771106,0.0
274835,2025-12-28T06:00:00.000000000,4.56,4.212,0.0,0.0,0.3247227457508223,0.0
274835,2025-12-28T07:00:00.000000000,4.483,4.1370000000000005,0.0,0.0,0.0,0.0
274835,2025-12-28T08:00:00.000000000,4.012,3.676,0.0,0.0,0.3247227457508223,0.0
274835,2025-12-28T09:00:00.000000000,3.127,2.819,0.0,0.0,0.3247227457508223,0.0
274835,2025-12-28T10:00:00.000000000,2.125,1.855,0.0,0.0,0.0,0.0
274835,2025-12-28T11:00:00.000000000,1.645,1.3949999999999998,0.0,0.0,0.3247227457508223,0.0
274835,2025-12-28T12:00:00.000000000,1.582,1.332,0.0,0.0,0.3247227457508223,0.0
274835,2025-12-28T13:00:00.000000000,1.559,1.31,0.0,0.0,0.0,0.0
274835,2025-12-28T14:00:00.000000000,1.557,1.309,0.0,0.0,0.32442967468065,0.0
274835,2025-12-28T15:00:00.000000000,1.5890000000000002,1.34,0.0,0.0,0.32442967468065,0.0
274835,2025-12-28T16:00:00.000000000,1.64,1.387,0.0,0.0,0.0,0.0
274835,2025-12-28T17:00:00.000000000,1.8499999999999999,1.562,0.0,0.0,0.32442967468065,0.0
274835,2025-12-28T18:00:00.000000000,1.9729999999999999,1.4849999999999999,0.0,0.0,0.32442967468065,0.0
274835,2025-12-28T19:00:00.000000000,2.385,1.365,0.0,0.0,0.0,0.0
274835,2025-12-28T20:00:00.000000000,2.2520000000000002,1.364,0.0,0.0,0.32442967468065,0.0
274835,2025-12-28T21:00:00.000000000,2.126,1.3510000000000002,0.0,0.0,0.32442967468065,0.0
274835,2025-12-28T22:00:00.000000000,1.8820000000000001,1.367,0.0,0.0,1.8718449251899831,0.0
274835,2025-12-28T23:00:00.000000000,1.6179999999999999,1.3330000000000002,0.0,0.0,1.3449031410203276,0.0
274835,2025-12-29T00:00:00.000000000,1.571,1.303,0.0,0.0,0.09173124496390556,0.0
274835,2025-12-29T01:00:00.000000000,1.528,1.2630000000000001,0.0,0.0,0.3361525174875389,0.0
274835,2025-12-29T02:00:00.000000000,1.475,1.21,0.0,0.0,0.32442967468065,0.0
274835,2025-12-29T03:00:00.000000000,1.4769999999999999,1.214,0.0,0.0,0.0,0.0
274835,2025-12-29T04:00:00.000000000,1.496,1.2329999999999999,0.0,0.0,0.32442967468065,0.0
274835,2025-12-29T05:00:00.000000000,1.5019999999999998,1.24,0.0,0.0,0.32442967468065,0.0
274835,2025-12-29T06:00:00.000000000,1.5270000000000001,1.263,0.0,0.0,0.0,0.0
274835,2025-12-29T07:00:00.000000000,1.564,1.302,0.0,0.0,0.32442967468065,0.0
274835,2025-12-29T08:00:00.000000000,1.566,1.304,0.0,0.0,0.32442967468065,0.0
274835,2025-12-29T09:00:00.000000000,1.543,1.284,0.0,0.0,0.0,0.0
274835,2025-12-29T10:00:00.000000000,1.48,1.226,0.0,0.0,0.32442967468065,0.0
274835,2025-12-29T11:00:00.000000000,1.42,1.1709999999999998,0.0,0.0,0.32442967468065,0.0
274835,2025-12-29T12:00:00.000000000,1.37,1.121,0.0,0.0,0.0,0.0
274835,2025-12-29T13:00:00.000000000,1.332,1.084,0.0,0.0,0.32442967468065,0.0
274835,2025-12-29T14:00:00.000000000,1.304,1.056,0.0,0.0,0.32442967468065,0.0
274835,2025-12-29T15:00:00.000000000,1.32,1.072,0.0,0.0,0.0,0.0
274835,2025-12-29T16:00:00.000000000,1.3780000000000001,1.1260000000000001,0.0,0.0,0.6682020399926667,0.0
274835,2025-12-29T17:00:00.000000000,2.19,1.1729999999999998,0.0,0.0,0.8543021695520278,0.0
274835,2025-12-29T18:00:00.000000000,2.2260000000000004,1.1390000000000002,0.0,0.0,0.32442967468065,0.0
274835,2025-12-29T19:00:00.000000000,2.125,1.109,0.0,0.0,0.32442967468065,0.0
274835,2025-12-29T20:00:00.000000000,1.98,1.096,0.0,0.0,0.7109904162378111,0.0
274835,2025-12-29T21:00:00.000000000,1.883,1.1110000000000002,0.0,0.0,0.32442967468065,0.0
274835,2025-12-29T22:00:00.000000000,1.653,1.143,0.0,0.0,1.1593891536013112,0.0
274835,2025-12-29T23:00:00.000000000,1.4,1.117,0.0,0.0,0.6183799580633889,0.0
274835,2025-12-30T00:00:00.000000000,1.4059999999999997,1.137,0.0,0.0,0.0,0.0
274835,2025-12-30T01:00:00.000000000,1.5,1.234,0.0,0.0,0.32442967468065,0.0
274835,2025-12-30T02:00:00.000000000,1.5910000000000002,1.327,0.0,0.0,0.32442967468065,0.0
274835,2025-12-30T03:00:00.000000000,1.655,1.392,0.0,0.0,0.0,0.0
274835,2025-12-30T04:00:00.000000000,1.721,1.457,0.0,0.0,0.32442967468065,0.0
274835,2025-12-30T05:00:00.000000000,1.85,1.5550000000000002,0.0,0.0,0.32442967468065,0.0
274835,2025-12-30T06:00:00.000000000,2.035,1.484,0.0,0.0,1.206573595899039,0.0
274835,2025-12-30T07:00:00.000000000,2.1470000000000002,1.5260000000000002,0.0,0.0,1.0861213860582555,0.0
274835,2025-12-30T08:00:00.000000000,2.044,1.387,0.0,0.0,0.6931130809573056,0.0
274835,2025-12-30T09:00:00.000000000,1.888,1.225,0.0,0.0,1.5515182454917444,0.0
274835,2025-12-30T10:00:00.000000000,1.465,1.1099999999999999,0.0,0.0,1.4937832446678168,0.0
274835,2025-12-30T11:00:00.000000000,1.3030000000000002,1.054,0.0,0.0,0.32442967468065,0.0
274835,2025-12-30T12:00:00.000000000,1.27,1.022,0.0,0.0,0.0,0.0
274835,2025-12-30T13:00:00.000000000,1.2109999999999999,0.963,0.0,0.0,0.3352733042770222,0.0
274835,2025-12-30T14:00:00.000000000,1.2049999999999998,0.957,0.0,0.0,0.32442967468065,0.0
274835,2025-12-30T15:00:00.000000000,1.3570000000000002,1.109,0.0,0.0,0.32442967468065,0.0
274835,2025-12-30T16:00:00.000000000,1.673,1.4180000000000001,0.0,0.0,0.0,0.0
274835,2025-12-30T17:00:00.000000000,2.585,2.082,0.0,0.0,0.32442967468065,0.0
274835,2025-12-30T18:00:00.000000000,3.328,2.215,0.0,0.0,0.7065943501852278,0.0
274835,2025-12-30T19:00:00.000000000,3.447,2.4,0.0,0.0,0.32442967468065,0.0
274835,2025-12-30T20:00:00.000000000,3.564,2.6430000000000002,0.0,0.0,0.0,0.0
274835,2025-12-30T21:00:00.000000000,3.684,2.8689999999999998,0.0,0.0,0.32442967468065,0.0
274835,2025-12-30T22:00:00.000000000,3.639,3.169,0.0,0.0,0.32442967468065,0.0
274835,2025-12-30T23:00:00.000000000,3.641,3.303,0.0,0.0,0.32442967468065,0.0
274835,2025-12-31T00:00:00.000000000,3.724,3.399,0.0,0.0,0.32442967468065,0.0
274835,2025-12-31T01:00:00.000000000,3.8890000000000002,3.562,0.0,0.0,0.0,0.0
274835,2025-12-31T02:00:00.000000000,4.058,3.7270000000000003,0.0,0.0,0.32442967468065,0.0
274835,2025-12-31T03:00:00.000000000,4.285,3.949,0.0,0.0,0.3247227457508223,0.0
274835,2025-12-31T04:00:00.000000000,4.482,4.143,0.0,0.0,0.0,0.0
274835,2025-12-31T05:00:00.000000000,4.53,4.191999999999999,0.0,0.0,0.3247227457508223,0.0
274835,2025-12-31T06:00:00.000000000,4.579,4.242,0.0,0.0,0.3247227457508223,0.0
274835,2025-12-31T07:00:00.000000000,4.548,4.21,0.0,0.0,0.0,0.0
274835,2025-12-31T08:00:00.000000000,4.784000000000001,4.441,0.0,0.0,0.3247227457508223,0.0
274835,2025-12-31T09:00:00.000000000,5.263,4.708,0.0,0.0,0.7054220659045389,0.0
274835,2025-12-31T10:00:00.000000000,5.446,4.699999999999999,0.0,0.0,0.3247227457508223,0.0
274835,2025-12-31T11:00:00.000000000,5.385,4.746,0.0,0.0,0.3247227457508223,0.0
274835,2025-12-31T12:00:00.000000000,5.424,4.692,0.0,0.0,0.0,0.0
274835,2025-12-31T13:00:00.000000000,5.313,4.585,0.0,0.0,0.7218340458341833,0.0
274835,2025-12-31T14:00:00.000000000,5.303,4.571,0.0,0.0,0.7024913552028167,0.0
274835,2025-12-31T15:00:00.000000000,5.481999999999999,4.687,0.0,0.0,0.3478753602944278,0.0
274835,2025-12-31T16:00:00.000000000,5.765,4.8420000000000005,0.0,0.0,1.5849283474913778,0.0
274835,2025-12-31T17:00:00.000000000,6.514,5.39,0.0,0.0,0.0,0.0
274835,2025-12-31T18:00:00.000000000,6.601,5.407,0.0,0.0,0.3247227457508223,0.0
274835,2025-12-31T19:00:00.000000000,6.752000000000001,5.624,0.0,0.0,0.33644558855771106,0.0
274835,2025-12-31T20:00:00.000000000,6.956,5.955,0.0,0.0,0.3247227457508223,0.0
274835,2025-12-31T21:00:00.000000000,7.182,6.286,0.0,0.0,0.3247227457508223,0.0
274835,2025-12-31T22:00:00.000000000,7.326,6.589,0.0,0.0,0.0,0.0
274835,2025-12-31T23:00:00.000000000,7.307,6.888999999999999,0.0,0.0,0.6743565324662834,0.0
